g ,
1e+100 , 0 , 0 , 0 , 0 , 0 , 0 , 0 , 0 , 0 , 0 , 0 , 0 , 0 , 0 , 0 , 0 , 0 , 0 , 0 , 0 , 0 , 0 , 0 , 0 , 0 , 0 , 0 , 0 , 0 , 0 , 0 , 0 , 
1e+100 , 1.02165 , 0 , 0 , 0 , 0 , 0 , 0 , 0 , 0 , 0 , 0 , 0 , 0 , 0 , 0 , 0 , 0 , 0 , 0 , 0 , 0 , 0 , 0 , 0 , 0 , 0 , 0 , 0 , 0 , 0 , 0 , 0 , 
1e+100 , 1.02165 , 1.02165 , 0 , 0 , 0 , 0 , 0 , 0 , 0 , 0 , 0 , 0 , 0 , 0 , 0 , 0 , 0 , 0 , 0 , 0 , 0 , 0 , 0 , 0 , 0 , 0 , 0 , 0 , 0 , 0 , 0 , 0 , 
1e+100 , 1.02165 , 1.02165 , 1.02165 , 0 , 0 , 0 , 0 , 0 , 0 , 0 , 0 , 0 , 0 , 0 , 0 , 0 , 0 , 0 , 0 , 0 , 0 , 0 , 0 , 0 , 0 , 0 , 0 , 0 , 0 , 0 , 0 , 0 , 
1e+100 , 1.02895 , 1.02895 , 0.919983 , 0.919983 , 0 , 0 , 0 , 0 , 0 , 0 , 0 , 0 , 0 , 0 , 0 , 0 , 0 , 0 , 0 , 0 , 0 , 0 , 0 , 0 , 0 , 0 , 0 , 0 , 0 , 0 , 0 , 0 , 
1e+100 , 1.03626 , 1.03626 , 0.92729 , 0.818319 , 0.818319 , 0 , 0 , 0 , 0 , 0 , 0 , 0 , 0 , 0 , 0 , 0 , 0 , 0 , 0 , 0 , 0 , 0 , 0 , 0 , 0 , 0 , 0 , 0 , 0 , 0 , 0 , 0 , 
1e+100 , 1.04392 , 1.04392 , 0.939701 , 0.835485 , 0.862147 , 0.862147 , 0 , 0 , 0 , 0 , 0 , 0 , 0 , 0 , 0 , 0 , 0 , 0 , 0 , 0 , 0 , 0 , 0 , 0 , 0 , 0 , 0 , 0 , 0 , 0 , 0 , 0 , 
1e+100 , 1.05157 , 1.05157 , 0.952111 , 0.852652 , 0.879313 , 0.905974 , 0.905974 , 0 , 0 , 0 , 0 , 0 , 0 , 0 , 0 , 0 , 0 , 0 , 0 , 0 , 0 , 0 , 0 , 0 , 0 , 0 , 0 , 0 , 0 , 0 , 0 , 0 , 
1e+100 , 1.05963 , 1.05963 , 0.96471 , 0.869792 , 0.891829 , 0.913866 , 0.8595 , 0.8595 , 0 , 0 , 0 , 0 , 0 , 0 , 0 , 0 , 0 , 0 , 0 , 0 , 0 , 0 , 0 , 0 , 0 , 0 , 0 , 0 , 0 , 0 , 0 , 0 , 
1e+100 , 1.06769 , 1.06769 , 0.977309 , 0.886932 , 0.904345 , 0.921757 , 0.867391 , 0.813026 , 0.813026 , 0 , 0 , 0 , 0 , 0 , 0 , 0 , 0 , 0 , 0 , 0 , 0 , 0 , 0 , 0 , 0 , 0 , 0 , 0 , 0 , 0 , 0 , 0 , 
1e+100 , 1.07609 , 1.07609 , 0.990055 , 0.904025 , 0.916848 , 0.929671 , 0.876683 , 0.823694 , 0.804315 , 0.804315 , 0 , 0 , 0 , 0 , 0 , 0 , 0 , 0 , 0 , 0 , 0 , 0 , 0 , 0 , 0 , 0 , 0 , 0 , 0 , 0 , 0 , 0 , 
1e+100 , 1.08449 , 1.08449 , 1.0028 , 0.921118 , 0.929352 , 0.937586 , 0.885974 , 0.834363 , 0.814984 , 0.795604 , 0.795604 , 0 , 0 , 0 , 0 , 0 , 0 , 0 , 0 , 0 , 0 , 0 , 0 , 0 , 0 , 0 , 0 , 0 , 0 , 0 , 0 , 0 , 
1e+100 , 1.09313 , 1.09313 , 1.01563 , 0.938134 , 0.941837 , 0.945541 , 0.895287 , 0.845034 , 0.824888 , 0.804742 , 0.775844 , 0.775844 , 0 , 0 , 0 , 0 , 0 , 0 , 0 , 0 , 0 , 0 , 0 , 0 , 0 , 0 , 0 , 0 , 0 , 0 , 0 , 0 , 
1e+100 , 1.10178 , 1.10178 , 1.02847 , 0.95515 , 0.954323 , 0.953496 , 0.904601 , 0.855705 , 0.834792 , 0.813879 , 0.784981 , 0.756084 , 0.756084 , 0 , 0 , 0 , 0 , 0 , 0 , 0 , 0 , 0 , 0 , 0 , 0 , 0 , 0 , 0 , 0 , 0 , 0 , 0 , 
1e+100 , 1.11061 , 1.11061 , 1.04135 , 0.972082 , 0.966797 , 0.961512 , 0.91395 , 0.866388 , 0.844705 , 0.823023 , 0.793666 , 0.764309 , 0.740748 , 0.740748 , 0 , 0 , 0 , 0 , 0 , 0 , 0 , 0 , 0 , 0 , 0 , 0 , 0 , 0 , 0 , 0 , 0 , 0 , 
1e+100 , 1.11944 , 1.11944 , 1.05423 , 0.989015 , 0.979271 , 0.969527 , 0.923299 , 0.87707 , 0.854619 , 0.832167 , 0.802351 , 0.772534 , 0.748972 , 0.725411 , 0.725411 , 0 , 0 , 0 , 0 , 0 , 0 , 0 , 0 , 0 , 0 , 0 , 0 , 0 , 0 , 0 , 0 , 0 , 
1e+100 , 1.12842 , 1.12842 , 1.06715 , 1.00588 , 0.991752 , 0.977625 , 0.932701 , 0.887777 , 0.864554 , 0.841332 , 0.811048 , 0.780764 , 0.755835 , 0.730905 , 0.719424 , 0.719424 , 0 , 0 , 0 , 0 , 0 , 0 , 0 , 0 , 0 , 0 , 0 , 0 , 0 , 0 , 0 , 0 , 
1e+100 , 1.1374 , 1.1374 , 1.08007 , 1.02274 , 1.00423 , 0.985723 , 0.942103 , 0.898484 , 0.87449 , 0.850496 , 0.819746 , 0.788995 , 0.762697 , 0.736398 , 0.724917 , 0.713437 , 0.713437 , 0 , 0 , 0 , 0 , 0 , 0 , 0 , 0 , 0 , 0 , 0 , 0 , 0 , 0 , 0 , 
1e+100 , 1.14652 , 1.14652 , 1.09305 , 1.03957 , 1.01674 , 0.993918 , 0.951572 , 0.909227 , 0.884459 , 0.859691 , 0.828466 , 0.79724 , 0.769568 , 0.741895 , 0.727734 , 0.713573 , 0.693071 , 0.693071 , 0 , 0 , 0 , 0 , 0 , 0 , 0 , 0 , 0 , 0 , 0 , 0 , 0 , 0 , 
1e+100 , 1.15565 , 1.15565 , 1.10602 , 1.05639 , 1.02925 , 1.00211 , 0.961041 , 0.919969 , 0.894428 , 0.868886 , 0.837186 , 0.805485 , 0.776438 , 0.747391 , 0.73055 , 0.713709 , 0.693207 , 0.672705 , 0.672705 , 0 , 0 , 0 , 0 , 0 , 0 , 0 , 0 , 0 , 0 , 0 , 0 , 0 , 
1e+100 , 1.16489 , 1.16489 , 1.11904 , 1.07319 , 1.0418 , 1.0104 , 0.970577 , 0.930751 , 0.904433 , 0.878115 , 0.845931 , 0.813747 , 0.783321 , 0.752894 , 0.733371 , 0.713848 , 0.692108 , 0.670368 , 0.654983 , 0.654983 , 0 , 0 , 0 , 0 , 0 , 0 , 0 , 0 , 0 , 0 , 0 , 0 , 
1e+100 , 1.17413 , 1.17413 , 1.13206 , 1.08999 , 1.05434 , 1.01869 , 0.980113 , 0.941532 , 0.914437 , 0.887343 , 0.854676 , 0.82201 , 0.790203 , 0.758396 , 0.736191 , 0.713986 , 0.691009 , 0.668031 , 0.652647 , 0.637262 , 0.637262 , 0 , 0 , 0 , 0 , 0 , 0 , 0 , 0 , 0 , 0 , 0 , 
1e+100 , 1.18346 , 1.18346 , 1.14512 , 1.10679 , 1.06693 , 1.02707 , 0.989708 , 0.952347 , 0.924474 , 0.896602 , 0.863446 , 0.83029 , 0.797099 , 0.763908 , 0.73902 , 0.714132 , 0.689914 , 0.665697 , 0.649716 , 0.633735 , 0.636452 , 0.636452 , 0 , 0 , 0 , 0 , 0 , 0 , 0 , 0 , 0 , 0 , 
1e+100 , 1.19279 , 1.19279 , 1.15819 , 1.12358 , 1.07951 , 1.03544 , 0.999303 , 0.963162 , 0.934511 , 0.905861 , 0.872216 , 0.838571 , 0.803996 , 0.76942 , 0.741849 , 0.714278 , 0.68882 , 0.663363 , 0.646786 , 0.630208 , 0.632925 , 0.635642 , 0.635642 , 0 , 0 , 0 , 0 , 0 , 0 , 0 , 0 , 0 , 
1e+100 , 1.20218 , 1.20218 , 1.17127 , 1.14036 , 1.09212 , 1.04388 , 1.00894 , 0.974001 , 0.944571 , 0.915141 , 0.881004 , 0.846866 , 0.810904 , 0.774942 , 0.744688 , 0.714433 , 0.687733 , 0.661033 , 0.643857 , 0.626682 , 0.627558 , 0.628434 , 0.629132 , 0.629132 , 0 , 0 , 0 , 0 , 0 , 0 , 0 , 0 , 
1e+100 , 1.21158 , 1.21158 , 1.18436 , 1.15715 , 1.10473 , 1.05232 , 1.01858 , 0.984839 , 0.954631 , 0.924422 , 0.889792 , 0.855161 , 0.817813 , 0.780464 , 0.747526 , 0.714588 , 0.686646 , 0.658703 , 0.640929 , 0.623155 , 0.62219 , 0.621226 , 0.621924 , 0.622622 , 0.622622 , 0 , 0 , 0 , 0 , 0 , 0 , 0 , 
1e+100 , 1.22099 , 1.22099 , 1.19746 , 1.17393 , 1.11736 , 1.06079 , 1.02824 , 0.995691 , 0.964704 , 0.933716 , 0.898591 , 0.863466 , 0.82473 , 0.785994 , 0.750373 , 0.714752 , 0.685565 , 0.656378 , 0.638003 , 0.619629 , 0.616823 , 0.614018 , 0.614206 , 0.614394 , 0.61612 , 0.61612 , 0 , 0 , 0 , 0 , 0 , 0 , 
1e+100 , 1.23041 , 1.23041 , 1.21056 , 1.19071 , 1.12999 , 1.06927 , 1.0379 , 1.00654 , 0.974776 , 0.94301 , 0.90739 , 0.87177 , 0.831647 , 0.791523 , 0.753219 , 0.714915 , 0.684484 , 0.654053 , 0.635078 , 0.616102 , 0.611456 , 0.60681 , 0.606488 , 0.606166 , 0.607892 , 0.609619 , 0.609619 , 0 , 0 , 0 , 0 , 0 , 
1e+100 , 1.23984 , 1.23984 , 1.22366 , 1.20748 , 1.14262 , 1.07776 , 1.04758 , 1.0174 , 0.984855 , 0.95231 , 0.916194 , 0.880079 , 0.838569 , 0.797058 , 0.756071 , 0.715084 , 0.683408 , 0.651732 , 0.632155 , 0.612577 , 0.60609 , 0.599603 , 0.59877 , 0.597938 , 0.59904 , 0.600142 , 0.605444 , 0.605444 , 0 , 0 , 0 , 0 , 
1e+100 , 1.24927 , 1.24927 , 1.23676 , 1.22426 , 1.15525 , 1.08625 , 1.05725 , 1.02826 , 0.994933 , 0.961609 , 0.924999 , 0.888389 , 0.845491 , 0.802592 , 0.758923 , 0.715254 , 0.682332 , 0.649411 , 0.629231 , 0.609052 , 0.600724 , 0.592396 , 0.591053 , 0.58971 , 0.590188 , 0.590666 , 0.595968 , 0.60127 , 0.60127 , 0 , 0 , 0 , 
1e+100 , 1.2587 , 1.2587 , 1.24987 , 1.24104 , 1.16789 , 1.09475 , 1.06693 , 1.03912 , 1.00501 , 0.970911 , 0.933806 , 0.8967 , 0.852415 , 0.80813 , 0.761778 , 0.715427 , 0.681259 , 0.647092 , 0.62631 , 0.605528 , 0.595358 , 0.585189 , 0.583336 , 0.581483 , 0.581336 , 0.58119 , 0.585716 , 0.590243 , 0.601775 , 0.601775 , 0 , 0 , 
1e+100 , 1.26813 , 1.26813 , 1.26297 , 1.25781 , 1.18053 , 1.10325 , 1.07661 , 1.04997 , 1.01509 , 0.980213 , 0.942613 , 0.905012 , 0.85934 , 0.813668 , 0.764634 , 0.7156 , 0.680186 , 0.644773 , 0.623388 , 0.602003 , 0.589993 , 0.577982 , 0.575619 , 0.573255 , 0.572484 , 0.571714 , 0.575465 , 0.579215 , 0.590747 , 0.602279 , 0.602279 , 0 , 
1e+100 , 1.26813 , 1.26813 , 1.26297 , 1.25781 , 1.18053 , 1.10325 , 1.07661 , 1.04997 , 1.01509 , 0.980213 , 0.942613 , 0.905012 , 0.85934 , 0.813668 , 0.764634 , 0.7156 , 0.680186 , 0.644773 , 0.623388 , 0.602003 , 0.589993 , 0.577982 , 0.575619 , 0.573255 , 0.572484 , 0.571714 , 0.575465 , 0.579215 , 0.590747 , 0.602279 , 0.602279 , 0.602279 , 

h ,
1e+100 , 0 , 0 , 0 , 0 , 0 , 0 , 0 , 0 , 0 , 0 , 0 , 0 , 0 , 0 , 0 , 0 , 0 , 0 , 0 , 0 , 0 , 0 , 0 , 0 , 0 , 0 , 0 , 0 , 0 , 0 , 0 , 0 , 
1e+100 , 0.120859 , 0 , 0 , 0 , 0 , 0 , 0 , 0 , 0 , 0 , 0 , 0 , 0 , 0 , 0 , 0 , 0 , 0 , 0 , 0 , 0 , 0 , 0 , 0 , 0 , 0 , 0 , 0 , 0 , 0 , 0 , 0 , 
1e+100 , 0.154783 , 0.120859 , 0 , 0 , 0 , 0 , 0 , 0 , 0 , 0 , 0 , 0 , 0 , 0 , 0 , 0 , 0 , 0 , 0 , 0 , 0 , 0 , 0 , 0 , 0 , 0 , 0 , 0 , 0 , 0 , 0 , 0 , 
1e+100 , 0.166254 , 0.154783 , 0.120859 , 0 , 0 , 0 , 0 , 0 , 0 , 0 , 0 , 0 , 0 , 0 , 0 , 0 , 0 , 0 , 0 , 0 , 0 , 0 , 0 , 0 , 0 , 0 , 0 , 0 , 0 , 0 , 0 , 0 , 
1e+100 , 0.166418 , 0.166254 , 0.154783 , 0.120859 , 0 , 0 , 0 , 0 , 0 , 0 , 0 , 0 , 0 , 0 , 0 , 0 , 0 , 0 , 0 , 0 , 0 , 0 , 0 , 0 , 0 , 0 , 0 , 0 , 0 , 0 , 0 , 0 , 
1e+100 , 0.161502 , 0.166418 , 0.166254 , 0.154783 , 0.120859 , 0 , 0 , 0 , 0 , 0 , 0 , 0 , 0 , 0 , 0 , 0 , 0 , 0 , 0 , 0 , 0 , 0 , 0 , 0 , 0 , 0 , 0 , 0 , 0 , 0 , 0 , 0 , 
1e+100 , 0.154851 , 0.161502 , 0.166418 , 0.166254 , 0.154783 , 0.120859 , 0 , 0 , 0 , 0 , 0 , 0 , 0 , 0 , 0 , 0 , 0 , 0 , 0 , 0 , 0 , 0 , 0 , 0 , 0 , 0 , 0 , 0 , 0 , 0 , 0 , 0 , 
1e+100 , 0.148151 , 0.154851 , 0.161502 , 0.166418 , 0.166254 , 0.154783 , 0.120859 , 0 , 0 , 0 , 0 , 0 , 0 , 0 , 0 , 0 , 0 , 0 , 0 , 0 , 0 , 0 , 0 , 0 , 0 , 0 , 0 , 0 , 0 , 0 , 0 , 0 , 
1e+100 , 0.142163 , 0.148151 , 0.154851 , 0.161502 , 0.166418 , 0.166254 , 0.154783 , 0.120859 , 0 , 0 , 0 , 0 , 0 , 0 , 0 , 0 , 0 , 0 , 0 , 0 , 0 , 0 , 0 , 0 , 0 , 0 , 0 , 0 , 0 , 0 , 0 , 0 , 
1e+100 , 0.137149 , 0.142163 , 0.148151 , 0.154851 , 0.161502 , 0.166418 , 0.166254 , 0.154783 , 0.120859 , 0 , 0 , 0 , 0 , 0 , 0 , 0 , 0 , 0 , 0 , 0 , 0 , 0 , 0 , 0 , 0 , 0 , 0 , 0 , 0 , 0 , 0 , 0 , 
1e+100 , 0.133121 , 0.137149 , 0.142163 , 0.148151 , 0.154851 , 0.161502 , 0.166418 , 0.166254 , 0.154783 , 0.120859 , 0 , 0 , 0 , 0 , 0 , 0 , 0 , 0 , 0 , 0 , 0 , 0 , 0 , 0 , 0 , 0 , 0 , 0 , 0 , 0 , 0 , 0 , 
1e+100 , 0.129975 , 0.133121 , 0.137149 , 0.142163 , 0.148151 , 0.154851 , 0.161502 , 0.166418 , 0.166254 , 0.154783 , 0.120859 , 0 , 0 , 0 , 0 , 0 , 0 , 0 , 0 , 0 , 0 , 0 , 0 , 0 , 0 , 0 , 0 , 0 , 0 , 0 , 0 , 0 , 
1e+100 , 0.127568 , 0.129975 , 0.133121 , 0.137149 , 0.142163 , 0.148151 , 0.154851 , 0.161502 , 0.166418 , 0.166254 , 0.154783 , 0.120859 , 0 , 0 , 0 , 0 , 0 , 0 , 0 , 0 , 0 , 0 , 0 , 0 , 0 , 0 , 0 , 0 , 0 , 0 , 0 , 0 , 
1e+100 , 0.125756 , 0.127568 , 0.129975 , 0.133121 , 0.137149 , 0.142163 , 0.148151 , 0.154851 , 0.161502 , 0.166418 , 0.166254 , 0.154783 , 0.120859 , 0 , 0 , 0 , 0 , 0 , 0 , 0 , 0 , 0 , 0 , 0 , 0 , 0 , 0 , 0 , 0 , 0 , 0 , 0 , 
1e+100 , 0.124409 , 0.125756 , 0.127568 , 0.129975 , 0.133121 , 0.137149 , 0.142163 , 0.148151 , 0.154851 , 0.161502 , 0.166418 , 0.166254 , 0.154783 , 0.120859 , 0 , 0 , 0 , 0 , 0 , 0 , 0 , 0 , 0 , 0 , 0 , 0 , 0 , 0 , 0 , 0 , 0 , 0 , 
1e+100 , 0.123417 , 0.124409 , 0.125756 , 0.127568 , 0.129975 , 0.133121 , 0.137149 , 0.142163 , 0.148151 , 0.154851 , 0.161502 , 0.166418 , 0.166254 , 0.154783 , 0.120859 , 0 , 0 , 0 , 0 , 0 , 0 , 0 , 0 , 0 , 0 , 0 , 0 , 0 , 0 , 0 , 0 , 0 , 
1e+100 , 0.122693 , 0.123417 , 0.124409 , 0.125756 , 0.127568 , 0.129975 , 0.133121 , 0.137149 , 0.142163 , 0.148151 , 0.154851 , 0.161502 , 0.166418 , 0.166254 , 0.154783 , 0.120859 , 0 , 0 , 0 , 0 , 0 , 0 , 0 , 0 , 0 , 0 , 0 , 0 , 0 , 0 , 0 , 0 , 
1e+100 , 0.122168 , 0.122693 , 0.123417 , 0.124409 , 0.125756 , 0.127568 , 0.129975 , 0.133121 , 0.137149 , 0.142163 , 0.148151 , 0.154851 , 0.161502 , 0.166418 , 0.166254 , 0.154783 , 0.120859 , 0 , 0 , 0 , 0 , 0 , 0 , 0 , 0 , 0 , 0 , 0 , 0 , 0 , 0 , 0 , 
1e+100 , 0.12179 , 0.122168 , 0.122693 , 0.123417 , 0.124409 , 0.125756 , 0.127568 , 0.129975 , 0.133121 , 0.137149 , 0.142163 , 0.148151 , 0.154851 , 0.161502 , 0.166418 , 0.166254 , 0.154783 , 0.120859 , 0 , 0 , 0 , 0 , 0 , 0 , 0 , 0 , 0 , 0 , 0 , 0 , 0 , 0 , 
1e+100 , 0.121518 , 0.12179 , 0.122168 , 0.122693 , 0.123417 , 0.124409 , 0.125756 , 0.127568 , 0.129975 , 0.133121 , 0.137149 , 0.142163 , 0.148151 , 0.154851 , 0.161502 , 0.166418 , 0.166254 , 0.154783 , 0.120859 , 0 , 0 , 0 , 0 , 0 , 0 , 0 , 0 , 0 , 0 , 0 , 0 , 0 , 
1e+100 , 0.121325 , 0.121518 , 0.12179 , 0.122168 , 0.122693 , 0.123417 , 0.124409 , 0.125756 , 0.127568 , 0.129975 , 0.133121 , 0.137149 , 0.142163 , 0.148151 , 0.154851 , 0.161502 , 0.166418 , 0.166254 , 0.154783 , 0.120859 , 0 , 0 , 0 , 0 , 0 , 0 , 0 , 0 , 0 , 0 , 0 , 0 , 
1e+100 , 0.121187 , 0.121325 , 0.121518 , 0.12179 , 0.122168 , 0.122693 , 0.123417 , 0.124409 , 0.125756 , 0.127568 , 0.129975 , 0.133121 , 0.137149 , 0.142163 , 0.148151 , 0.154851 , 0.161502 , 0.166418 , 0.166254 , 0.154783 , 0.120859 , 0 , 0 , 0 , 0 , 0 , 0 , 0 , 0 , 0 , 0 , 0 , 
1e+100 , 0.12109 , 0.121187 , 0.121325 , 0.121518 , 0.12179 , 0.122168 , 0.122693 , 0.123417 , 0.124409 , 0.125756 , 0.127568 , 0.129975 , 0.133121 , 0.137149 , 0.142163 , 0.148151 , 0.154851 , 0.161502 , 0.166418 , 0.166254 , 0.154783 , 0.120859 , 0 , 0 , 0 , 0 , 0 , 0 , 0 , 0 , 0 , 0 , 
1e+100 , 0.121021 , 0.12109 , 0.121187 , 0.121325 , 0.121518 , 0.12179 , 0.122168 , 0.122693 , 0.123417 , 0.124409 , 0.125756 , 0.127568 , 0.129975 , 0.133121 , 0.137149 , 0.142163 , 0.148151 , 0.154851 , 0.161502 , 0.166418 , 0.166254 , 0.154783 , 0.120859 , 0 , 0 , 0 , 0 , 0 , 0 , 0 , 0 , 0 , 
1e+100 , 0.120972 , 0.121021 , 0.12109 , 0.121187 , 0.121325 , 0.121518 , 0.12179 , 0.122168 , 0.122693 , 0.123417 , 0.124409 , 0.125756 , 0.127568 , 0.129975 , 0.133121 , 0.137149 , 0.142163 , 0.148151 , 0.154851 , 0.161502 , 0.166418 , 0.166254 , 0.154783 , 0.120859 , 0 , 0 , 0 , 0 , 0 , 0 , 0 , 0 , 
1e+100 , 0.120938 , 0.120972 , 0.121021 , 0.12109 , 0.121187 , 0.121325 , 0.121518 , 0.12179 , 0.122168 , 0.122693 , 0.123417 , 0.124409 , 0.125756 , 0.127568 , 0.129975 , 0.133121 , 0.137149 , 0.142163 , 0.148151 , 0.154851 , 0.161502 , 0.166418 , 0.166254 , 0.154783 , 0.120859 , 0 , 0 , 0 , 0 , 0 , 0 , 0 , 
1e+100 , 0.120914 , 0.120938 , 0.120972 , 0.121021 , 0.12109 , 0.121187 , 0.121325 , 0.121518 , 0.12179 , 0.122168 , 0.122693 , 0.123417 , 0.124409 , 0.125756 , 0.127568 , 0.129975 , 0.133121 , 0.137149 , 0.142163 , 0.148151 , 0.154851 , 0.161502 , 0.166418 , 0.166254 , 0.154783 , 0.120859 , 0 , 0 , 0 , 0 , 0 , 0 , 
1e+100 , 0.120898 , 0.120914 , 0.120938 , 0.120972 , 0.121021 , 0.12109 , 0.121187 , 0.121325 , 0.121518 , 0.12179 , 0.122168 , 0.122693 , 0.123417 , 0.124409 , 0.125756 , 0.127568 , 0.129975 , 0.133121 , 0.137149 , 0.142163 , 0.148151 , 0.154851 , 0.161502 , 0.166418 , 0.166254 , 0.154783 , 0.120859 , 0 , 0 , 0 , 0 , 0 , 
1e+100 , 0.120886 , 0.120898 , 0.120914 , 0.120938 , 0.120972 , 0.121021 , 0.12109 , 0.121187 , 0.121325 , 0.121518 , 0.12179 , 0.122168 , 0.122693 , 0.123417 , 0.124409 , 0.125756 , 0.127568 , 0.129975 , 0.133121 , 0.137149 , 0.142163 , 0.148151 , 0.154851 , 0.161502 , 0.166418 , 0.166254 , 0.154783 , 0.120859 , 0 , 0 , 0 , 0 , 
1e+100 , 0.120878 , 0.120886 , 0.120898 , 0.120914 , 0.120938 , 0.120972 , 0.121021 , 0.12109 , 0.121187 , 0.121325 , 0.121518 , 0.12179 , 0.122168 , 0.122693 , 0.123417 , 0.124409 , 0.125756 , 0.127568 , 0.129975 , 0.133121 , 0.137149 , 0.142163 , 0.148151 , 0.154851 , 0.161502 , 0.166418 , 0.166254 , 0.154783 , 0.120859 , 0 , 0 , 0 , 
1e+100 , 0.120872 , 0.120878 , 0.120886 , 0.120898 , 0.120914 , 0.120938 , 0.120972 , 0.121021 , 0.12109 , 0.121187 , 0.121325 , 0.121518 , 0.12179 , 0.122168 , 0.122693 , 0.123417 , 0.124409 , 0.125756 , 0.127568 , 0.129975 , 0.133121 , 0.137149 , 0.142163 , 0.148151 , 0.154851 , 0.161502 , 0.166418 , 0.166254 , 0.154783 , 0.120859 , 0 , 0 , 
1e+100 , 0.120868 , 0.120872 , 0.120878 , 0.120886 , 0.120898 , 0.120914 , 0.120938 , 0.120972 , 0.121021 , 0.12109 , 0.121187 , 0.121325 , 0.121518 , 0.12179 , 0.122168 , 0.122693 , 0.123417 , 0.124409 , 0.125756 , 0.127568 , 0.129975 , 0.133121 , 0.137149 , 0.142163 , 0.148151 , 0.154851 , 0.161502 , 0.166418 , 0.166254 , 0.154783 , 0.120859 , 0 , 
1e+100 , 0.120866 , 0.120868 , 0.120872 , 0.120878 , 0.120886 , 0.120898 , 0.120914 , 0.120938 , 0.120972 , 0.121021 , 0.12109 , 0.121187 , 0.121325 , 0.121518 , 0.12179 , 0.122168 , 0.122693 , 0.123417 , 0.124409 , 0.125756 , 0.127568 , 0.129975 , 0.133121 , 0.137149 , 0.142163 , 0.148151 , 0.154851 , 0.161502 , 0.166418 , 0.166254 , 0.154783 , 0.120859 , 

h*g ,
1e+200 , 0 , 0 , 0 , 0 , 0 , 0 , 0 , 0 , 0 , 0 , 0 , 0 , 0 , 0 , 0 , 0 , 0 , 0 , 0 , 0 , 0 , 0 , 0 , 0 , 0 , 0 , 0 , 0 , 0 , 0 , 0 , 0 , 
1e+200 , 0.123476 , 0 , 0 , 0 , 0 , 0 , 0 , 0 , 0 , 0 , 0 , 0 , 0 , 0 , 0 , 0 , 0 , 0 , 0 , 0 , 0 , 0 , 0 , 0 , 0 , 0 , 0 , 0 , 0 , 0 , 0 , 0 , 
1e+200 , 0.158134 , 0.123476 , 0 , 0 , 0 , 0 , 0 , 0 , 0 , 0 , 0 , 0 , 0 , 0 , 0 , 0 , 0 , 0 , 0 , 0 , 0 , 0 , 0 , 0 , 0 , 0 , 0 , 0 , 0 , 0 , 0 , 0 , 
1e+200 , 0.169853 , 0.158134 , 0.123476 , 0 , 0 , 0 , 0 , 0 , 0 , 0 , 0 , 0 , 0 , 0 , 0 , 0 , 0 , 0 , 0 , 0 , 0 , 0 , 0 , 0 , 0 , 0 , 0 , 0 , 0 , 0 , 0 , 0 , 
1e+200 , 0.171237 , 0.171068 , 0.142398 , 0.111189 , 0 , 0 , 0 , 0 , 0 , 0 , 0 , 0 , 0 , 0 , 0 , 0 , 0 , 0 , 0 , 0 , 0 , 0 , 0 , 0 , 0 , 0 , 0 , 0 , 0 , 0 , 0 , 0 , 
1e+200 , 0.167359 , 0.172453 , 0.154166 , 0.126662 , 0.0989015 , 0 , 0 , 0 , 0 , 0 , 0 , 0 , 0 , 0 , 0 , 0 , 0 , 0 , 0 , 0 , 0 , 0 , 0 , 0 , 0 , 0 , 0 , 0 , 0 , 0 , 0 , 0 , 
1e+200 , 0.161651 , 0.168595 , 0.156383 , 0.138903 , 0.133446 , 0.104199 , 0 , 0 , 0 , 0 , 0 , 0 , 0 , 0 , 0 , 0 , 0 , 0 , 0 , 0 , 0 , 0 , 0 , 0 , 0 , 0 , 0 , 0 , 0 , 0 , 0 , 0 , 
1e+200 , 0.155791 , 0.162837 , 0.153768 , 0.141897 , 0.14619 , 0.14023 , 0.109496 , 0 , 0 , 0 , 0 , 0 , 0 , 0 , 0 , 0 , 0 , 0 , 0 , 0 , 0 , 0 , 0 , 0 , 0 , 0 , 0 , 0 , 0 , 0 , 0 , 0 , 
1e+200 , 0.15064 , 0.156985 , 0.149386 , 0.140473 , 0.148417 , 0.151934 , 0.133036 , 0.103879 , 0 , 0 , 0 , 0 , 0 , 0 , 0 , 0 , 0 , 0 , 0 , 0 , 0 , 0 , 0 , 0 , 0 , 0 , 0 , 0 , 0 , 0 , 0 , 0 , 
1e+200 , 0.146432 , 0.151785 , 0.144789 , 0.137342 , 0.146054 , 0.153397 , 0.144208 , 0.125843 , 0.0982618 , 0 , 0 , 0 , 0 , 0 , 0 , 0 , 0 , 0 , 0 , 0 , 0 , 0 , 0 , 0 , 0 , 0 , 0 , 0 , 0 , 0 , 0 , 0 , 
1e+200 , 0.143249 , 0.147584 , 0.140749 , 0.133932 , 0.141975 , 0.150144 , 0.145896 , 0.136943 , 0.124494 , 0.097209 , 0 , 0 , 0 , 0 , 0 , 0 , 0 , 0 , 0 , 0 , 0 , 0 , 0 , 0 , 0 , 0 , 0 , 0 , 0 , 0 , 0 , 0 , 
1e+200 , 0.140956 , 0.144368 , 0.137533 , 0.130949 , 0.137684 , 0.145186 , 0.143087 , 0.138853 , 0.135495 , 0.123146 , 0.0961563 , 0 , 0 , 0 , 0 , 0 , 0 , 0 , 0 , 0 , 0 , 0 , 0 , 0 , 0 , 0 , 0 , 0 , 0 , 0 , 0 , 0 , 
1e+200 , 0.139449 , 0.14208 , 0.135202 , 0.128664 , 0.133894 , 0.140083 , 0.138636 , 0.136475 , 0.137276 , 0.133792 , 0.120088 , 0.0937681 , 0 , 0 , 0 , 0 , 0 , 0 , 0 , 0 , 0 , 0 , 0 , 0 , 0 , 0 , 0 , 0 , 0 , 0 , 0 , 0 , 
1e+200 , 0.138556 , 0.140552 , 0.133675 , 0.12715 , 0.130885 , 0.135552 , 0.134017 , 0.132507 , 0.134821 , 0.135444 , 0.130507 , 0.117029 , 0.0913799 , 0 , 0 , 0 , 0 , 0 , 0 , 0 , 0 , 0 , 0 , 0 , 0 , 0 , 0 , 0 , 0 , 0 , 0 , 0 , 
1e+200 , 0.13817 , 0.139666 , 0.132843 , 0.126346 , 0.128701 , 0.13187 , 0.12993 , 0.128356 , 0.130803 , 0.13292 , 0.132081 , 0.12707 , 0.114655 , 0.0895263 , 0 , 0 , 0 , 0 , 0 , 0 , 0 , 0 , 0 , 0 , 0 , 0 , 0 , 0 , 0 , 0 , 0 , 0 , 
1e+200 , 0.138158 , 0.139268 , 0.132576 , 0.126167 , 0.12728 , 0.129064 , 0.12663 , 0.124687 , 0.126612 , 0.128862 , 0.129582 , 0.128564 , 0.12452 , 0.112281 , 0.0876727 , 0 , 0 , 0 , 0 , 0 , 0 , 0 , 0 , 0 , 0 , 0 , 0 , 0 , 0 , 0 , 0 , 0 , 
1e+200 , 0.138449 , 0.139266 , 0.132763 , 0.126495 , 0.126516 , 0.127067 , 0.124162 , 0.121758 , 0.122907 , 0.124644 , 0.125592 , 0.126095 , 0.125785 , 0.121516 , 0.111355 , 0.0869491 , 0 , 0 , 0 , 0 , 0 , 0 , 0 , 0 , 0 , 0 , 0 , 0 , 0 , 0 , 0 , 0 , 
1e+200 , 0.138954 , 0.139551 , 0.133299 , 0.127238 , 0.126288 , 0.125747 , 0.12245 , 0.119607 , 0.119935 , 0.120909 , 0.121446 , 0.122177 , 0.123177 , 0.12255 , 0.120521 , 0.110428 , 0.0862255 , 0 , 0 , 0 , 0 , 0 , 0 , 0 , 0 , 0 , 0 , 0 , 0 , 0 , 0 , 0 , 
1e+200 , 0.139635 , 0.140068 , 0.134109 , 0.1283 , 0.126492 , 0.124991 , 0.12139 , 0.118176 , 0.11774 , 0.117906 , 0.117777 , 0.118112 , 0.119168 , 0.119818 , 0.121108 , 0.118635 , 0.107276 , 0.0837641 , 0 , 0 , 0 , 0 , 0 , 0 , 0 , 0 , 0 , 0 , 0 , 0 , 0 , 0 , 
1e+200 , 0.140432 , 0.140746 , 0.13512 , 0.129611 , 0.127027 , 0.124671 , 0.120857 , 0.117359 , 0.116253 , 0.115667 , 0.114819 , 0.11451 , 0.11503 , 0.115734 , 0.117986 , 0.118774 , 0.115249 , 0.104123 , 0.0813027 , 0 , 0 , 0 , 0 , 0 , 0 , 0 , 0 , 0 , 0 , 0 , 0 , 0 , 
1e+200 , 0.14133 , 0.141555 , 0.136287 , 0.13111 , 0.127821 , 0.124701 , 0.120748 , 0.117048 , 0.115377 , 0.114133 , 0.112611 , 0.111605 , 0.111359 , 0.111542 , 0.113563 , 0.115288 , 0.115179 , 0.111452 , 0.10138 , 0.0791609 , 0 , 0 , 0 , 0 , 0 , 0 , 0 , 0 , 0 , 0 , 0 , 0 , 
1e+200 , 0.142289 , 0.142451 , 0.137566 , 0.13275 , 0.128807 , 0.124986 , 0.120962 , 0.117135 , 0.114996 , 0.113197 , 0.111086 , 0.109427 , 0.108376 , 0.107816 , 0.109067 , 0.110561 , 0.1116 , 0.111173 , 0.108505 , 0.0986374 , 0.0770191 , 0 , 0 , 0 , 0 , 0 , 0 , 0 , 0 , 0 , 0 , 0 , 
1e+200 , 0.143305 , 0.14342 , 0.138932 , 0.134495 , 0.129941 , 0.125475 , 0.12143 , 0.117536 , 0.115013 , 0.112753 , 0.110148 , 0.107917 , 0.10611 , 0.104769 , 0.105061 , 0.105799 , 0.106834 , 0.107512 , 0.108125 , 0.105361 , 0.098512 , 0.0769212 , 0 , 0 , 0 , 0 , 0 , 0 , 0 , 0 , 0 , 0 , 
1e+200 , 0.144353 , 0.144435 , 0.140357 , 0.136318 , 0.13118 , 0.126106 , 0.122083 , 0.118173 , 0.115334 , 0.112697 , 0.109686 , 0.106975 , 0.104499 , 0.102426 , 0.101744 , 0.101544 , 0.102049 , 0.102722 , 0.104457 , 0.104878 , 0.105227 , 0.0983866 , 0.0768233 , 0 , 0 , 0 , 0 , 0 , 0 , 0 , 0 , 0 , 
1e+200 , 0.145431 , 0.145489 , 0.141829 , 0.138197 , 0.132501 , 0.126851 , 0.122878 , 0.118992 , 0.115892 , 0.112944 , 0.109604 , 0.106499 , 0.103445 , 0.100723 , 0.0991334 , 0.0979838 , 0.09777 , 0.0979325 , 0.0997019 , 0.101211 , 0.104437 , 0.10448 , 0.097379 , 0.0760365 , 0 , 0 , 0 , 0 , 0 , 0 , 0 , 0 , 
1e+200 , 0.146526 , 0.146567 , 0.143332 , 0.140119 , 0.133879 , 0.127672 , 0.123776 , 0.119943 , 0.116625 , 0.11342 , 0.109815 , 0.106389 , 0.102845 , 0.0995623 , 0.0971595 , 0.0951265 , 0.0941728 , 0.093643 , 0.0949541 , 0.0964961 , 0.100485 , 0.103383 , 0.103398 , 0.0963713 , 0.0752497 , 0 , 0 , 0 , 0 , 0 , 0 , 0 , 
1e+200 , 0.147636 , 0.147665 , 0.14486 , 0.14207 , 0.135301 , 0.128554 , 0.124751 , 0.120995 , 0.117491 , 0.11407 , 0.110251 , 0.106566 , 0.102604 , 0.0988435 , 0.0957236 , 0.0928996 , 0.0912629 , 0.0900217 , 0.0907003 , 0.0917985 , 0.0955156 , 0.0991654 , 0.102215 , 0.102146 , 0.095365 , 0.0744639 , 0 , 0 , 0 , 0 , 0 , 0 , 
1e+200 , 0.148754 , 0.148775 , 0.146403 , 0.144043 , 0.136752 , 0.129477 , 0.125781 , 0.122119 , 0.118453 , 0.114849 , 0.110854 , 0.10696 , 0.102639 , 0.0984723 , 0.0947219 , 0.0912003 , 0.0889656 , 0.0870681 , 0.0871003 , 0.0875868 , 0.0905877 , 0.0939651 , 0.0979493 , 0.100877 , 0.101065 , 0.0943587 , 0.0736781 , 0 , 0 , 0 , 0 , 0 , 
1e+200 , 0.149879 , 0.149894 , 0.147958 , 0.146031 , 0.138225 , 0.130431 , 0.126851 , 0.123296 , 0.119487 , 0.115723 , 0.111583 , 0.107517 , 0.102886 , 0.0983703 , 0.0940618 , 0.0899262 , 0.0871811 , 0.0847087 , 0.0841529 , 0.0840144 , 0.0861634 , 0.0888316 , 0.0927201 , 0.0965684 , 0.0996912 , 0.0997762 , 0.0937125 , 0.0731736 , 0 , 0 , 0 , 0 , 
1e+200 , 0.151009 , 0.151019 , 0.149522 , 0.148031 , 0.139714 , 0.131406 , 0.12795 , 0.124511 , 0.120573 , 0.116667 , 0.112404 , 0.108196 , 0.103292 , 0.0984722 , 0.0936639 , 0.0889838 , 0.0858074 , 0.0828441 , 0.0817842 , 0.0810775 , 0.0823887 , 0.0842165 , 0.0875649 , 0.0913171 , 0.0953168 , 0.0982976 , 0.0990822 , 0.0930664 , 0.0726691 , 0 , 0 , 0 , 
1e+200 , 0.152142 , 0.152149 , 0.151091 , 0.150038 , 0.141215 , 0.132397 , 0.129069 , 0.125755 , 0.121697 , 0.117662 , 0.113294 , 0.108966 , 0.103815 , 0.0987275 , 0.0934647 , 0.0882957 , 0.0847546 , 0.0813757 , 0.0798971 , 0.0787033 , 0.0792546 , 0.0802581 , 0.0829286 , 0.0861471 , 0.0900204 , 0.0938635 , 0.0974739 , 0.0981304 , 0.0931446 , 0.0727301 , 0 , 0 , 
1e+200 , 0.153276 , 0.153281 , 0.152665 , 0.152052 , 0.142723 , 0.133398 , 0.130203 , 0.127018 , 0.122847 , 0.118694 , 0.114233 , 0.1098 , 0.104426 , 0.0990962 , 0.0934136 , 0.0877989 , 0.0839464 , 0.0802153 , 0.0783949 , 0.0767964 , 0.0766841 , 0.0769414 , 0.0789456 , 0.0814955 , 0.084814 , 0.0885303 , 0.0929389 , 0.096392 , 0.0982143 , 0.0932227 , 0.0727911 , 0 , 
1e+200 , 0.153273 , 0.153276 , 0.152658 , 0.152042 , 0.142709 , 0.13338 , 0.130178 , 0.126982 , 0.122798 , 0.118626 , 0.114141 , 0.109676 , 0.104259 , 0.0988756 , 0.0931244 , 0.0874232 , 0.0834539 , 0.0795758 , 0.0775549 , 0.0757056 , 0.0752643 , 0.0751231 , 0.0766268 , 0.0786214 , 0.0813859 , 0.0846998 , 0.0891112 , 0.0935447 , 0.0983112 , 0.100132 , 0.0932227 , 0.0727911 , 

shifts ,
0 , 0 , 0 , 0 , 0 , 0 , 0 , 0 , 0 , 0 , 0 , 0 , 0 , 0 , 0 , 0 , 0 , 0 , 0 , 0 , 0 , 0 , 0 , 0 , 0 , 0 , 0 , 0 , 0 , 0 , 0 , 0 , 0 , 
0 , 0 , 0 , 0 , 0 , 0 , 0 , 0 , 0 , 0 , 0 , 0 , 0 , 0 , 0 , 0 , 0 , 0 , 0 , 0 , 0 , 0 , 0 , 0 , 0 , 0 , 0 , 0 , 0 , 0 , 0 , 0 , 0 , 
0 , 0 , 0 , 0 , 0 , 0 , 0 , 0 , 0 , 0 , 0 , 0 , 0 , 0 , 0 , 0 , 0 , 0 , 0 , 0 , 0 , 0 , 0 , 0 , 0 , 0 , 0 , 0 , 0 , 0 , 0 , 0 , 0 , 
0 , 0 , 0 , 0 , 0 , 0 , 0 , 0 , 0 , 0 , 0 , 0 , 0 , 0 , 0 , 0 , 0 , 0 , 0 , 0 , 0 , 0 , 0 , 0 , 0 , 0 , 0 , 0 , 0 , 0 , 0 , 0 , 0 , 
0 , 0 , 0 , 0 , 0 , 0 , 0 , 0 , 0 , 0 , 0 , 0 , 0 , 0 , 0 , 0 , 0 , 0 , 0 , 0 , 0 , 0 , 0 , 0 , 0 , 0 , 0 , 0 , 0 , 0 , 0 , 0 , 0 , 
0 , 0 , 0 , 0 , 0 , 0 , 0 , 0 , 0 , 0 , 0 , 0 , 0 , 0 , 0 , 0 , 0 , 0 , 0 , 0 , 0 , 0 , 0 , 0 , 0 , 0 , 0 , 0 , 0 , 0 , 0 , 0 , 0 , 
0 , 0 , 0 , 0 , 0 , 0 , 0 , 0 , 0 , 0 , 0 , 0 , 0 , 0 , 0 , 0 , 0 , 0 , 0 , 0 , 0 , 0 , 0 , 0 , 0 , 0 , 0 , 0 , 0 , 0 , 0 , 0 , 0 , 
0 , 0 , 0 , 0 , 0 , 0 , 0 , 0 , 0 , 0 , 0 , 0 , 0 , 0 , 0 , 0 , 0 , 0 , 0 , 0 , 0 , 0 , 0 , 0 , 0 , 0 , 0 , 0 , 0 , 0 , 0 , 0 , 0 , 
0 , 0 , 0 , 0 , 0 , 0 , 0 , 0 , 0 , 0 , 0 , 0 , 0 , 0 , 0 , 0 , 0 , 0 , 0 , 0 , 0 , 0 , 0 , 0 , 0 , 0 , 0 , 0 , 0 , 0 , 0 , 0 , 0 , 
0 , 0 , 0 , 0 , 0 , 0 , 0 , 0 , 0 , 0 , 0 , 0 , 0 , 0 , 0 , 0 , 0 , 0 , 0 , 0 , 0 , 0 , 0 , 0 , 0 , 0 , 0 , 0 , 0 , 0 , 0 , 0 , 0 , 
0 , 0 , 0 , 0 , 0 , 0 , 0 , 0 , 0 , 0 , 0 , 0 , 0 , 0 , 0 , 0 , 0 , 0 , 0 , 0 , 0 , 0 , 0 , 0 , 0 , 0 , 0 , 0 , 0 , 0 , 0 , 0 , 0 , 
0 , 0 , 0 , 0 , 0 , 0 , 0 , 0 , 0 , 0 , 0 , 0 , 0 , 0 , 0 , 0 , 0 , 0 , 0 , 0 , 0 , 0 , 0 , 0 , 0 , 0 , 0 , 0 , 0 , 0 , 0 , 0 , 0 , 
0 , 0 , 0 , 0 , 0 , 0 , 0 , 0 , 0 , 0 , 0 , 0 , 0 , 0 , 0 , 0 , 0 , 0 , 0 , 0 , 0 , 0 , 0 , 0 , 0 , 0 , 0 , 0 , 0 , 0 , 0 , 0 , 0 , 
0 , 0 , 0 , 0 , 0 , 0 , 0 , 0 , 0 , 0 , 0 , 0 , 0 , 0 , 0 , 0 , 0 , 0 , 0 , 0 , 0 , 0 , 0 , 0 , 0 , 0 , 0 , 0 , 0 , 0 , 0 , 0 , 0 , 
0 , 0 , 0 , 0 , 0 , 0 , 0 , 0 , 0 , 0 , 0 , 0 , 0 , 0 , 0 , 0 , 0 , 0 , 0 , 0 , 0 , 0 , 0 , 0 , 0 , 0 , 0 , 0 , 0 , 0 , 0 , 0 , 0 , 
0 , 0 , 0 , 0 , 0 , 0 , 0 , 0 , 0 , 0 , 0 , 0 , 0 , 0 , 0 , 0 , 0 , 0 , 0 , 0 , 0 , 0 , 0 , 0 , 0 , 0 , 0 , 0 , 0 , 0 , 0 , 0 , 0 , 
0 , 0 , 0 , 0 , 0 , 0 , 0 , 0 , 0 , 0 , 0 , 0 , 0 , 0 , 0 , 0 , 0 , 0 , 0 , 0 , 0 , 0 , 0 , 0 , 0 , 0 , 0 , 0 , 0 , 0 , 0 , 0 , 0 , 
0 , 0 , 0 , 0 , 0 , 0 , 0 , 0 , 0 , 0 , 0 , 0 , 0 , 0 , 0 , 0 , 0 , 0 , 0 , 0 , 0 , 0 , 0 , 0 , 0 , 0 , 0 , 0 , 0 , 0 , 0 , 0 , 0 , 
0 , 0 , 0 , 0 , 0 , 0 , 0 , 0 , 0 , 0 , 0 , 0 , 0 , 0 , 0 , 0 , 0 , 0 , 0 , 0 , 0 , 0 , 0 , 0 , 0 , 0 , 0 , 0 , 0 , 0 , 0 , 0 , 0 , 
0 , 0 , 0 , 0 , 0 , 0 , 0 , 0 , 0 , 0 , 0 , 0 , 0 , 0 , 0 , 0 , 0 , 0 , 0 , 0 , 0 , 0 , 0 , 0 , 0 , 0 , 0 , 0 , 0 , 0 , 0 , 0 , 0 , 
0 , 0 , 0 , 0 , 0 , 0 , 0 , 0 , 0 , 0 , 0 , 0 , 0 , 0 , 0 , 0 , 0 , 0 , 0 , 0 , 0 , 0 , 0 , 0 , 0 , 0 , 0 , 0 , 0 , 0 , 0 , 0 , 0 , 
0 , 0 , 0 , 0 , 0 , 0 , 0 , 0 , 0 , 0 , 0 , 0 , 0 , 0 , 0 , 0 , 0 , 0 , 0 , 0 , 0 , 0 , 0 , 0 , 0 , 0 , 0 , 0 , 0 , 0 , 0 , 0 , 0 , 
0 , 0 , 0 , 0 , 0 , 0 , 0 , 0 , 0 , 0 , 0 , 0 , 0 , 0 , 0 , 0 , 0 , 0 , 0 , 0 , 0 , 0 , 0 , 0 , 0 , 0 , 0 , 0 , 0 , 0 , 0 , 0 , 0 , 
0 , 0 , 0 , 0 , 0 , 0 , 0 , 0 , 0 , 0 , 0 , 0 , 0 , 0 , 0 , 0 , 0 , 0 , 0 , 0 , 0 , 0 , 0 , 0 , 0 , 0 , 0 , 0 , 0 , 0 , 0 , 0 , 0 , 
0 , 0 , 0 , 0 , 0 , 0 , 0 , 0 , 0 , 0 , 0 , 0 , 0 , 0 , 0 , 0 , 0 , 0 , 0 , 0 , 0 , 0 , 0 , 0 , 0 , 0 , 0 , 0 , 0 , 0 , 0 , 0 , 0 , 
0 , 0 , 0 , 0 , 0 , 0 , 0 , 0 , 0 , 0 , 0 , 0 , 0 , 0 , 0 , 0 , 0 , 0 , 0 , 0 , 0 , 0 , 0 , 0 , 0 , 0 , 0 , 0 , 0 , 0 , 0 , 0 , 0 , 
0 , 0 , 0 , 0 , 0 , 0 , 0 , 0 , 0 , 0 , 0 , 0 , 0 , 0 , 0 , 0 , 0 , 0 , 0 , 0 , 0 , 0 , 0 , 0 , 0 , 0 , 0 , 0 , 0 , 0 , 0 , 0 , 0 , 
0 , 0 , 0 , 0 , 0 , 0 , 0 , 0 , 0 , 0 , 0 , 0 , 0 , 0 , 0 , 0 , 0 , 0 , 0 , 0 , 0 , 0 , 0 , 0 , 0 , 0 , 0 , 0 , 0 , 0 , 0 , 0 , 0 , 
0 , 0 , 0 , 0 , 0 , 0 , 0 , 0 , 0 , 0 , 0 , 0 , 0 , 0 , 0 , 0 , 0 , 0 , 0 , 0 , 0 , 0 , 0 , 0 , 0 , 0 , 0 , 0 , 0 , 0 , 0 , 0 , 0 , 
0 , 0 , 0 , 0 , 0 , 0 , 0 , 0 , 0 , 0 , 0 , 0 , 0 , 0 , 0 , 0 , 0 , 0 , 0 , 0 , 0 , 0 , 0 , 0 , 0 , 0 , 0 , 0 , 0 , 0 , 0 , 0 , 0 , 
0 , 0 , 0 , 0 , 0 , 0 , 0 , 0 , 0 , 0 , 0 , 0 , 0 , 0 , 0 , 0 , 0 , 0 , 0 , 0 , 0 , 0 , 0 , 0 , 0 , 0 , 0 , 0 , 0 , 0 , 0 , 0 , 0 , 
0 , 0 , 0 , 0 , 0 , 0 , 0 , 0 , 0 , 0 , 0 , 0 , 0 , 0 , 0 , 0 , 0 , 0 , 0 , 0 , 0 , 0 , 0 , 0 , 0 , 0 , 0 , 0 , 0 , 0 , 0 , 0 , 0 , 
0 , 0 , 0 , 0 , 0 , 0 , 0 , 0 , 0 , 0 , 0 , 0 , 0 , 0 , 0 , 0 , 0 , 0 , 0 , 0 , 0 , 0 , 0 , 0 , 0 , 0 , 0 , 0 , 0 , 0 , 0 , 0 , 0 , 

