g ,
1e+100 , 0 , 0 , 0 , 0 , 0 , 0 , 0 , 0 , 0 , 0 , 0 , 0 , 0 , 0 , 0 , 0 , 0 , 0 , 0 , 0 , 0 , 0 , 0 , 0 , 0 , 0 , 0 , 0 , 0 , 0 , 0 , 0 , 
1e+100 , 1.08156 , 0 , 0 , 0 , 0 , 0 , 0 , 0 , 0 , 0 , 0 , 0 , 0 , 0 , 0 , 0 , 0 , 0 , 0 , 0 , 0 , 0 , 0 , 0 , 0 , 0 , 0 , 0 , 0 , 0 , 0 , 0 , 
1e+100 , 1.08156 , 1.08156 , 0 , 0 , 0 , 0 , 0 , 0 , 0 , 0 , 0 , 0 , 0 , 0 , 0 , 0 , 0 , 0 , 0 , 0 , 0 , 0 , 0 , 0 , 0 , 0 , 0 , 0 , 0 , 0 , 0 , 0 , 
1e+100 , 1.08156 , 1.08156 , 1.08156 , 0 , 0 , 0 , 0 , 0 , 0 , 0 , 0 , 0 , 0 , 0 , 0 , 0 , 0 , 0 , 0 , 0 , 0 , 0 , 0 , 0 , 0 , 0 , 0 , 0 , 0 , 0 , 0 , 0 , 
1e+100 , 0.992666 , 0.992666 , 1.03646 , 1.03646 , 0 , 0 , 0 , 0 , 0 , 0 , 0 , 0 , 0 , 0 , 0 , 0 , 0 , 0 , 0 , 0 , 0 , 0 , 0 , 0 , 0 , 0 , 0 , 0 , 0 , 0 , 0 , 0 , 
1e+100 , 0.903768 , 0.903768 , 0.947567 , 0.991366 , 0.991366 , 0 , 0 , 0 , 0 , 0 , 0 , 0 , 0 , 0 , 0 , 0 , 0 , 0 , 0 , 0 , 0 , 0 , 0 , 0 , 0 , 0 , 0 , 0 , 0 , 0 , 0 , 0 , 
1e+100 , 0.974481 , 0.974481 , 0.928898 , 0.883315 , 1.01789 , 1.01789 , 0 , 0 , 0 , 0 , 0 , 0 , 0 , 0 , 0 , 0 , 0 , 0 , 0 , 0 , 0 , 0 , 0 , 0 , 0 , 0 , 0 , 0 , 0 , 0 , 0 , 0 , 
1e+100 , 1.04519 , 1.04519 , 0.910229 , 0.775263 , 0.909842 , 1.04442 , 1.04442 , 0 , 0 , 0 , 0 , 0 , 0 , 0 , 0 , 0 , 0 , 0 , 0 , 0 , 0 , 0 , 0 , 0 , 0 , 0 , 0 , 0 , 0 , 0 , 0 , 0 , 
1e+100 , 1.06494 , 1.06494 , 0.93423 , 0.803517 , 0.869932 , 0.936348 , 0.989033 , 0.989033 , 0 , 0 , 0 , 0 , 0 , 0 , 0 , 0 , 0 , 0 , 0 , 0 , 0 , 0 , 0 , 0 , 0 , 0 , 0 , 0 , 0 , 0 , 0 , 0 , 
1e+100 , 1.08469 , 1.08469 , 0.958231 , 0.831771 , 0.830023 , 0.828275 , 0.880961 , 0.933647 , 0.933647 , 0 , 0 , 0 , 0 , 0 , 0 , 0 , 0 , 0 , 0 , 0 , 0 , 0 , 0 , 0 , 0 , 0 , 0 , 0 , 0 , 0 , 0 , 0 , 
1e+100 , 1.1209 , 1.1209 , 1.00358 , 0.886255 , 0.862742 , 0.839229 , 0.846893 , 0.854558 , 0.904068 , 0.904068 , 0 , 0 , 0 , 0 , 0 , 0 , 0 , 0 , 0 , 0 , 0 , 0 , 0 , 0 , 0 , 0 , 0 , 0 , 0 , 0 , 0 , 0 , 
1e+100 , 1.15711 , 1.15711 , 1.04893 , 0.94074 , 0.895461 , 0.850183 , 0.812825 , 0.775468 , 0.824979 , 0.87449 , 0.87449 , 0 , 0 , 0 , 0 , 0 , 0 , 0 , 0 , 0 , 0 , 0 , 0 , 0 , 0 , 0 , 0 , 0 , 0 , 0 , 0 , 0 , 
1e+100 , 1.14117 , 1.14117 , 1.06636 , 0.991546 , 0.936427 , 0.881307 , 0.836181 , 0.791055 , 0.805537 , 0.820019 , 0.850889 , 0.850889 , 0 , 0 , 0 , 0 , 0 , 0 , 0 , 0 , 0 , 0 , 0 , 0 , 0 , 0 , 0 , 0 , 0 , 0 , 0 , 0 , 
1e+100 , 1.12522 , 1.12522 , 1.08379 , 1.04235 , 0.977393 , 0.912432 , 0.859537 , 0.806641 , 0.786095 , 0.765549 , 0.796419 , 0.827289 , 0.827289 , 0 , 0 , 0 , 0 , 0 , 0 , 0 , 0 , 0 , 0 , 0 , 0 , 0 , 0 , 0 , 0 , 0 , 0 , 0 , 
1e+100 , 1.12503 , 1.12503 , 1.07898 , 1.03294 , 0.989432 , 0.945925 , 0.890859 , 0.835794 , 0.80749 , 0.779186 , 0.784653 , 0.79012 , 0.811332 , 0.811332 , 0 , 0 , 0 , 0 , 0 , 0 , 0 , 0 , 0 , 0 , 0 , 0 , 0 , 0 , 0 , 0 , 0 , 0 , 
1e+100 , 1.12484 , 1.12484 , 1.07418 , 1.02353 , 1.00147 , 0.979417 , 0.922182 , 0.864947 , 0.828885 , 0.792823 , 0.772887 , 0.752951 , 0.774163 , 0.795375 , 0.795375 , 0 , 0 , 0 , 0 , 0 , 0 , 0 , 0 , 0 , 0 , 0 , 0 , 0 , 0 , 0 , 0 , 0 , 
1e+100 , 1.11592 , 1.11592 , 1.06849 , 1.02106 , 0.996667 , 0.97227 , 0.931387 , 0.890505 , 0.851998 , 0.813491 , 0.789848 , 0.766204 , 0.769005 , 0.771807 , 0.790839 , 0.790839 , 0 , 0 , 0 , 0 , 0 , 0 , 0 , 0 , 0 , 0 , 0 , 0 , 0 , 0 , 0 , 0 , 
1e+100 , 1.10699 , 1.10699 , 1.0628 , 1.0186 , 0.991863 , 0.965123 , 0.940593 , 0.916062 , 0.875111 , 0.83416 , 0.806808 , 0.779456 , 0.763847 , 0.748238 , 0.767271 , 0.786303 , 0.786303 , 0 , 0 , 0 , 0 , 0 , 0 , 0 , 0 , 0 , 0 , 0 , 0 , 0 , 0 , 0 , 
1e+100 , 1.109 , 1.109 , 1.06563 , 1.02226 , 0.997658 , 0.973052 , 0.947995 , 0.922938 , 0.888997 , 0.855057 , 0.823385 , 0.791714 , 0.776078 , 0.760441 , 0.763928 , 0.767416 , 0.767365 , 0.767365 , 0 , 0 , 0 , 0 , 0 , 0 , 0 , 0 , 0 , 0 , 0 , 0 , 0 , 0 , 
1e+100 , 1.11101 , 1.11101 , 1.06847 , 1.02592 , 1.00345 , 0.98098 , 0.955397 , 0.929813 , 0.902883 , 0.875953 , 0.839963 , 0.803973 , 0.788308 , 0.772644 , 0.760586 , 0.748529 , 0.748478 , 0.748427 , 0.748427 , 0 , 0 , 0 , 0 , 0 , 0 , 0 , 0 , 0 , 0 , 0 , 0 , 0 , 
1e+100 , 1.12937 , 1.12937 , 1.08165 , 1.03394 , 1.01355 , 0.993173 , 0.967748 , 0.942323 , 0.912971 , 0.883619 , 0.84285 , 0.80208 , 0.778852 , 0.755624 , 0.747877 , 0.74013 , 0.731096 , 0.722062 , 0.723877 , 0.723877 , 0 , 0 , 0 , 0 , 0 , 0 , 0 , 0 , 0 , 0 , 0 , 0 , 
1e+100 , 1.14773 , 1.14773 , 1.09484 , 1.04195 , 1.02366 , 1.00537 , 0.9801 , 0.954833 , 0.923059 , 0.891285 , 0.845736 , 0.800188 , 0.769396 , 0.738603 , 0.735168 , 0.731732 , 0.713714 , 0.695697 , 0.697512 , 0.699327 , 0.699327 , 0 , 0 , 0 , 0 , 0 , 0 , 0 , 0 , 0 , 0 , 0 , 
1e+100 , 1.20002 , 1.20002 , 1.13347 , 1.06691 , 1.04076 , 1.0146 , 0.992814 , 0.971028 , 0.939682 , 0.908336 , 0.85866 , 0.808984 , 0.764778 , 0.720571 , 0.70839 , 0.696209 , 0.689671 , 0.683133 , 0.677887 , 0.672642 , 0.688916 , 0.688916 , 0 , 0 , 0 , 0 , 0 , 0 , 0 , 0 , 0 , 0 , 
1e+100 , 1.25231 , 1.25231 , 1.17209 , 1.09187 , 1.05785 , 1.02383 , 1.00553 , 0.987224 , 0.956305 , 0.925387 , 0.871583 , 0.817779 , 0.76016 , 0.70254 , 0.681613 , 0.660686 , 0.665627 , 0.670569 , 0.658263 , 0.645957 , 0.662231 , 0.678505 , 0.678505 , 0 , 0 , 0 , 0 , 0 , 0 , 0 , 0 , 0 , 
1e+100 , 1.25814 , 1.25814 , 1.19894 , 1.13975 , 1.09103 , 1.04232 , 1.01729 , 0.992263 , 0.966616 , 0.940969 , 0.891114 , 0.841258 , 0.777681 , 0.714103 , 0.673461 , 0.63282 , 0.631274 , 0.629728 , 0.632048 , 0.634368 , 0.639982 , 0.645595 , 0.664088 , 0.664088 , 0 , 0 , 0 , 0 , 0 , 0 , 0 , 0 , 
1e+100 , 1.26397 , 1.26397 , 1.22579 , 1.18762 , 1.12421 , 1.06081 , 1.02906 , 0.997303 , 0.976927 , 0.956551 , 0.910644 , 0.864738 , 0.795202 , 0.725667 , 0.66531 , 0.604953 , 0.59692 , 0.588887 , 0.605834 , 0.62278 , 0.617732 , 0.612685 , 0.631177 , 0.64967 , 0.64967 , 0 , 0 , 0 , 0 , 0 , 0 , 0 , 
1e+100 , 1.27531 , 1.27531 , 1.23774 , 1.20017 , 1.15076 , 1.10135 , 1.0558 , 1.01025 , 0.984963 , 0.959677 , 0.9217 , 0.883723 , 0.820769 , 0.757814 , 0.689235 , 0.620656 , 0.587905 , 0.555155 , 0.568146 , 0.581137 , 0.592544 , 0.603951 , 0.610198 , 0.616445 , 0.639664 , 0.639664 , 0 , 0 , 0 , 0 , 0 , 0 , 
1e+100 , 1.28665 , 1.28665 , 1.24968 , 1.21272 , 1.1773 , 1.14188 , 1.08254 , 1.02319 , 0.992999 , 0.962803 , 0.932756 , 0.902708 , 0.846335 , 0.789961 , 0.71316 , 0.636359 , 0.57889 , 0.521422 , 0.530458 , 0.539494 , 0.567356 , 0.595218 , 0.589219 , 0.583219 , 0.606439 , 0.629658 , 0.629658 , 0 , 0 , 0 , 0 , 0 , 
1e+100 , 1.24992 , 1.24992 , 1.23859 , 1.22726 , 1.19244 , 1.15762 , 1.10947 , 1.06132 , 1.01809 , 0.97485 , 0.942766 , 0.910681 , 0.864879 , 0.819077 , 0.750766 , 0.682455 , 0.614423 , 0.54639 , 0.52565 , 0.504909 , 0.530273 , 0.555637 , 0.56703 , 0.578423 , 0.586457 , 0.594492 , 0.624947 , 0.624947 , 0 , 0 , 0 , 0 , 
1e+100 , 1.2132 , 1.2132 , 1.2275 , 1.24181 , 1.20758 , 1.17335 , 1.1364 , 1.09945 , 1.04317 , 0.986898 , 0.952776 , 0.918654 , 0.883424 , 0.848193 , 0.788372 , 0.728551 , 0.649955 , 0.571359 , 0.520841 , 0.470324 , 0.493189 , 0.516055 , 0.544841 , 0.573627 , 0.566476 , 0.559325 , 0.58978 , 0.620235 , 0.620235 , 0 , 0 , 0 , 
1e+100 , 1.11598 , 1.11598 , 1.16724 , 1.2185 , 1.20839 , 1.19829 , 1.16255 , 1.12682 , 1.08045 , 1.03408 , 0.988602 , 0.943121 , 0.907978 , 0.872835 , 0.824973 , 0.77711 , 0.707749 , 0.638388 , 0.573958 , 0.509527 , 0.497635 , 0.485743 , 0.5136 , 0.541457 , 0.551664 , 0.561872 , 0.573478 , 0.585085 , 0.620806 , 0.620806 , 0 , 0 , 
1e+100 , 1.01876 , 1.01876 , 1.10698 , 1.1952 , 1.20921 , 1.22322 , 1.18871 , 1.15419 , 1.11773 , 1.08127 , 1.02443 , 0.967587 , 0.932532 , 0.897477 , 0.861573 , 0.825669 , 0.765543 , 0.705417 , 0.627074 , 0.54873 , 0.50208 , 0.45543 , 0.482358 , 0.509286 , 0.536852 , 0.564418 , 0.557177 , 0.549935 , 0.585656 , 0.621377 , 0.621377 , 0 , 
1e+100 , 1.01876 , 1.01876 , 1.10698 , 1.1952 , 1.20921 , 1.22322 , 1.18871 , 1.15419 , 1.11773 , 1.08127 , 1.02443 , 0.967587 , 0.932532 , 0.897477 , 0.861573 , 0.825669 , 0.765543 , 0.705417 , 0.627074 , 0.54873 , 0.50208 , 0.45543 , 0.482358 , 0.509286 , 0.536852 , 0.564418 , 0.557177 , 0.549935 , 0.585656 , 0.621377 , 0.621377 , 0.621377 , 

h ,
1e+100 , 0 , 0 , 0 , 0 , 0 , 0 , 0 , 0 , 0 , 0 , 0 , 0 , 0 , 0 , 0 , 0 , 0 , 0 , 0 , 0 , 0 , 0 , 0 , 0 , 0 , 0 , 0 , 0 , 0 , 0 , 0 , 0 , 
1e+100 , 0.120859 , 0 , 0 , 0 , 0 , 0 , 0 , 0 , 0 , 0 , 0 , 0 , 0 , 0 , 0 , 0 , 0 , 0 , 0 , 0 , 0 , 0 , 0 , 0 , 0 , 0 , 0 , 0 , 0 , 0 , 0 , 0 , 
1e+100 , 0.154783 , 0.120859 , 0 , 0 , 0 , 0 , 0 , 0 , 0 , 0 , 0 , 0 , 0 , 0 , 0 , 0 , 0 , 0 , 0 , 0 , 0 , 0 , 0 , 0 , 0 , 0 , 0 , 0 , 0 , 0 , 0 , 0 , 
1e+100 , 0.166254 , 0.154783 , 0.120859 , 0 , 0 , 0 , 0 , 0 , 0 , 0 , 0 , 0 , 0 , 0 , 0 , 0 , 0 , 0 , 0 , 0 , 0 , 0 , 0 , 0 , 0 , 0 , 0 , 0 , 0 , 0 , 0 , 0 , 
1e+100 , 0.166418 , 0.166254 , 0.154783 , 0.120859 , 0 , 0 , 0 , 0 , 0 , 0 , 0 , 0 , 0 , 0 , 0 , 0 , 0 , 0 , 0 , 0 , 0 , 0 , 0 , 0 , 0 , 0 , 0 , 0 , 0 , 0 , 0 , 0 , 
1e+100 , 0.161502 , 0.166418 , 0.166254 , 0.154783 , 0.120859 , 0 , 0 , 0 , 0 , 0 , 0 , 0 , 0 , 0 , 0 , 0 , 0 , 0 , 0 , 0 , 0 , 0 , 0 , 0 , 0 , 0 , 0 , 0 , 0 , 0 , 0 , 0 , 
1e+100 , 0.154851 , 0.161502 , 0.166418 , 0.166254 , 0.154783 , 0.120859 , 0 , 0 , 0 , 0 , 0 , 0 , 0 , 0 , 0 , 0 , 0 , 0 , 0 , 0 , 0 , 0 , 0 , 0 , 0 , 0 , 0 , 0 , 0 , 0 , 0 , 0 , 
1e+100 , 0.148151 , 0.154851 , 0.161502 , 0.166418 , 0.166254 , 0.154783 , 0.120859 , 0 , 0 , 0 , 0 , 0 , 0 , 0 , 0 , 0 , 0 , 0 , 0 , 0 , 0 , 0 , 0 , 0 , 0 , 0 , 0 , 0 , 0 , 0 , 0 , 0 , 
1e+100 , 0.142163 , 0.148151 , 0.154851 , 0.161502 , 0.166418 , 0.166254 , 0.154783 , 0.120859 , 0 , 0 , 0 , 0 , 0 , 0 , 0 , 0 , 0 , 0 , 0 , 0 , 0 , 0 , 0 , 0 , 0 , 0 , 0 , 0 , 0 , 0 , 0 , 0 , 
1e+100 , 0.137149 , 0.142163 , 0.148151 , 0.154851 , 0.161502 , 0.166418 , 0.166254 , 0.154783 , 0.120859 , 0 , 0 , 0 , 0 , 0 , 0 , 0 , 0 , 0 , 0 , 0 , 0 , 0 , 0 , 0 , 0 , 0 , 0 , 0 , 0 , 0 , 0 , 0 , 
1e+100 , 0.133121 , 0.137149 , 0.142163 , 0.148151 , 0.154851 , 0.161502 , 0.166418 , 0.166254 , 0.154783 , 0.120859 , 0 , 0 , 0 , 0 , 0 , 0 , 0 , 0 , 0 , 0 , 0 , 0 , 0 , 0 , 0 , 0 , 0 , 0 , 0 , 0 , 0 , 0 , 
1e+100 , 0.129975 , 0.133121 , 0.137149 , 0.142163 , 0.148151 , 0.154851 , 0.161502 , 0.166418 , 0.166254 , 0.154783 , 0.120859 , 0 , 0 , 0 , 0 , 0 , 0 , 0 , 0 , 0 , 0 , 0 , 0 , 0 , 0 , 0 , 0 , 0 , 0 , 0 , 0 , 0 , 
1e+100 , 0.127568 , 0.129975 , 0.133121 , 0.137149 , 0.142163 , 0.148151 , 0.154851 , 0.161502 , 0.166418 , 0.166254 , 0.154783 , 0.120859 , 0 , 0 , 0 , 0 , 0 , 0 , 0 , 0 , 0 , 0 , 0 , 0 , 0 , 0 , 0 , 0 , 0 , 0 , 0 , 0 , 
1e+100 , 0.125756 , 0.127568 , 0.129975 , 0.133121 , 0.137149 , 0.142163 , 0.148151 , 0.154851 , 0.161502 , 0.166418 , 0.166254 , 0.154783 , 0.120859 , 0 , 0 , 0 , 0 , 0 , 0 , 0 , 0 , 0 , 0 , 0 , 0 , 0 , 0 , 0 , 0 , 0 , 0 , 0 , 
1e+100 , 0.124409 , 0.125756 , 0.127568 , 0.129975 , 0.133121 , 0.137149 , 0.142163 , 0.148151 , 0.154851 , 0.161502 , 0.166418 , 0.166254 , 0.154783 , 0.120859 , 0 , 0 , 0 , 0 , 0 , 0 , 0 , 0 , 0 , 0 , 0 , 0 , 0 , 0 , 0 , 0 , 0 , 0 , 
1e+100 , 0.123417 , 0.124409 , 0.125756 , 0.127568 , 0.129975 , 0.133121 , 0.137149 , 0.142163 , 0.148151 , 0.154851 , 0.161502 , 0.166418 , 0.166254 , 0.154783 , 0.120859 , 0 , 0 , 0 , 0 , 0 , 0 , 0 , 0 , 0 , 0 , 0 , 0 , 0 , 0 , 0 , 0 , 0 , 
1e+100 , 0.122693 , 0.123417 , 0.124409 , 0.125756 , 0.127568 , 0.129975 , 0.133121 , 0.137149 , 0.142163 , 0.148151 , 0.154851 , 0.161502 , 0.166418 , 0.166254 , 0.154783 , 0.120859 , 0 , 0 , 0 , 0 , 0 , 0 , 0 , 0 , 0 , 0 , 0 , 0 , 0 , 0 , 0 , 0 , 
1e+100 , 0.122168 , 0.122693 , 0.123417 , 0.124409 , 0.125756 , 0.127568 , 0.129975 , 0.133121 , 0.137149 , 0.142163 , 0.148151 , 0.154851 , 0.161502 , 0.166418 , 0.166254 , 0.154783 , 0.120859 , 0 , 0 , 0 , 0 , 0 , 0 , 0 , 0 , 0 , 0 , 0 , 0 , 0 , 0 , 0 , 
1e+100 , 0.12179 , 0.122168 , 0.122693 , 0.123417 , 0.124409 , 0.125756 , 0.127568 , 0.129975 , 0.133121 , 0.137149 , 0.142163 , 0.148151 , 0.154851 , 0.161502 , 0.166418 , 0.166254 , 0.154783 , 0.120859 , 0 , 0 , 0 , 0 , 0 , 0 , 0 , 0 , 0 , 0 , 0 , 0 , 0 , 0 , 
1e+100 , 0.121518 , 0.12179 , 0.122168 , 0.122693 , 0.123417 , 0.124409 , 0.125756 , 0.127568 , 0.129975 , 0.133121 , 0.137149 , 0.142163 , 0.148151 , 0.154851 , 0.161502 , 0.166418 , 0.166254 , 0.154783 , 0.120859 , 0 , 0 , 0 , 0 , 0 , 0 , 0 , 0 , 0 , 0 , 0 , 0 , 0 , 
1e+100 , 0.121325 , 0.121518 , 0.12179 , 0.122168 , 0.122693 , 0.123417 , 0.124409 , 0.125756 , 0.127568 , 0.129975 , 0.133121 , 0.137149 , 0.142163 , 0.148151 , 0.154851 , 0.161502 , 0.166418 , 0.166254 , 0.154783 , 0.120859 , 0 , 0 , 0 , 0 , 0 , 0 , 0 , 0 , 0 , 0 , 0 , 0 , 
1e+100 , 0.121187 , 0.121325 , 0.121518 , 0.12179 , 0.122168 , 0.122693 , 0.123417 , 0.124409 , 0.125756 , 0.127568 , 0.129975 , 0.133121 , 0.137149 , 0.142163 , 0.148151 , 0.154851 , 0.161502 , 0.166418 , 0.166254 , 0.154783 , 0.120859 , 0 , 0 , 0 , 0 , 0 , 0 , 0 , 0 , 0 , 0 , 0 , 
1e+100 , 0.12109 , 0.121187 , 0.121325 , 0.121518 , 0.12179 , 0.122168 , 0.122693 , 0.123417 , 0.124409 , 0.125756 , 0.127568 , 0.129975 , 0.133121 , 0.137149 , 0.142163 , 0.148151 , 0.154851 , 0.161502 , 0.166418 , 0.166254 , 0.154783 , 0.120859 , 0 , 0 , 0 , 0 , 0 , 0 , 0 , 0 , 0 , 0 , 
1e+100 , 0.121021 , 0.12109 , 0.121187 , 0.121325 , 0.121518 , 0.12179 , 0.122168 , 0.122693 , 0.123417 , 0.124409 , 0.125756 , 0.127568 , 0.129975 , 0.133121 , 0.137149 , 0.142163 , 0.148151 , 0.154851 , 0.161502 , 0.166418 , 0.166254 , 0.154783 , 0.120859 , 0 , 0 , 0 , 0 , 0 , 0 , 0 , 0 , 0 , 
1e+100 , 0.120972 , 0.121021 , 0.12109 , 0.121187 , 0.121325 , 0.121518 , 0.12179 , 0.122168 , 0.122693 , 0.123417 , 0.124409 , 0.125756 , 0.127568 , 0.129975 , 0.133121 , 0.137149 , 0.142163 , 0.148151 , 0.154851 , 0.161502 , 0.166418 , 0.166254 , 0.154783 , 0.120859 , 0 , 0 , 0 , 0 , 0 , 0 , 0 , 0 , 
1e+100 , 0.120938 , 0.120972 , 0.121021 , 0.12109 , 0.121187 , 0.121325 , 0.121518 , 0.12179 , 0.122168 , 0.122693 , 0.123417 , 0.124409 , 0.125756 , 0.127568 , 0.129975 , 0.133121 , 0.137149 , 0.142163 , 0.148151 , 0.154851 , 0.161502 , 0.166418 , 0.166254 , 0.154783 , 0.120859 , 0 , 0 , 0 , 0 , 0 , 0 , 0 , 
1e+100 , 0.120914 , 0.120938 , 0.120972 , 0.121021 , 0.12109 , 0.121187 , 0.121325 , 0.121518 , 0.12179 , 0.122168 , 0.122693 , 0.123417 , 0.124409 , 0.125756 , 0.127568 , 0.129975 , 0.133121 , 0.137149 , 0.142163 , 0.148151 , 0.154851 , 0.161502 , 0.166418 , 0.166254 , 0.154783 , 0.120859 , 0 , 0 , 0 , 0 , 0 , 0 , 
1e+100 , 0.120898 , 0.120914 , 0.120938 , 0.120972 , 0.121021 , 0.12109 , 0.121187 , 0.121325 , 0.121518 , 0.12179 , 0.122168 , 0.122693 , 0.123417 , 0.124409 , 0.125756 , 0.127568 , 0.129975 , 0.133121 , 0.137149 , 0.142163 , 0.148151 , 0.154851 , 0.161502 , 0.166418 , 0.166254 , 0.154783 , 0.120859 , 0 , 0 , 0 , 0 , 0 , 
1e+100 , 0.120886 , 0.120898 , 0.120914 , 0.120938 , 0.120972 , 0.121021 , 0.12109 , 0.121187 , 0.121325 , 0.121518 , 0.12179 , 0.122168 , 0.122693 , 0.123417 , 0.124409 , 0.125756 , 0.127568 , 0.129975 , 0.133121 , 0.137149 , 0.142163 , 0.148151 , 0.154851 , 0.161502 , 0.166418 , 0.166254 , 0.154783 , 0.120859 , 0 , 0 , 0 , 0 , 
1e+100 , 0.120878 , 0.120886 , 0.120898 , 0.120914 , 0.120938 , 0.120972 , 0.121021 , 0.12109 , 0.121187 , 0.121325 , 0.121518 , 0.12179 , 0.122168 , 0.122693 , 0.123417 , 0.124409 , 0.125756 , 0.127568 , 0.129975 , 0.133121 , 0.137149 , 0.142163 , 0.148151 , 0.154851 , 0.161502 , 0.166418 , 0.166254 , 0.154783 , 0.120859 , 0 , 0 , 0 , 
1e+100 , 0.120872 , 0.120878 , 0.120886 , 0.120898 , 0.120914 , 0.120938 , 0.120972 , 0.121021 , 0.12109 , 0.121187 , 0.121325 , 0.121518 , 0.12179 , 0.122168 , 0.122693 , 0.123417 , 0.124409 , 0.125756 , 0.127568 , 0.129975 , 0.133121 , 0.137149 , 0.142163 , 0.148151 , 0.154851 , 0.161502 , 0.166418 , 0.166254 , 0.154783 , 0.120859 , 0 , 0 , 
1e+100 , 0.120868 , 0.120872 , 0.120878 , 0.120886 , 0.120898 , 0.120914 , 0.120938 , 0.120972 , 0.121021 , 0.12109 , 0.121187 , 0.121325 , 0.121518 , 0.12179 , 0.122168 , 0.122693 , 0.123417 , 0.124409 , 0.125756 , 0.127568 , 0.129975 , 0.133121 , 0.137149 , 0.142163 , 0.148151 , 0.154851 , 0.161502 , 0.166418 , 0.166254 , 0.154783 , 0.120859 , 0 , 
1e+100 , 0.120866 , 0.120868 , 0.120872 , 0.120878 , 0.120886 , 0.120898 , 0.120914 , 0.120938 , 0.120972 , 0.121021 , 0.12109 , 0.121187 , 0.121325 , 0.121518 , 0.12179 , 0.122168 , 0.122693 , 0.123417 , 0.124409 , 0.125756 , 0.127568 , 0.129975 , 0.133121 , 0.137149 , 0.142163 , 0.148151 , 0.154851 , 0.161502 , 0.166418 , 0.166254 , 0.154783 , 0.120859 , 

h*g ,
1e+200 , 0 , 0 , 0 , 0 , 0 , 0 , 0 , 0 , 0 , 0 , 0 , 0 , 0 , 0 , 0 , 0 , 0 , 0 , 0 , 0 , 0 , 0 , 0 , 0 , 0 , 0 , 0 , 0 , 0 , 0 , 0 , 0 , 
1e+200 , 0.130717 , 0 , 0 , 0 , 0 , 0 , 0 , 0 , 0 , 0 , 0 , 0 , 0 , 0 , 0 , 0 , 0 , 0 , 0 , 0 , 0 , 0 , 0 , 0 , 0 , 0 , 0 , 0 , 0 , 0 , 0 , 0 , 
1e+200 , 0.167408 , 0.130717 , 0 , 0 , 0 , 0 , 0 , 0 , 0 , 0 , 0 , 0 , 0 , 0 , 0 , 0 , 0 , 0 , 0 , 0 , 0 , 0 , 0 , 0 , 0 , 0 , 0 , 0 , 0 , 0 , 0 , 0 , 
1e+200 , 0.179815 , 0.167408 , 0.130717 , 0 , 0 , 0 , 0 , 0 , 0 , 0 , 0 , 0 , 0 , 0 , 0 , 0 , 0 , 0 , 0 , 0 , 0 , 0 , 0 , 0 , 0 , 0 , 0 , 0 , 0 , 0 , 0 , 0 , 
1e+200 , 0.165198 , 0.165035 , 0.160427 , 0.125267 , 0 , 0 , 0 , 0 , 0 , 0 , 0 , 0 , 0 , 0 , 0 , 0 , 0 , 0 , 0 , 0 , 0 , 0 , 0 , 0 , 0 , 0 , 0 , 0 , 0 , 0 , 0 , 0 , 
1e+200 , 0.145961 , 0.150404 , 0.157537 , 0.153447 , 0.119816 , 0 , 0 , 0 , 0 , 0 , 0 , 0 , 0 , 0 , 0 , 0 , 0 , 0 , 0 , 0 , 0 , 0 , 0 , 0 , 0 , 0 , 0 , 0 , 0 , 0 , 0 , 0 , 
1e+200 , 0.150899 , 0.157381 , 0.154586 , 0.146855 , 0.157553 , 0.123022 , 0 , 0 , 0 , 0 , 0 , 0 , 0 , 0 , 0 , 0 , 0 , 0 , 0 , 0 , 0 , 0 , 0 , 0 , 0 , 0 , 0 , 0 , 0 , 0 , 0 , 0 , 
1e+200 , 0.154846 , 0.161849 , 0.147004 , 0.129018 , 0.151265 , 0.161659 , 0.126228 , 0 , 0 , 0 , 0 , 0 , 0 , 0 , 0 , 0 , 0 , 0 , 0 , 0 , 0 , 0 , 0 , 0 , 0 , 0 , 0 , 0 , 0 , 0 , 0 , 0 , 
1e+200 , 0.151395 , 0.157772 , 0.144666 , 0.12977 , 0.144773 , 0.155672 , 0.153086 , 0.119534 , 0 , 0 , 0 , 0 , 0 , 0 , 0 , 0 , 0 , 0 , 0 , 0 , 0 , 0 , 0 , 0 , 0 , 0 , 0 , 0 , 0 , 0 , 0 , 0 , 
1e+200 , 0.148764 , 0.154202 , 0.141963 , 0.1288 , 0.134051 , 0.13784 , 0.146464 , 0.144513 , 0.11284 , 0 , 0 , 0 , 0 , 0 , 0 , 0 , 0 , 0 , 0 , 0 , 0 , 0 , 0 , 0 , 0 , 0 , 0 , 0 , 0 , 0 , 0 , 0 , 
1e+200 , 0.149215 , 0.15373 , 0.142671 , 0.131299 , 0.133596 , 0.135538 , 0.140939 , 0.142074 , 0.139935 , 0.109265 , 0 , 0 , 0 , 0 , 0 , 0 , 0 , 0 , 0 , 0 , 0 , 0 , 0 , 0 , 0 , 0 , 0 , 0 , 0 , 0 , 0 , 0 , 
1e+200 , 0.150395 , 0.154036 , 0.143859 , 0.133738 , 0.132663 , 0.131652 , 0.131273 , 0.129052 , 0.137156 , 0.135356 , 0.10569 , 0 , 0 , 0 , 0 , 0 , 0 , 0 , 0 , 0 , 0 , 0 , 0 , 0 , 0 , 0 , 0 , 0 , 0 , 0 , 0 , 0 , 
1e+200 , 0.145576 , 0.148323 , 0.141954 , 0.13599 , 0.133125 , 0.130566 , 0.129483 , 0.127757 , 0.134056 , 0.136332 , 0.131703 , 0.102838 , 0 , 0 , 0 , 0 , 0 , 0 , 0 , 0 , 0 , 0 , 0 , 0 , 0 , 0 , 0 , 0 , 0 , 0 , 0 , 0 , 
1e+200 , 0.141503 , 0.143542 , 0.140865 , 0.138759 , 0.134049 , 0.129714 , 0.127341 , 0.124909 , 0.126956 , 0.127401 , 0.132408 , 0.12805 , 0.0999856 , 0 , 0 , 0 , 0 , 0 , 0 , 0 , 0 , 0 , 0 , 0 , 0 , 0 , 0 , 0 , 0 , 0 , 0 , 0 , 
1e+200 , 0.139963 , 0.141479 , 0.137644 , 0.134256 , 0.131714 , 0.129733 , 0.126647 , 0.123824 , 0.125041 , 0.12584 , 0.130581 , 0.131361 , 0.12558 , 0.0980571 , 0 , 0 , 0 , 0 , 0 , 0 , 0 , 0 , 0 , 0 , 0 , 0 , 0 , 0 , 0 , 0 , 0 , 0 , 
1e+200 , 0.138824 , 0.13994 , 0.135085 , 0.130569 , 0.130166 , 0.130381 , 0.126476 , 0.122963 , 0.1228 , 0.122769 , 0.124823 , 0.125305 , 0.128708 , 0.123111 , 0.0961285 , 0 , 0 , 0 , 0 , 0 , 0 , 0 , 0 , 0 , 0 , 0 , 0 , 0 , 0 , 0 , 0 , 0 , 
1e+200 , 0.136915 , 0.137723 , 0.132929 , 0.128405 , 0.127143 , 0.126371 , 0.123987 , 0.122132 , 0.121122 , 0.120519 , 0.122309 , 0.123744 , 0.127977 , 0.128316 , 0.122408 , 0.0955803 , 0 , 0 , 0 , 0 , 0 , 0 , 0 , 0 , 0 , 0 , 0 , 0 , 0 , 0 , 0 , 0 , 
1e+200 , 0.135239 , 0.13582 , 0.131167 , 0.126723 , 0.124733 , 0.123119 , 0.122253 , 0.121947 , 0.120021 , 0.118586 , 0.119529 , 0.120699 , 0.123363 , 0.124521 , 0.127562 , 0.121706 , 0.0950321 , 0 , 0 , 0 , 0 , 0 , 0 , 0 , 0 , 0 , 0 , 0 , 0 , 0 , 0 , 0 , 
1e+200 , 0.135065 , 0.135484 , 0.130745 , 0.126165 , 0.124117 , 0.122367 , 0.120934 , 0.119959 , 0.118344 , 0.11727 , 0.117055 , 0.117293 , 0.120176 , 0.122813 , 0.127132 , 0.127586 , 0.118775 , 0.0927433 , 0 , 0 , 0 , 0 , 0 , 0 , 0 , 0 , 0 , 0 , 0 , 0 , 0 , 0 , 
1e+200 , 0.135008 , 0.13531 , 0.130532 , 0.125873 , 0.123843 , 0.122042 , 0.120147 , 0.118614 , 0.117352 , 0.116608 , 0.1152 , 0.114295 , 0.116788 , 0.119645 , 0.122837 , 0.124569 , 0.124438 , 0.115844 , 0.0904544 , 0 , 0 , 0 , 0 , 0 , 0 , 0 , 0 , 0 , 0 , 0 , 0 , 0 , 
1e+200 , 0.137021 , 0.13724 , 0.131734 , 0.126314 , 0.124356 , 0.122574 , 0.120396 , 0.118503 , 0.116466 , 0.114848 , 0.112201 , 0.110005 , 0.110724 , 0.111946 , 0.115809 , 0.119533 , 0.121668 , 0.120046 , 0.112044 , 0.0874874 , 0 , 0 , 0 , 0 , 0 , 0 , 0 , 0 , 0 , 0 , 0 , 0 , 
1e+200 , 0.139091 , 0.139248 , 0.133043 , 0.126898 , 0.125058 , 0.123351 , 0.120961 , 0.11879 , 0.11608 , 0.113699 , 0.109924 , 0.106522 , 0.105522 , 0.105002 , 0.108916 , 0.113309 , 0.115267 , 0.115777 , 0.115964 , 0.108244 , 0.0845203 , 0 , 0 , 0 , 0 , 0 , 0 , 0 , 0 , 0 , 0 , 0 , 
1e+200 , 0.14531 , 0.145427 , 0.137517 , 0.129649 , 0.126753 , 0.123951 , 0.121811 , 0.119841 , 0.116905 , 0.114229 , 0.109538 , 0.105147 , 0.101808 , 0.0988257 , 0.100707 , 0.103144 , 0.106796 , 0.110328 , 0.112813 , 0.11183 , 0.106633 , 0.083262 , 0 , 0 , 0 , 0 , 0 , 0 , 0 , 0 , 0 , 0 , 
1e+200 , 0.151555 , 0.151642 , 0.142042 , 0.132471 , 0.128549 , 0.124692 , 0.122843 , 0.121125 , 0.118024 , 0.115126 , 0.109607 , 0.104323 , 0.0988015 , 0.0935226 , 0.0934826 , 0.0939249 , 0.0986132 , 0.103838 , 0.106311 , 0.107499 , 0.110099 , 0.105021 , 0.0820038 , 0 , 0 , 0 , 0 , 0 , 0 , 0 , 0 , 0 , 
1e+200 , 0.1522 , 0.152261 , 0.14518 , 0.138123 , 0.132369 , 0.126661 , 0.123896 , 0.121223 , 0.118597 , 0.116131 , 0.110862 , 0.105793 , 0.0992073 , 0.0928154 , 0.0896517 , 0.0867906 , 0.0897436 , 0.0932947 , 0.0978732 , 0.102452 , 0.106505 , 0.107333 , 0.10279 , 0.0802612 , 0 , 0 , 0 , 0 , 0 , 0 , 0 , 0 , 
1e+200 , 0.152862 , 0.152905 , 0.148347 , 0.143808 , 0.13624 , 0.128703 , 0.125049 , 0.121461 , 0.119349 , 0.117362 , 0.112389 , 0.107581 , 0.100002 , 0.092572 , 0.0864735 , 0.0805319 , 0.0818671 , 0.0837178 , 0.0897547 , 0.096438 , 0.0997652 , 0.101962 , 0.104936 , 0.100558 , 0.0785187 , 0 , 0 , 0 , 0 , 0 , 0 , 0 , 
1e+200 , 0.154203 , 0.154234 , 0.149732 , 0.145246 , 0.139345 , 0.133469 , 0.128094 , 0.122764 , 0.119958 , 0.117242 , 0.113086 , 0.109066 , 0.102111 , 0.0952998 , 0.0879244 , 0.0806696 , 0.0782624 , 0.0761389 , 0.0807691 , 0.0860959 , 0.091756 , 0.0975396 , 0.101548 , 0.102487 , 0.0990092 , 0.0773094 , 0 , 0 , 0 , 0 , 0 , 0 , 
1e+200 , 0.155552 , 0.155574 , 0.151135 , 0.146706 , 0.142478 , 0.13827 , 0.13119 , 0.124139 , 0.120668 , 0.117259 , 0.113953 , 0.110756 , 0.104452 , 0.0982781 , 0.0896842 , 0.0811791 , 0.0752411 , 0.0694121 , 0.0727518 , 0.0766959 , 0.0840542 , 0.09217 , 0.0951602 , 0.0970584 , 0.100823 , 0.0974605 , 0.0761002 , 0 , 0 , 0 , 0 , 0 , 
1e+200 , 0.151098 , 0.151113 , 0.149764 , 0.148423 , 0.144252 , 0.140096 , 0.134345 , 0.128618 , 0.123519 , 0.118462 , 0.114819 , 0.111256 , 0.106114 , 0.101088 , 0.0934018 , 0.0858229 , 0.0783807 , 0.0710169 , 0.0699749 , 0.0692478 , 0.075385 , 0.082318 , 0.0878051 , 0.0934167 , 0.0975972 , 0.0988368 , 0.0967312 , 0.0755307 , 0 , 0 , 0 , 0 , 
1e+200 , 0.146649 , 0.146659 , 0.148402 , 0.150152 , 0.146042 , 0.141943 , 0.137528 , 0.133132 , 0.126419 , 0.119735 , 0.11578 , 0.111883 , 0.107926 , 0.104067 , 0.0972984 , 0.0906381 , 0.0817358 , 0.0728872 , 0.0676962 , 0.0626099 , 0.0676405 , 0.0733638 , 0.0807186 , 0.0888266 , 0.0914872 , 0.0930819 , 0.0980535 , 0.096002 , 0.0749613 , 0 , 0 , 0 , 
1e+200 , 0.134891 , 0.134897 , 0.141103 , 0.147314 , 0.146112 , 0.144919 , 0.140637 , 0.136369 , 0.130831 , 0.125318 , 0.119942 , 0.114606 , 0.110582 , 0.106632 , 0.101218 , 0.0959084 , 0.0880501 , 0.0802812 , 0.0732187 , 0.0662256 , 0.0662456 , 0.0666192 , 0.0730147 , 0.0802172 , 0.0854257 , 0.0907436 , 0.0954373 , 0.0972729 , 0.0960903 , 0.0750303 , 0 , 0 , 
1e+200 , 0.123136 , 0.12314 , 0.133809 , 0.144483 , 0.146191 , 0.147905 , 0.14376 , 0.139625 , 0.135269 , 0.13093 , 0.124147 , 0.117392 , 0.11332 , 0.109303 , 0.105256 , 0.101304 , 0.0944809 , 0.08776 , 0.0788583 , 0.0700005 , 0.0652578 , 0.0606273 , 0.066155 , 0.0724015 , 0.0795351 , 0.0874007 , 0.0899854 , 0.0915192 , 0.0973678 , 0.0961786 , 0.0750992 , 0 , 
1e+200 , 0.123133 , 0.123136 , 0.133803 , 0.144473 , 0.146177 , 0.147885 , 0.143732 , 0.139586 , 0.135214 , 0.130856 , 0.124048 , 0.117259 , 0.113139 , 0.10906 , 0.104931 , 0.10087 , 0.0939265 , 0.0870603 , 0.0780134 , 0.0690062 , 0.0640494 , 0.0591944 , 0.0642119 , 0.0698481 , 0.0763203 , 0.083619 , 0.0862793 , 0.0888158 , 0.0974638 , 0.103307 , 0.0961786 , 0.0750992 , 

shifts ,
0 , 0 , 0 , 0 , 0 , 0 , 0 , 0 , 0 , 0 , 0 , 0 , 0 , 0 , 0 , 0 , 0 , 0 , 0 , 0 , 0 , 0 , 0 , 0 , 0 , 0 , 0 , 0 , 0 , 0 , 0 , 0 , 0 , 
0 , 0 , 0 , 0 , 0 , 0 , 0 , 0 , 0 , 0 , 0 , 0 , 0 , 0 , 0 , 0 , 0 , 0 , 0 , 0 , 0 , 0 , 0 , 0 , 0 , 0 , 0 , 0 , 0 , 0 , 0 , 0 , 0 , 
0 , 0 , 0 , 0 , 0 , 0 , 0 , 0 , 0 , 0 , 0 , 0 , 0 , 0 , 0 , 0 , 0 , 0 , 0 , 0 , 0 , 0 , 0 , 0 , 0 , 0 , 0 , 0 , 0 , 0 , 0 , 0 , 0 , 
0 , 0 , 0 , 0 , 0 , 0 , 0 , 0 , 0 , 0 , 0 , 0 , 0 , 0 , 0 , 0 , 0 , 0 , 0 , 0 , 0 , 0 , 0 , 0 , 0 , 0 , 0 , 0 , 0 , 0 , 0 , 0 , 0 , 
0 , 0 , 0 , 0 , 0 , 0 , 0 , 0 , 0 , 0 , 0 , 0 , 0 , 0 , 0 , 0 , 0 , 0 , 0 , 0 , 0 , 0 , 0 , 0 , 0 , 0 , 0 , 0 , 0 , 0 , 0 , 0 , 0 , 
0 , 0 , 0 , 0 , 0 , 0 , 0 , 0 , 0 , 0 , 0 , 0 , 0 , 0 , 0 , 0 , 0 , 0 , 0 , 0 , 0 , 0 , 0 , 0 , 0 , 0 , 0 , 0 , 0 , 0 , 0 , 0 , 0 , 
0 , 0 , 0 , 0 , 0 , 0 , 0 , 0 , 0 , 0 , 0 , 0 , 0 , 0 , 0 , 0 , 0 , 0 , 0 , 0 , 0 , 0 , 0 , 0 , 0 , 0 , 0 , 0 , 0 , 0 , 0 , 0 , 0 , 
0 , 0 , 0 , 0 , 0 , 0 , 0 , 0 , 0 , 0 , 0 , 0 , 0 , 0 , 0 , 0 , 0 , 0 , 0 , 0 , 0 , 0 , 0 , 0 , 0 , 0 , 0 , 0 , 0 , 0 , 0 , 0 , 0 , 
0 , 0 , 0 , 0 , 0 , 0 , 0 , 0 , 0 , 0 , 0 , 0 , 0 , 0 , 0 , 0 , 0 , 0 , 0 , 0 , 0 , 0 , 0 , 0 , 0 , 0 , 0 , 0 , 0 , 0 , 0 , 0 , 0 , 
0 , 0 , 0 , 0 , 0 , 0 , 0 , 0 , 0 , 0 , 0 , 0 , 0 , 0 , 0 , 0 , 0 , 0 , 0 , 0 , 0 , 0 , 0 , 0 , 0 , 0 , 0 , 0 , 0 , 0 , 0 , 0 , 0 , 
0 , 0 , 0 , 0 , 0 , 0 , 0 , 0 , 0 , 0 , 0 , 0 , 0 , 0 , 0 , 0 , 0 , 0 , 0 , 0 , 0 , 0 , 0 , 0 , 0 , 0 , 0 , 0 , 0 , 0 , 0 , 0 , 0 , 
0 , 0 , 0 , 0 , 0 , 0 , 0 , 0 , 0 , 0 , 0 , 0 , 0 , 0 , 0 , 0 , 0 , 0 , 0 , 0 , 0 , 0 , 0 , 0 , 0 , 0 , 0 , 0 , 0 , 0 , 0 , 0 , 0 , 
0 , 0 , 0 , 0 , 0 , 0 , 0 , 0 , 0 , 0 , 0 , 0 , 0 , 0 , 0 , 0 , 0 , 0 , 0 , 0 , 0 , 0 , 0 , 0 , 0 , 0 , 0 , 0 , 0 , 0 , 0 , 0 , 0 , 
0 , 0 , 0 , 0 , 0 , 0 , 0 , 0 , 0 , 0 , 0 , 0 , 0 , 0 , 0 , 0 , 0 , 0 , 0 , 0 , 0 , 0 , 0 , 0 , 0 , 0 , 0 , 0 , 0 , 0 , 0 , 0 , 0 , 
0 , 0 , 0 , 0 , 0 , 0 , 0 , 0 , 0 , 0 , 0 , 0 , 0 , 0 , 0 , 0 , 0 , 0 , 0 , 0 , 0 , 0 , 0 , 0 , 0 , 0 , 0 , 0 , 0 , 0 , 0 , 0 , 0 , 
0 , 0 , 0 , 0 , 0 , 0 , 0 , 0 , 0 , 0 , 0 , 0 , 0 , 0 , 0 , 0 , 0 , 0 , 0 , 0 , 0 , 0 , 0 , 0 , 0 , 0 , 0 , 0 , 0 , 0 , 0 , 0 , 0 , 
0 , 0 , 0 , 0 , 0 , 0 , 0 , 0 , 0 , 0 , 0 , 0 , 0 , 0 , 0 , 0 , 0 , 0 , 0 , 0 , 0 , 0 , 0 , 0 , 0 , 0 , 0 , 0 , 0 , 0 , 0 , 0 , 0 , 
0 , 0 , 0 , 0 , 0 , 0 , 0 , 0 , 0 , 0 , 0 , 0 , 0 , 0 , 0 , 0 , 0 , 0 , 0 , 0 , 0 , 0 , 0 , 0 , 0 , 0 , 0 , 0 , 0 , 0 , 0 , 0 , 0 , 
0 , 0 , 0 , 0 , 0 , 0 , 0 , 0 , 0 , 0 , 0 , 0 , 0 , 0 , 0 , 0 , 0 , 0 , 0 , 0 , 0 , 0 , 0 , 0 , 0 , 0 , 0 , 0 , 0 , 0 , 0 , 0 , 0 , 
0 , 0 , 0 , 0 , 0 , 0 , 0 , 0 , 0 , 0 , 0 , 0 , 0 , 0 , 0 , 0 , 0 , 0 , 0 , 0 , 0 , 0 , 0 , 0 , 0 , 0 , 0 , 0 , 0 , 0 , 0 , 0 , 0 , 
0 , 0 , 0 , 0 , 0 , 0 , 0 , 0 , 0 , 0 , 0 , 0 , 0 , 0 , 0 , 0 , 0 , 0 , 0 , 0 , 0 , 0 , 0 , 0 , 0 , 0 , 0 , 0 , 0 , 0 , 0 , 0 , 0 , 
0 , 0 , 0 , 0 , 0 , 0 , 0 , 0 , 0 , 0 , 0 , 0 , 0 , 0 , 0 , 0 , 0 , 0 , 0 , 0 , 0 , 0 , 0 , 0 , 0 , 0 , 0 , 0 , 0 , 0 , 0 , 0 , 0 , 
0 , 0 , 0 , 0 , 0 , 0 , 0 , 0 , 0 , 0 , 0 , 0 , 0 , 0 , 0 , 0 , 0 , 0 , 0 , 0 , 0 , 0 , 0 , 0 , 0 , 0 , 0 , 0 , 0 , 0 , 0 , 0 , 0 , 
0 , 0 , 0 , 0 , 0 , 0 , 0 , 0 , 0 , 0 , 0 , 0 , 0 , 0 , 0 , 0 , 0 , 0 , 0 , 0 , 0 , 0 , 0 , 0 , 0 , 0 , 0 , 0 , 0 , 0 , 0 , 0 , 0 , 
0 , 0 , 0 , 0 , 0 , 0 , 0 , 0 , 0 , 0 , 0 , 0 , 0 , 0 , 0 , 0 , 0 , 0 , 0 , 0 , 0 , 0 , 0 , 0 , 0 , 0 , 0 , 0 , 0 , 0 , 0 , 0 , 0 , 
0 , 0 , 0 , 0 , 0 , 0 , 0 , 0 , 0 , 0 , 0 , 0 , 0 , 0 , 0 , 0 , 0 , 0 , 0 , 0 , 0 , 0 , 0 , 0 , 0 , 0 , 0 , 0 , 0 , 0 , 0 , 0 , 0 , 
0 , 0 , 0 , 0 , 0 , 0 , 0 , 0 , 0 , 0 , 0 , 0 , 0 , 0 , 0 , 0 , 0 , 0 , 0 , 0 , 0 , 0 , 0 , 0 , 0 , 0 , 0 , 0 , 0 , 0 , 0 , 0 , 0 , 
0 , 0 , 0 , 0 , 0 , 0 , 0 , 0 , 0 , 0 , 0 , 0 , 0 , 0 , 0 , 0 , 0 , 0 , 0 , 0 , 0 , 0 , 0 , 0 , 0 , 0 , 0 , 0 , 0 , 0 , 0 , 0 , 0 , 
0 , 0 , 0 , 0 , 0 , 0 , 0 , 0 , 0 , 0 , 0 , 0 , 0 , 0 , 0 , 0 , 0 , 0 , 0 , 0 , 0 , 0 , 0 , 0 , 0 , 0 , 0 , 0 , 0 , 0 , 0 , 0 , 0 , 
0 , 0 , 0 , 0 , 0 , 0 , 0 , 0 , 0 , 0 , 0 , 0 , 0 , 0 , 0 , 0 , 0 , 0 , 0 , 0 , 0 , 0 , 0 , 0 , 0 , 0 , 0 , 0 , 0 , 0 , 0 , 0 , 0 , 
0 , 0 , 0 , 0 , 0 , 0 , 0 , 0 , 0 , 0 , 0 , 0 , 0 , 0 , 0 , 0 , 0 , 0 , 0 , 0 , 0 , 0 , 0 , 0 , 0 , 0 , 0 , 0 , 0 , 0 , 0 , 0 , 0 , 
0 , 0 , 0 , 0 , 0 , 0 , 0 , 0 , 0 , 0 , 0 , 0 , 0 , 0 , 0 , 0 , 0 , 0 , 0 , 0 , 0 , 0 , 0 , 0 , 0 , 0 , 0 , 0 , 0 , 0 , 0 , 0 , 0 , 
0 , 0 , 0 , 0 , 0 , 0 , 0 , 0 , 0 , 0 , 0 , 0 , 0 , 0 , 0 , 0 , 0 , 0 , 0 , 0 , 0 , 0 , 0 , 0 , 0 , 0 , 0 , 0 , 0 , 0 , 0 , 0 , 0 , 

