g ,
1e+100 , 0 , 0 , 0 , 0 , 0 , 0 , 0 , 0 , 0 , 0 , 0 , 0 , 0 , 0 , 0 , 0 , 0 , 0 , 0 , 0 , 0 , 0 , 0 , 0 , 0 , 0 , 0 , 0 , 0 , 0 , 0 , 0 , 
1e+100 , 1.08178 , 0 , 0 , 0 , 0 , 0 , 0 , 0 , 0 , 0 , 0 , 0 , 0 , 0 , 0 , 0 , 0 , 0 , 0 , 0 , 0 , 0 , 0 , 0 , 0 , 0 , 0 , 0 , 0 , 0 , 0 , 0 , 
1e+100 , 1.08178 , 1.08178 , 0 , 0 , 0 , 0 , 0 , 0 , 0 , 0 , 0 , 0 , 0 , 0 , 0 , 0 , 0 , 0 , 0 , 0 , 0 , 0 , 0 , 0 , 0 , 0 , 0 , 0 , 0 , 0 , 0 , 0 , 
1e+100 , 1.08178 , 1.08178 , 1.08178 , 0 , 0 , 0 , 0 , 0 , 0 , 0 , 0 , 0 , 0 , 0 , 0 , 0 , 0 , 0 , 0 , 0 , 0 , 0 , 0 , 0 , 0 , 0 , 0 , 0 , 0 , 0 , 0 , 0 , 
1e+100 , 0.991843 , 0.991843 , 1.03824 , 1.03824 , 0 , 0 , 0 , 0 , 0 , 0 , 0 , 0 , 0 , 0 , 0 , 0 , 0 , 0 , 0 , 0 , 0 , 0 , 0 , 0 , 0 , 0 , 0 , 0 , 0 , 0 , 0 , 0 , 
1e+100 , 0.901909 , 0.901909 , 0.948311 , 0.994713 , 0.994713 , 0 , 0 , 0 , 0 , 0 , 0 , 0 , 0 , 0 , 0 , 0 , 0 , 0 , 0 , 0 , 0 , 0 , 0 , 0 , 0 , 0 , 0 , 0 , 0 , 0 , 0 , 0 , 
1e+100 , 0.97603 , 0.97603 , 0.927537 , 0.879044 , 1.02265 , 1.02265 , 0 , 0 , 0 , 0 , 0 , 0 , 0 , 0 , 0 , 0 , 0 , 0 , 0 , 0 , 0 , 0 , 0 , 0 , 0 , 0 , 0 , 0 , 0 , 0 , 0 , 0 , 
1e+100 , 1.05015 , 1.05015 , 0.906763 , 0.763375 , 0.90698 , 1.05058 , 1.05058 , 0 , 0 , 0 , 0 , 0 , 0 , 0 , 0 , 0 , 0 , 0 , 0 , 0 , 0 , 0 , 0 , 0 , 0 , 0 , 0 , 0 , 0 , 0 , 0 , 0 , 
1e+100 , 1.06433 , 1.06433 , 0.935371 , 0.806407 , 0.868149 , 0.929892 , 0.997292 , 0.997292 , 0 , 0 , 0 , 0 , 0 , 0 , 0 , 0 , 0 , 0 , 0 , 0 , 0 , 0 , 0 , 0 , 0 , 0 , 0 , 0 , 0 , 0 , 0 , 0 , 
1e+100 , 1.07852 , 1.07852 , 0.963979 , 0.849438 , 0.829318 , 0.809199 , 0.876599 , 0.944 , 0.944 , 0 , 0 , 0 , 0 , 0 , 0 , 0 , 0 , 0 , 0 , 0 , 0 , 0 , 0 , 0 , 0 , 0 , 0 , 0 , 0 , 0 , 0 , 0 , 
1e+100 , 1.12031 , 1.12031 , 1.00419 , 0.888084 , 0.865086 , 0.842088 , 0.843681 , 0.845275 , 0.915469 , 0.915469 , 0 , 0 , 0 , 0 , 0 , 0 , 0 , 0 , 0 , 0 , 0 , 0 , 0 , 0 , 0 , 0 , 0 , 0 , 0 , 0 , 0 , 0 , 
1e+100 , 1.16209 , 1.16209 , 1.04441 , 0.92673 , 0.900854 , 0.874978 , 0.810763 , 0.746549 , 0.816743 , 0.886938 , 0.886938 , 0 , 0 , 0 , 0 , 0 , 0 , 0 , 0 , 0 , 0 , 0 , 0 , 0 , 0 , 0 , 0 , 0 , 0 , 0 , 0 , 0 , 
1e+100 , 1.14132 , 1.14132 , 1.06502 , 0.988714 , 0.936983 , 0.885252 , 0.839582 , 0.793912 , 0.801203 , 0.808495 , 0.86473 , 0.86473 , 0 , 0 , 0 , 0 , 0 , 0 , 0 , 0 , 0 , 0 , 0 , 0 , 0 , 0 , 0 , 0 , 0 , 0 , 0 , 0 , 
1e+100 , 1.12056 , 1.12056 , 1.08563 , 1.0507 , 0.973113 , 0.895527 , 0.868401 , 0.841274 , 0.785663 , 0.730052 , 0.786287 , 0.842523 , 0.842523 , 0 , 0 , 0 , 0 , 0 , 0 , 0 , 0 , 0 , 0 , 0 , 0 , 0 , 0 , 0 , 0 , 0 , 0 , 0 , 
1e+100 , 1.12438 , 1.12438 , 1.0789 , 1.03342 , 0.987258 , 0.941098 , 0.892069 , 0.843039 , 0.812849 , 0.782658 , 0.77942 , 0.776181 , 0.827441 , 0.827441 , 0 , 0 , 0 , 0 , 0 , 0 , 0 , 0 , 0 , 0 , 0 , 0 , 0 , 0 , 0 , 0 , 0 , 0 , 
1e+100 , 1.12821 , 1.12821 , 1.07217 , 1.01614 , 1.0014 , 0.986669 , 0.915736 , 0.844804 , 0.840035 , 0.835265 , 0.772552 , 0.709839 , 0.761099 , 0.812359 , 0.812359 , 0 , 0 , 0 , 0 , 0 , 0 , 0 , 0 , 0 , 0 , 0 , 0 , 0 , 0 , 0 , 0 , 0 , 
1e+100 , 1.11776 , 1.11776 , 1.06865 , 1.01954 , 0.995611 , 0.971678 , 0.927261 , 0.882843 , 0.853182 , 0.82352 , 0.796653 , 0.769785 , 0.762727 , 0.755669 , 0.808241 , 0.808241 , 0 , 0 , 0 , 0 , 0 , 0 , 0 , 0 , 0 , 0 , 0 , 0 , 0 , 0 , 0 , 0 , 
1e+100 , 1.10732 , 1.10732 , 1.06514 , 1.02295 , 0.989819 , 0.956687 , 0.938785 , 0.920883 , 0.866329 , 0.811775 , 0.820753 , 0.829731 , 0.764355 , 0.698979 , 0.751551 , 0.804124 , 0.804124 , 0 , 0 , 0 , 0 , 0 , 0 , 0 , 0 , 0 , 0 , 0 , 0 , 0 , 0 , 0 , 
1e+100 , 1.11081 , 1.11081 , 1.06823 , 1.02566 , 0.998629 , 0.971601 , 0.946354 , 0.921106 , 0.882758 , 0.84441 , 0.824587 , 0.804763 , 0.784652 , 0.764541 , 0.756699 , 0.748858 , 0.785954 , 0.785954 , 0 , 0 , 0 , 0 , 0 , 0 , 0 , 0 , 0 , 0 , 0 , 0 , 0 , 0 , 
1e+100 , 1.11429 , 1.11429 , 1.07133 , 1.02836 , 1.00744 , 0.986515 , 0.953922 , 0.921329 , 0.899187 , 0.877045 , 0.82842 , 0.779795 , 0.804949 , 0.830102 , 0.761848 , 0.693593 , 0.730689 , 0.767785 , 0.767785 , 0 , 0 , 0 , 0 , 0 , 0 , 0 , 0 , 0 , 0 , 0 , 0 , 0 , 
1e+100 , 1.12155 , 1.12155 , 1.07965 , 1.03774 , 1.01841 , 0.999069 , 0.970757 , 0.942445 , 0.911724 , 0.881003 , 0.835173 , 0.789344 , 0.780824 , 0.772305 , 0.758981 , 0.745657 , 0.723996 , 0.702335 , 0.743835 , 0.743835 , 0 , 0 , 0 , 0 , 0 , 0 , 0 , 0 , 0 , 0 , 0 , 0 , 
1e+100 , 1.12882 , 1.12882 , 1.08797 , 1.04712 , 1.02937 , 1.01162 , 0.987592 , 0.963561 , 0.924261 , 0.88496 , 0.841926 , 0.798892 , 0.7567 , 0.714508 , 0.756114 , 0.79772 , 0.717303 , 0.636886 , 0.678386 , 0.719885 , 0.719885 , 0 , 0 , 0 , 0 , 0 , 0 , 0 , 0 , 0 , 0 , 0 , 
1e+100 , 1.20486 , 1.20486 , 1.13055 , 1.05623 , 1.03724 , 1.01826 , 0.998038 , 0.977815 , 0.943425 , 0.909036 , 0.856681 , 0.804326 , 0.754436 , 0.704545 , 0.709725 , 0.714905 , 0.701606 , 0.688307 , 0.669099 , 0.649892 , 0.708988 , 0.708988 , 0 , 0 , 0 , 0 , 0 , 0 , 0 , 0 , 0 , 0 , 
1e+100 , 1.28091 , 1.28091 , 1.17312 , 1.06533 , 1.04512 , 1.0249 , 1.00849 , 0.992068 , 0.96259 , 0.933112 , 0.871437 , 0.809761 , 0.752172 , 0.694583 , 0.663336 , 0.632089 , 0.685908 , 0.739727 , 0.659813 , 0.579898 , 0.638994 , 0.698091 , 0.698091 , 0 , 0 , 0 , 0 , 0 , 0 , 0 , 0 , 0 , 
1e+100 , 1.26017 , 1.26017 , 1.20249 , 1.1448 , 1.08712 , 1.02943 , 1.01276 , 0.99608 , 0.97259 , 0.949099 , 0.896147 , 0.843195 , 0.775458 , 0.707722 , 0.660773 , 0.613825 , 0.632257 , 0.650689 , 0.645116 , 0.639543 , 0.63049 , 0.621436 , 0.684593 , 0.684593 , 0 , 0 , 0 , 0 , 0 , 0 , 0 , 0 , 
1e+100 , 1.23943 , 1.23943 , 1.23185 , 1.22427 , 1.12912 , 1.03396 , 1.01703 , 1.00009 , 0.98259 , 0.965086 , 0.920858 , 0.876629 , 0.798745 , 0.72086 , 0.658211 , 0.595561 , 0.578606 , 0.56165 , 0.63042 , 0.699189 , 0.621985 , 0.544782 , 0.607939 , 0.671096 , 0.671096 , 0 , 0 , 0 , 0 , 0 , 0 , 0 , 
1e+100 , 1.26941 , 1.26941 , 1.23675 , 1.20409 , 1.15557 , 1.10705 , 1.05182 , 0.996585 , 0.980458 , 0.96433 , 0.929005 , 0.893679 , 0.827634 , 0.761588 , 0.687653 , 0.613719 , 0.574407 , 0.535096 , 0.569845 , 0.604595 , 0.60693 , 0.609265 , 0.600284 , 0.591303 , 0.660492 , 0.660492 , 0 , 0 , 0 , 0 , 0 , 0 , 
1e+100 , 1.29939 , 1.29939 , 1.24164 , 1.1839 , 1.18202 , 1.18014 , 1.08661 , 0.993078 , 0.978326 , 0.963575 , 0.937152 , 0.910729 , 0.856522 , 0.802316 , 0.717096 , 0.631876 , 0.570209 , 0.508542 , 0.509271 , 0.510001 , 0.591874 , 0.673748 , 0.592629 , 0.51151 , 0.580699 , 0.649888 , 0.649888 , 0 , 0 , 0 , 0 , 0 , 
1e+100 , 1.25612 , 1.25612 , 1.2381 , 1.22008 , 1.19091 , 1.16173 , 1.11395 , 1.06617 , 1.01297 , 0.959766 , 0.937201 , 0.914635 , 0.871939 , 0.829242 , 0.758111 , 0.68698 , 0.612728 , 0.538477 , 0.510643 , 0.482809 , 0.530945 , 0.579082 , 0.580952 , 0.582822 , 0.575491 , 0.56816 , 0.645004 , 0.645004 , 0 , 0 , 0 , 0 , 
1e+100 , 1.21285 , 1.21285 , 1.23456 , 1.25627 , 1.1998 , 1.14333 , 1.1413 , 1.13926 , 1.04761 , 0.955958 , 0.937249 , 0.918541 , 0.887355 , 0.856169 , 0.799126 , 0.742083 , 0.655247 , 0.568411 , 0.512014 , 0.455618 , 0.470016 , 0.484415 , 0.569275 , 0.654135 , 0.570284 , 0.486433 , 0.563276 , 0.640119 , 0.640119 , 0 , 0 , 0 , 
1e+100 , 1.11193 , 1.11193 , 1.16876 , 1.22558 , 1.2083 , 1.19101 , 1.16146 , 1.13191 , 1.08555 , 1.03919 , 0.983639 , 0.928087 , 0.902522 , 0.876957 , 0.83251 , 0.788064 , 0.716182 , 0.6443 , 0.573033 , 0.501766 , 0.482348 , 0.46293 , 0.514283 , 0.565637 , 0.565981 , 0.566325 , 0.562603 , 0.558882 , 0.640566 , 0.640566 , 0 , 0 , 
1e+100 , 1.01101 , 1.01101 , 1.10296 , 1.1949 , 1.21679 , 1.23869 , 1.18163 , 1.12457 , 1.1235 , 1.12242 , 1.03003 , 0.937634 , 0.917689 , 0.897745 , 0.865894 , 0.834044 , 0.777116 , 0.720188 , 0.634051 , 0.547914 , 0.494679 , 0.441444 , 0.459291 , 0.477138 , 0.561677 , 0.646216 , 0.561931 , 0.477645 , 0.559329 , 0.641013 , 0.641013 , 0 , 
1e+100 , 1.01101 , 1.01101 , 1.10296 , 1.1949 , 1.21679 , 1.23869 , 1.18163 , 1.12457 , 1.1235 , 1.12242 , 1.03003 , 0.937634 , 0.917689 , 0.897745 , 0.865894 , 0.834044 , 0.777116 , 0.720188 , 0.634051 , 0.547914 , 0.494679 , 0.441444 , 0.459291 , 0.477138 , 0.561677 , 0.646216 , 0.561931 , 0.477645 , 0.559329 , 0.641013 , 0.641013 , 0.641013 , 

h ,
1e+100 , 0 , 0 , 0 , 0 , 0 , 0 , 0 , 0 , 0 , 0 , 0 , 0 , 0 , 0 , 0 , 0 , 0 , 0 , 0 , 0 , 0 , 0 , 0 , 0 , 0 , 0 , 0 , 0 , 0 , 0 , 0 , 0 , 
1e+100 , 0.120859 , 0 , 0 , 0 , 0 , 0 , 0 , 0 , 0 , 0 , 0 , 0 , 0 , 0 , 0 , 0 , 0 , 0 , 0 , 0 , 0 , 0 , 0 , 0 , 0 , 0 , 0 , 0 , 0 , 0 , 0 , 0 , 
1e+100 , 0.154783 , 0.120859 , 0 , 0 , 0 , 0 , 0 , 0 , 0 , 0 , 0 , 0 , 0 , 0 , 0 , 0 , 0 , 0 , 0 , 0 , 0 , 0 , 0 , 0 , 0 , 0 , 0 , 0 , 0 , 0 , 0 , 0 , 
1e+100 , 0.166254 , 0.154783 , 0.120859 , 0 , 0 , 0 , 0 , 0 , 0 , 0 , 0 , 0 , 0 , 0 , 0 , 0 , 0 , 0 , 0 , 0 , 0 , 0 , 0 , 0 , 0 , 0 , 0 , 0 , 0 , 0 , 0 , 0 , 
1e+100 , 0.166418 , 0.166254 , 0.154783 , 0.120859 , 0 , 0 , 0 , 0 , 0 , 0 , 0 , 0 , 0 , 0 , 0 , 0 , 0 , 0 , 0 , 0 , 0 , 0 , 0 , 0 , 0 , 0 , 0 , 0 , 0 , 0 , 0 , 0 , 
1e+100 , 0.161502 , 0.166418 , 0.166254 , 0.154783 , 0.120859 , 0 , 0 , 0 , 0 , 0 , 0 , 0 , 0 , 0 , 0 , 0 , 0 , 0 , 0 , 0 , 0 , 0 , 0 , 0 , 0 , 0 , 0 , 0 , 0 , 0 , 0 , 0 , 
1e+100 , 0.154851 , 0.161502 , 0.166418 , 0.166254 , 0.154783 , 0.120859 , 0 , 0 , 0 , 0 , 0 , 0 , 0 , 0 , 0 , 0 , 0 , 0 , 0 , 0 , 0 , 0 , 0 , 0 , 0 , 0 , 0 , 0 , 0 , 0 , 0 , 0 , 
1e+100 , 0.148151 , 0.154851 , 0.161502 , 0.166418 , 0.166254 , 0.154783 , 0.120859 , 0 , 0 , 0 , 0 , 0 , 0 , 0 , 0 , 0 , 0 , 0 , 0 , 0 , 0 , 0 , 0 , 0 , 0 , 0 , 0 , 0 , 0 , 0 , 0 , 0 , 
1e+100 , 0.142163 , 0.148151 , 0.154851 , 0.161502 , 0.166418 , 0.166254 , 0.154783 , 0.120859 , 0 , 0 , 0 , 0 , 0 , 0 , 0 , 0 , 0 , 0 , 0 , 0 , 0 , 0 , 0 , 0 , 0 , 0 , 0 , 0 , 0 , 0 , 0 , 0 , 
1e+100 , 0.137149 , 0.142163 , 0.148151 , 0.154851 , 0.161502 , 0.166418 , 0.166254 , 0.154783 , 0.120859 , 0 , 0 , 0 , 0 , 0 , 0 , 0 , 0 , 0 , 0 , 0 , 0 , 0 , 0 , 0 , 0 , 0 , 0 , 0 , 0 , 0 , 0 , 0 , 
1e+100 , 0.133121 , 0.137149 , 0.142163 , 0.148151 , 0.154851 , 0.161502 , 0.166418 , 0.166254 , 0.154783 , 0.120859 , 0 , 0 , 0 , 0 , 0 , 0 , 0 , 0 , 0 , 0 , 0 , 0 , 0 , 0 , 0 , 0 , 0 , 0 , 0 , 0 , 0 , 0 , 
1e+100 , 0.129975 , 0.133121 , 0.137149 , 0.142163 , 0.148151 , 0.154851 , 0.161502 , 0.166418 , 0.166254 , 0.154783 , 0.120859 , 0 , 0 , 0 , 0 , 0 , 0 , 0 , 0 , 0 , 0 , 0 , 0 , 0 , 0 , 0 , 0 , 0 , 0 , 0 , 0 , 0 , 
1e+100 , 0.127568 , 0.129975 , 0.133121 , 0.137149 , 0.142163 , 0.148151 , 0.154851 , 0.161502 , 0.166418 , 0.166254 , 0.154783 , 0.120859 , 0 , 0 , 0 , 0 , 0 , 0 , 0 , 0 , 0 , 0 , 0 , 0 , 0 , 0 , 0 , 0 , 0 , 0 , 0 , 0 , 
1e+100 , 0.125756 , 0.127568 , 0.129975 , 0.133121 , 0.137149 , 0.142163 , 0.148151 , 0.154851 , 0.161502 , 0.166418 , 0.166254 , 0.154783 , 0.120859 , 0 , 0 , 0 , 0 , 0 , 0 , 0 , 0 , 0 , 0 , 0 , 0 , 0 , 0 , 0 , 0 , 0 , 0 , 0 , 
1e+100 , 0.124409 , 0.125756 , 0.127568 , 0.129975 , 0.133121 , 0.137149 , 0.142163 , 0.148151 , 0.154851 , 0.161502 , 0.166418 , 0.166254 , 0.154783 , 0.120859 , 0 , 0 , 0 , 0 , 0 , 0 , 0 , 0 , 0 , 0 , 0 , 0 , 0 , 0 , 0 , 0 , 0 , 0 , 
1e+100 , 0.123417 , 0.124409 , 0.125756 , 0.127568 , 0.129975 , 0.133121 , 0.137149 , 0.142163 , 0.148151 , 0.154851 , 0.161502 , 0.166418 , 0.166254 , 0.154783 , 0.120859 , 0 , 0 , 0 , 0 , 0 , 0 , 0 , 0 , 0 , 0 , 0 , 0 , 0 , 0 , 0 , 0 , 0 , 
1e+100 , 0.122693 , 0.123417 , 0.124409 , 0.125756 , 0.127568 , 0.129975 , 0.133121 , 0.137149 , 0.142163 , 0.148151 , 0.154851 , 0.161502 , 0.166418 , 0.166254 , 0.154783 , 0.120859 , 0 , 0 , 0 , 0 , 0 , 0 , 0 , 0 , 0 , 0 , 0 , 0 , 0 , 0 , 0 , 0 , 
1e+100 , 0.122168 , 0.122693 , 0.123417 , 0.124409 , 0.125756 , 0.127568 , 0.129975 , 0.133121 , 0.137149 , 0.142163 , 0.148151 , 0.154851 , 0.161502 , 0.166418 , 0.166254 , 0.154783 , 0.120859 , 0 , 0 , 0 , 0 , 0 , 0 , 0 , 0 , 0 , 0 , 0 , 0 , 0 , 0 , 0 , 
1e+100 , 0.12179 , 0.122168 , 0.122693 , 0.123417 , 0.124409 , 0.125756 , 0.127568 , 0.129975 , 0.133121 , 0.137149 , 0.142163 , 0.148151 , 0.154851 , 0.161502 , 0.166418 , 0.166254 , 0.154783 , 0.120859 , 0 , 0 , 0 , 0 , 0 , 0 , 0 , 0 , 0 , 0 , 0 , 0 , 0 , 0 , 
1e+100 , 0.121518 , 0.12179 , 0.122168 , 0.122693 , 0.123417 , 0.124409 , 0.125756 , 0.127568 , 0.129975 , 0.133121 , 0.137149 , 0.142163 , 0.148151 , 0.154851 , 0.161502 , 0.166418 , 0.166254 , 0.154783 , 0.120859 , 0 , 0 , 0 , 0 , 0 , 0 , 0 , 0 , 0 , 0 , 0 , 0 , 0 , 
1e+100 , 0.121325 , 0.121518 , 0.12179 , 0.122168 , 0.122693 , 0.123417 , 0.124409 , 0.125756 , 0.127568 , 0.129975 , 0.133121 , 0.137149 , 0.142163 , 0.148151 , 0.154851 , 0.161502 , 0.166418 , 0.166254 , 0.154783 , 0.120859 , 0 , 0 , 0 , 0 , 0 , 0 , 0 , 0 , 0 , 0 , 0 , 0 , 
1e+100 , 0.121187 , 0.121325 , 0.121518 , 0.12179 , 0.122168 , 0.122693 , 0.123417 , 0.124409 , 0.125756 , 0.127568 , 0.129975 , 0.133121 , 0.137149 , 0.142163 , 0.148151 , 0.154851 , 0.161502 , 0.166418 , 0.166254 , 0.154783 , 0.120859 , 0 , 0 , 0 , 0 , 0 , 0 , 0 , 0 , 0 , 0 , 0 , 
1e+100 , 0.12109 , 0.121187 , 0.121325 , 0.121518 , 0.12179 , 0.122168 , 0.122693 , 0.123417 , 0.124409 , 0.125756 , 0.127568 , 0.129975 , 0.133121 , 0.137149 , 0.142163 , 0.148151 , 0.154851 , 0.161502 , 0.166418 , 0.166254 , 0.154783 , 0.120859 , 0 , 0 , 0 , 0 , 0 , 0 , 0 , 0 , 0 , 0 , 
1e+100 , 0.121021 , 0.12109 , 0.121187 , 0.121325 , 0.121518 , 0.12179 , 0.122168 , 0.122693 , 0.123417 , 0.124409 , 0.125756 , 0.127568 , 0.129975 , 0.133121 , 0.137149 , 0.142163 , 0.148151 , 0.154851 , 0.161502 , 0.166418 , 0.166254 , 0.154783 , 0.120859 , 0 , 0 , 0 , 0 , 0 , 0 , 0 , 0 , 0 , 
1e+100 , 0.120972 , 0.121021 , 0.12109 , 0.121187 , 0.121325 , 0.121518 , 0.12179 , 0.122168 , 0.122693 , 0.123417 , 0.124409 , 0.125756 , 0.127568 , 0.129975 , 0.133121 , 0.137149 , 0.142163 , 0.148151 , 0.154851 , 0.161502 , 0.166418 , 0.166254 , 0.154783 , 0.120859 , 0 , 0 , 0 , 0 , 0 , 0 , 0 , 0 , 
1e+100 , 0.120938 , 0.120972 , 0.121021 , 0.12109 , 0.121187 , 0.121325 , 0.121518 , 0.12179 , 0.122168 , 0.122693 , 0.123417 , 0.124409 , 0.125756 , 0.127568 , 0.129975 , 0.133121 , 0.137149 , 0.142163 , 0.148151 , 0.154851 , 0.161502 , 0.166418 , 0.166254 , 0.154783 , 0.120859 , 0 , 0 , 0 , 0 , 0 , 0 , 0 , 
1e+100 , 0.120914 , 0.120938 , 0.120972 , 0.121021 , 0.12109 , 0.121187 , 0.121325 , 0.121518 , 0.12179 , 0.122168 , 0.122693 , 0.123417 , 0.124409 , 0.125756 , 0.127568 , 0.129975 , 0.133121 , 0.137149 , 0.142163 , 0.148151 , 0.154851 , 0.161502 , 0.166418 , 0.166254 , 0.154783 , 0.120859 , 0 , 0 , 0 , 0 , 0 , 0 , 
1e+100 , 0.120898 , 0.120914 , 0.120938 , 0.120972 , 0.121021 , 0.12109 , 0.121187 , 0.121325 , 0.121518 , 0.12179 , 0.122168 , 0.122693 , 0.123417 , 0.124409 , 0.125756 , 0.127568 , 0.129975 , 0.133121 , 0.137149 , 0.142163 , 0.148151 , 0.154851 , 0.161502 , 0.166418 , 0.166254 , 0.154783 , 0.120859 , 0 , 0 , 0 , 0 , 0 , 
1e+100 , 0.120886 , 0.120898 , 0.120914 , 0.120938 , 0.120972 , 0.121021 , 0.12109 , 0.121187 , 0.121325 , 0.121518 , 0.12179 , 0.122168 , 0.122693 , 0.123417 , 0.124409 , 0.125756 , 0.127568 , 0.129975 , 0.133121 , 0.137149 , 0.142163 , 0.148151 , 0.154851 , 0.161502 , 0.166418 , 0.166254 , 0.154783 , 0.120859 , 0 , 0 , 0 , 0 , 
1e+100 , 0.120878 , 0.120886 , 0.120898 , 0.120914 , 0.120938 , 0.120972 , 0.121021 , 0.12109 , 0.121187 , 0.121325 , 0.121518 , 0.12179 , 0.122168 , 0.122693 , 0.123417 , 0.124409 , 0.125756 , 0.127568 , 0.129975 , 0.133121 , 0.137149 , 0.142163 , 0.148151 , 0.154851 , 0.161502 , 0.166418 , 0.166254 , 0.154783 , 0.120859 , 0 , 0 , 0 , 
1e+100 , 0.120872 , 0.120878 , 0.120886 , 0.120898 , 0.120914 , 0.120938 , 0.120972 , 0.121021 , 0.12109 , 0.121187 , 0.121325 , 0.121518 , 0.12179 , 0.122168 , 0.122693 , 0.123417 , 0.124409 , 0.125756 , 0.127568 , 0.129975 , 0.133121 , 0.137149 , 0.142163 , 0.148151 , 0.154851 , 0.161502 , 0.166418 , 0.166254 , 0.154783 , 0.120859 , 0 , 0 , 
1e+100 , 0.120868 , 0.120872 , 0.120878 , 0.120886 , 0.120898 , 0.120914 , 0.120938 , 0.120972 , 0.121021 , 0.12109 , 0.121187 , 0.121325 , 0.121518 , 0.12179 , 0.122168 , 0.122693 , 0.123417 , 0.124409 , 0.125756 , 0.127568 , 0.129975 , 0.133121 , 0.137149 , 0.142163 , 0.148151 , 0.154851 , 0.161502 , 0.166418 , 0.166254 , 0.154783 , 0.120859 , 0 , 
1e+100 , 0.120866 , 0.120868 , 0.120872 , 0.120878 , 0.120886 , 0.120898 , 0.120914 , 0.120938 , 0.120972 , 0.121021 , 0.12109 , 0.121187 , 0.121325 , 0.121518 , 0.12179 , 0.122168 , 0.122693 , 0.123417 , 0.124409 , 0.125756 , 0.127568 , 0.129975 , 0.133121 , 0.137149 , 0.142163 , 0.148151 , 0.154851 , 0.161502 , 0.166418 , 0.166254 , 0.154783 , 0.120859 , 

h*g ,
1e+200 , 0 , 0 , 0 , 0 , 0 , 0 , 0 , 0 , 0 , 0 , 0 , 0 , 0 , 0 , 0 , 0 , 0 , 0 , 0 , 0 , 0 , 0 , 0 , 0 , 0 , 0 , 0 , 0 , 0 , 0 , 0 , 0 , 
1e+200 , 0.130743 , 0 , 0 , 0 , 0 , 0 , 0 , 0 , 0 , 0 , 0 , 0 , 0 , 0 , 0 , 0 , 0 , 0 , 0 , 0 , 0 , 0 , 0 , 0 , 0 , 0 , 0 , 0 , 0 , 0 , 0 , 0 , 
1e+200 , 0.167441 , 0.130743 , 0 , 0 , 0 , 0 , 0 , 0 , 0 , 0 , 0 , 0 , 0 , 0 , 0 , 0 , 0 , 0 , 0 , 0 , 0 , 0 , 0 , 0 , 0 , 0 , 0 , 0 , 0 , 0 , 0 , 0 , 
1e+200 , 0.17985 , 0.167441 , 0.130743 , 0 , 0 , 0 , 0 , 0 , 0 , 0 , 0 , 0 , 0 , 0 , 0 , 0 , 0 , 0 , 0 , 0 , 0 , 0 , 0 , 0 , 0 , 0 , 0 , 0 , 0 , 0 , 0 , 0 , 
1e+200 , 0.165061 , 0.164898 , 0.160703 , 0.125482 , 0 , 0 , 0 , 0 , 0 , 0 , 0 , 0 , 0 , 0 , 0 , 0 , 0 , 0 , 0 , 0 , 0 , 0 , 0 , 0 , 0 , 0 , 0 , 0 , 0 , 0 , 0 , 0 , 
1e+200 , 0.14566 , 0.150094 , 0.157661 , 0.153965 , 0.12022 , 0 , 0 , 0 , 0 , 0 , 0 , 0 , 0 , 0 , 0 , 0 , 0 , 0 , 0 , 0 , 0 , 0 , 0 , 0 , 0 , 0 , 0 , 0 , 0 , 0 , 0 , 0 , 
1e+200 , 0.151139 , 0.157631 , 0.154359 , 0.146145 , 0.158289 , 0.123597 , 0 , 0 , 0 , 0 , 0 , 0 , 0 , 0 , 0 , 0 , 0 , 0 , 0 , 0 , 0 , 0 , 0 , 0 , 0 , 0 , 0 , 0 , 0 , 0 , 0 , 0 , 
1e+200 , 0.155581 , 0.162617 , 0.146444 , 0.12704 , 0.150789 , 0.162613 , 0.126973 , 0 , 0 , 0 , 0 , 0 , 0 , 0 , 0 , 0 , 0 , 0 , 0 , 0 , 0 , 0 , 0 , 0 , 0 , 0 , 0 , 0 , 0 , 0 , 0 , 0 , 
1e+200 , 0.151309 , 0.157682 , 0.144843 , 0.130237 , 0.144476 , 0.154599 , 0.154364 , 0.120532 , 0 , 0 , 0 , 0 , 0 , 0 , 0 , 0 , 0 , 0 , 0 , 0 , 0 , 0 , 0 , 0 , 0 , 0 , 0 , 0 , 0 , 0 , 0 , 0 , 
1e+200 , 0.147918 , 0.153325 , 0.142814 , 0.131536 , 0.133937 , 0.134665 , 0.145738 , 0.146115 , 0.114091 , 0 , 0 , 0 , 0 , 0 , 0 , 0 , 0 , 0 , 0 , 0 , 0 , 0 , 0 , 0 , 0 , 0 , 0 , 0 , 0 , 0 , 0 , 0 , 
1e+200 , 0.149136 , 0.153649 , 0.142759 , 0.13157 , 0.133959 , 0.135999 , 0.140404 , 0.140531 , 0.141699 , 0.110643 , 0 , 0 , 0 , 0 , 0 , 0 , 0 , 0 , 0 , 0 , 0 , 0 , 0 , 0 , 0 , 0 , 0 , 0 , 0 , 0 , 0 , 0 , 
1e+200 , 0.151042 , 0.154698 , 0.14324 , 0.131746 , 0.133462 , 0.135491 , 0.13094 , 0.124239 , 0.135787 , 0.137283 , 0.107195 , 0 , 0 , 0 , 0 , 0 , 0 , 0 , 0 , 0 , 0 , 0 , 0 , 0 , 0 , 0 , 0 , 0 , 0 , 0 , 0 , 0 , 
1e+200 , 0.145597 , 0.148343 , 0.141776 , 0.135601 , 0.133204 , 0.131151 , 0.13001 , 0.128219 , 0.133335 , 0.134416 , 0.133846 , 0.104511 , 0 , 0 , 0 , 0 , 0 , 0 , 0 , 0 , 0 , 0 , 0 , 0 , 0 , 0 , 0 , 0 , 0 , 0 , 0 , 0 , 
1e+200 , 0.140917 , 0.142948 , 0.141104 , 0.13987 , 0.133461 , 0.12731 , 0.128654 , 0.130272 , 0.126886 , 0.121494 , 0.130724 , 0.130408 , 0.101827 , 0 , 0 , 0 , 0 , 0 , 0 , 0 , 0 , 0 , 0 , 0 , 0 , 0 , 0 , 0 , 0 , 0 , 0 , 0 , 
1e+200 , 0.139883 , 0.141398 , 0.137633 , 0.134318 , 0.131425 , 0.129071 , 0.126819 , 0.124897 , 0.12587 , 0.126401 , 0.12971 , 0.129044 , 0.128074 , 0.100004 , 0 , 0 , 0 , 0 , 0 , 0 , 0 , 0 , 0 , 0 , 0 , 0 , 0 , 0 , 0 , 0 , 0 , 0 , 
1e+200 , 0.13924 , 0.140359 , 0.134832 , 0.129627 , 0.130157 , 0.131346 , 0.125592 , 0.1201 , 0.124452 , 0.129342 , 0.124769 , 0.11813 , 0.126536 , 0.125739 , 0.0981812 , 0 , 0 , 0 , 0 , 0 , 0 , 0 , 0 , 0 , 0 , 0 , 0 , 0 , 0 , 0 , 0 , 0 , 
1e+200 , 0.137142 , 0.137951 , 0.13295 , 0.128214 , 0.127008 , 0.126294 , 0.123438 , 0.121081 , 0.121291 , 0.122005 , 0.123362 , 0.124322 , 0.126932 , 0.125633 , 0.125102 , 0.0976836 , 0 , 0 , 0 , 0 , 0 , 0 , 0 , 0 , 0 , 0 , 0 , 0 , 0 , 0 , 0 , 0 , 
1e+200 , 0.135279 , 0.135861 , 0.131456 , 0.127264 , 0.124476 , 0.122043 , 0.122018 , 0.122589 , 0.118816 , 0.115404 , 0.121595 , 0.128485 , 0.123445 , 0.116323 , 0.124949 , 0.124465 , 0.0971859 , 0 , 0 , 0 , 0 , 0 , 0 , 0 , 0 , 0 , 0 , 0 , 0 , 0 , 0 , 0 , 
1e+200 , 0.135285 , 0.135705 , 0.131064 , 0.126583 , 0.124238 , 0.122185 , 0.120725 , 0.119721 , 0.117513 , 0.11581 , 0.117225 , 0.119226 , 0.121504 , 0.123475 , 0.125929 , 0.124501 , 0.121652 , 0.0949899 , 0 , 0 , 0 , 0 , 0 , 0 , 0 , 0 , 0 , 0 , 0 , 0 , 0 , 0 , 
1e+200 , 0.135407 , 0.135709 , 0.130882 , 0.126173 , 0.124335 , 0.122731 , 0.119962 , 0.117532 , 0.116872 , 0.116753 , 0.113617 , 0.110858 , 0.119254 , 0.128542 , 0.12304 , 0.115427 , 0.12148 , 0.11884 , 0.092794 , 0 , 0 , 0 , 0 , 0 , 0 , 0 , 0 , 0 , 0 , 0 , 0 , 0 , 
1e+200 , 0.136072 , 0.136289 , 0.13149 , 0.126779 , 0.124951 , 0.123302 , 0.120771 , 0.118518 , 0.116307 , 0.114508 , 0.111179 , 0.108258 , 0.111004 , 0.114418 , 0.117529 , 0.120425 , 0.120486 , 0.116766 , 0.115133 , 0.0898995 , 0 , 0 , 0 , 0 , 0 , 0 , 0 , 0 , 0 , 0 , 0 , 0 , 
1e+200 , 0.136798 , 0.136953 , 0.132208 , 0.127528 , 0.125756 , 0.124119 , 0.121885 , 0.119875 , 0.116231 , 0.112893 , 0.109429 , 0.106349 , 0.103781 , 0.101576 , 0.112019 , 0.123528 , 0.115846 , 0.105989 , 0.112785 , 0.111426 , 0.0870049 , 0 , 0 , 0 , 0 , 0 , 0 , 0 , 0 , 0 , 0 , 0 , 
1e+200 , 0.145897 , 0.146014 , 0.137163 , 0.128351 , 0.126326 , 0.124399 , 0.122452 , 0.120679 , 0.11737 , 0.114317 , 0.109285 , 0.104542 , 0.100431 , 0.0966277 , 0.100896 , 0.105914 , 0.108644 , 0.111163 , 0.11135 , 0.108047 , 0.109739 , 0.0856879 , 0 , 0 , 0 , 0 , 0 , 0 , 0 , 0 , 0 , 0 , 
1e+200 , 0.155017 , 0.155106 , 0.142168 , 0.129251 , 0.127001 , 0.124822 , 0.123204 , 0.12172 , 0.1188 , 0.116087 , 0.109588 , 0.1033 , 0.0977633 , 0.0924634 , 0.0909759 , 0.0898595 , 0.101618 , 0.114547 , 0.106561 , 0.0965056 , 0.106236 , 0.108053 , 0.0843708 , 0 , 0 , 0 , 0 , 0 , 0 , 0 , 0 , 0 , 
1e+200 , 0.152446 , 0.152507 , 0.145609 , 0.138735 , 0.131894 , 0.125095 , 0.123343 , 0.121689 , 0.11933 , 0.117135 , 0.111488 , 0.106037 , 0.0989237 , 0.0919859 , 0.0879627 , 0.0841856 , 0.0898833 , 0.0964 , 0.0998968 , 0.103288 , 0.104925 , 0.103317 , 0.105963 , 0.0827395 , 0 , 0 , 0 , 0 , 0 , 0 , 0 , 0 , 
1e+200 , 0.149895 , 0.149937 , 0.14908 , 0.148247 , 0.136835 , 0.125445 , 0.123588 , 0.121801 , 0.120041 , 0.118409 , 0.113649 , 0.10906 , 0.100447 , 0.0919588 , 0.0855508 , 0.0792816 , 0.0793552 , 0.0798457 , 0.0933971 , 0.10827 , 0.100452 , 0.0906617 , 0.101072 , 0.103874 , 0.0811082 , 0 , 0 , 0 , 0 , 0 , 0 , 0 , 
1e+200 , 0.15349 , 0.15352 , 0.149612 , 0.145719 , 0.139927 , 0.13416 , 0.127612 , 0.121103 , 0.11941 , 0.11781 , 0.113982 , 0.110295 , 0.102965 , 0.0957743 , 0.0877226 , 0.0797679 , 0.0764655 , 0.0733879 , 0.0810107 , 0.0895712 , 0.0939836 , 0.0983977 , 0.0998982 , 0.0983066 , 0.102233 , 0.0798267 , 0 , 0 , 0 , 0 , 0 , 0 , 
1e+200 , 0.157093 , 0.157115 , 0.150162 , 0.143219 , 0.143049 , 0.142902 , 0.131683 , 0.120485 , 0.118885 , 0.117353 , 0.11449 , 0.11174 , 0.105709 , 0.099815 , 0.0901791 , 0.0806072 , 0.0741127 , 0.0676975 , 0.0698461 , 0.0725031 , 0.0876866 , 0.10433 , 0.095711 , 0.0851245 , 0.0965437 , 0.100592 , 0.0785451 , 0 , 0 , 0 , 0 , 0 , 
1e+200 , 0.151847 , 0.151862 , 0.149704 , 0.147555 , 0.144067 , 0.140594 , 0.134888 , 0.129206 , 0.122898 , 0.116629 , 0.114141 , 0.111739 , 0.106981 , 0.102342 , 0.0943156 , 0.0863919 , 0.0781645 , 0.0699883 , 0.0679772 , 0.0662168 , 0.0754806 , 0.0857914 , 0.0899609 , 0.0941272 , 0.0957723 , 0.0944591 , 0.0998357 , 0.0779548 , 0 , 0 , 0 , 0 , 
1e+200 , 0.146606 , 0.146616 , 0.149255 , 0.151901 , 0.145102 , 0.138312 , 0.13812 , 0.137952 , 0.126957 , 0.115981 , 0.113893 , 0.111869 , 0.108406 , 0.105046 , 0.0986256 , 0.0923216 , 0.0824013 , 0.0725111 , 0.0665489 , 0.0606522 , 0.0644623 , 0.0688658 , 0.0843386 , 0.101293 , 0.0921022 , 0.0809513 , 0.0936471 , 0.0990796 , 0.0773644 , 0 , 0 , 0 , 
1e+200 , 0.134401 , 0.134408 , 0.141286 , 0.14817 , 0.1461 , 0.144039 , 0.140505 , 0.136985 , 0.131449 , 0.125937 , 0.11934 , 0.11278 , 0.109918 , 0.107136 , 0.102143 , 0.0972603 , 0.0890992 , 0.0810246 , 0.0731007 , 0.0652169 , 0.0642105 , 0.0634904 , 0.0731119 , 0.0837995 , 0.0876426 , 0.0914628 , 0.0936275 , 0.0929166 , 0.0991488 , 0.0774184 , 0 , 0 , 
1e+200 , 0.122199 , 0.122203 , 0.133323 , 0.144446 , 0.147107 , 0.149775 , 0.142904 , 0.136042 , 0.135966 , 0.135914 , 0.124826 , 0.113758 , 0.111516 , 0.109336 , 0.105784 , 0.102331 , 0.0959092 , 0.0895977 , 0.0797358 , 0.0698964 , 0.0642958 , 0.0587654 , 0.0629913 , 0.0678312 , 0.0832129 , 0.100067 , 0.0907532 , 0.0794889 , 0.0929909 , 0.099218 , 0.0774724 , 0 , 
1e+200 , 0.122197 , 0.122199 , 0.133317 , 0.144437 , 0.147093 , 0.149755 , 0.142876 , 0.136004 , 0.135912 , 0.135836 , 0.124726 , 0.113629 , 0.111338 , 0.109092 , 0.105457 , 0.101893 , 0.0953465 , 0.0888833 , 0.0788815 , 0.0689036 , 0.0631053 , 0.0573765 , 0.0611412 , 0.065439 , 0.0798495 , 0.0957375 , 0.0870155 , 0.0771409 , 0.0930826 , 0.106571 , 0.099218 , 0.0774724 , 

shifts ,
0 , 0 , 0 , 0 , 0 , 0 , 0 , 0 , 0 , 0 , 0 , 0 , 0 , 0 , 0 , 0 , 0 , 0 , 0 , 0 , 0 , 0 , 0 , 0 , 0 , 0 , 0 , 0 , 0 , 0 , 0 , 0 , 0 , 
0 , 0 , 0 , 0 , 0 , 0 , 0 , 0 , 0 , 0 , 0 , 0 , 0 , 0 , 0 , 0 , 0 , 0 , 0 , 0 , 0 , 0 , 0 , 0 , 0 , 0 , 0 , 0 , 0 , 0 , 0 , 0 , 0 , 
0 , 0 , 0 , 0 , 0 , 0 , 0 , 0 , 0 , 0 , 0 , 0 , 0 , 0 , 0 , 0 , 0 , 0 , 0 , 0 , 0 , 0 , 0 , 0 , 0 , 0 , 0 , 0 , 0 , 0 , 0 , 0 , 0 , 
0 , 0 , 0 , 0 , 0 , 0 , 0 , 0 , 0 , 0 , 0 , 0 , 0 , 0 , 0 , 0 , 0 , 0 , 0 , 0 , 0 , 0 , 0 , 0 , 0 , 0 , 0 , 0 , 0 , 0 , 0 , 0 , 0 , 
0 , 0 , 0 , 0 , 0 , 0 , 0 , 0 , 0 , 0 , 0 , 0 , 0 , 0 , 0 , 0 , 0 , 0 , 0 , 0 , 0 , 0 , 0 , 0 , 0 , 0 , 0 , 0 , 0 , 0 , 0 , 0 , 0 , 
0 , 0 , 0 , 0 , 0 , 0 , 0 , 0 , 0 , 0 , 0 , 0 , 0 , 0 , 0 , 0 , 0 , 0 , 0 , 0 , 0 , 0 , 0 , 0 , 0 , 0 , 0 , 0 , 0 , 0 , 0 , 0 , 0 , 
0 , 0 , 0 , 0 , 0 , 0 , 0 , 0 , 0 , 0 , 0 , 0 , 0 , 0 , 0 , 0 , 0 , 0 , 0 , 0 , 0 , 0 , 0 , 0 , 0 , 0 , 0 , 0 , 0 , 0 , 0 , 0 , 0 , 
0 , 0 , 0 , 0 , 0 , 0 , 0 , 0 , 0 , 0 , 0 , 0 , 0 , 0 , 0 , 0 , 0 , 0 , 0 , 0 , 0 , 0 , 0 , 0 , 0 , 0 , 0 , 0 , 0 , 0 , 0 , 0 , 0 , 
0 , 0 , 0 , 0 , 0 , 0 , 0 , 0 , 0 , 0 , 0 , 0 , 0 , 0 , 0 , 0 , 0 , 0 , 0 , 0 , 0 , 0 , 0 , 0 , 0 , 0 , 0 , 0 , 0 , 0 , 0 , 0 , 0 , 
0 , 0 , 0 , 0 , 0 , 0 , 0 , 0 , 0 , 0 , 0 , 0 , 0 , 0 , 0 , 0 , 0 , 0 , 0 , 0 , 0 , 0 , 0 , 0 , 0 , 0 , 0 , 0 , 0 , 0 , 0 , 0 , 0 , 
0 , 0 , 0 , 0 , 0 , 0 , 0 , 0 , 0 , 0 , 0 , 0 , 0 , 0 , 0 , 0 , 0 , 0 , 0 , 0 , 0 , 0 , 0 , 0 , 0 , 0 , 0 , 0 , 0 , 0 , 0 , 0 , 0 , 
0 , 0 , 0 , 0 , 0 , 0 , 0 , 0 , 0 , 0 , 0 , 0 , 0 , 0 , 0 , 0 , 0 , 0 , 0 , 0 , 0 , 0 , 0 , 0 , 0 , 0 , 0 , 0 , 0 , 0 , 0 , 0 , 0 , 
0 , 0 , 0 , 0 , 0 , 0 , 0 , 0 , 0 , 0 , 0 , 0 , 0 , 0 , 0 , 0 , 0 , 0 , 0 , 0 , 0 , 0 , 0 , 0 , 0 , 0 , 0 , 0 , 0 , 0 , 0 , 0 , 0 , 
0 , 0 , 0 , 0 , 0 , 0 , 0 , 0 , 0 , 0 , 0 , 0 , 0 , 0 , 0 , 0 , 0 , 0 , 0 , 0 , 0 , 0 , 0 , 0 , 0 , 0 , 0 , 0 , 0 , 0 , 0 , 0 , 0 , 
0 , 0 , 0 , 0 , 0 , 0 , 0 , 0 , 0 , 0 , 0 , 0 , 0 , 0 , 0 , 0 , 0 , 0 , 0 , 0 , 0 , 0 , 0 , 0 , 0 , 0 , 0 , 0 , 0 , 0 , 0 , 0 , 0 , 
0 , 0 , 0 , 0 , 0 , 0 , 0 , 0 , 0 , 0 , 0 , 0 , 0 , 0 , 0 , 0 , 0 , 0 , 0 , 0 , 0 , 0 , 0 , 0 , 0 , 0 , 0 , 0 , 0 , 0 , 0 , 0 , 0 , 
0 , 0 , 0 , 0 , 0 , 0 , 0 , 0 , 0 , 0 , 0 , 0 , 0 , 0 , 0 , 0 , 0 , 0 , 0 , 0 , 0 , 0 , 0 , 0 , 0 , 0 , 0 , 0 , 0 , 0 , 0 , 0 , 0 , 
0 , 0 , 0 , 0 , 0 , 0 , 0 , 0 , 0 , 0 , 0 , 0 , 0 , 0 , 0 , 0 , 0 , 0 , 0 , 0 , 0 , 0 , 0 , 0 , 0 , 0 , 0 , 0 , 0 , 0 , 0 , 0 , 0 , 
0 , 0 , 0 , 0 , 0 , 0 , 0 , 0 , 0 , 0 , 0 , 0 , 0 , 0 , 0 , 0 , 0 , 0 , 0 , 0 , 0 , 0 , 0 , 0 , 0 , 0 , 0 , 0 , 0 , 0 , 0 , 0 , 0 , 
0 , 0 , 0 , 0 , 0 , 0 , 0 , 0 , 0 , 0 , 0 , 0 , 0 , 0 , 0 , 0 , 0 , 0 , 0 , 0 , 0 , 0 , 0 , 0 , 0 , 0 , 0 , 0 , 0 , 0 , 0 , 0 , 0 , 
0 , 0 , 0 , 0 , 0 , 0 , 0 , 0 , 0 , 0 , 0 , 0 , 0 , 0 , 0 , 0 , 0 , 0 , 0 , 0 , 0 , 0 , 0 , 0 , 0 , 0 , 0 , 0 , 0 , 0 , 0 , 0 , 0 , 
0 , 0 , 0 , 0 , 0 , 0 , 0 , 0 , 0 , 0 , 0 , 0 , 0 , 0 , 0 , 0 , 0 , 0 , 0 , 0 , 0 , 0 , 0 , 0 , 0 , 0 , 0 , 0 , 0 , 0 , 0 , 0 , 0 , 
0 , 0 , 0 , 0 , 0 , 0 , 0 , 0 , 0 , 0 , 0 , 0 , 0 , 0 , 0 , 0 , 0 , 0 , 0 , 0 , 0 , 0 , 0 , 0 , 0 , 0 , 0 , 0 , 0 , 0 , 0 , 0 , 0 , 
0 , 0 , 0 , 0 , 0 , 0 , 0 , 0 , 0 , 0 , 0 , 0 , 0 , 0 , 0 , 0 , 0 , 0 , 0 , 0 , 0 , 0 , 0 , 0 , 0 , 0 , 0 , 0 , 0 , 0 , 0 , 0 , 0 , 
0 , 0 , 0 , 0 , 0 , 0 , 0 , 0 , 0 , 0 , 0 , 0 , 0 , 0 , 0 , 0 , 0 , 0 , 0 , 0 , 0 , 0 , 0 , 0 , 0 , 0 , 0 , 0 , 0 , 0 , 0 , 0 , 0 , 
0 , 0 , 0 , 0 , 0 , 0 , 0 , 0 , 0 , 0 , 0 , 0 , 0 , 0 , 0 , 0 , 0 , 0 , 0 , 0 , 0 , 0 , 0 , 0 , 0 , 0 , 0 , 0 , 0 , 0 , 0 , 0 , 0 , 
0 , 0 , 0 , 0 , 0 , 0 , 0 , 0 , 0 , 0 , 0 , 0 , 0 , 0 , 0 , 0 , 0 , 0 , 0 , 0 , 0 , 0 , 0 , 0 , 0 , 0 , 0 , 0 , 0 , 0 , 0 , 0 , 0 , 
0 , 0 , 0 , 0 , 0 , 0 , 0 , 0 , 0 , 0 , 0 , 0 , 0 , 0 , 0 , 0 , 0 , 0 , 0 , 0 , 0 , 0 , 0 , 0 , 0 , 0 , 0 , 0 , 0 , 0 , 0 , 0 , 0 , 
0 , 0 , 0 , 0 , 0 , 0 , 0 , 0 , 0 , 0 , 0 , 0 , 0 , 0 , 0 , 0 , 0 , 0 , 0 , 0 , 0 , 0 , 0 , 0 , 0 , 0 , 0 , 0 , 0 , 0 , 0 , 0 , 0 , 
0 , 0 , 0 , 0 , 0 , 0 , 0 , 0 , 0 , 0 , 0 , 0 , 0 , 0 , 0 , 0 , 0 , 0 , 0 , 0 , 0 , 0 , 0 , 0 , 0 , 0 , 0 , 0 , 0 , 0 , 0 , 0 , 0 , 
0 , 0 , 0 , 0 , 0 , 0 , 0 , 0 , 0 , 0 , 0 , 0 , 0 , 0 , 0 , 0 , 0 , 0 , 0 , 0 , 0 , 0 , 0 , 0 , 0 , 0 , 0 , 0 , 0 , 0 , 0 , 0 , 0 , 
0 , 0 , 0 , 0 , 0 , 0 , 0 , 0 , 0 , 0 , 0 , 0 , 0 , 0 , 0 , 0 , 0 , 0 , 0 , 0 , 0 , 0 , 0 , 0 , 0 , 0 , 0 , 0 , 0 , 0 , 0 , 0 , 0 , 
0 , 0 , 0 , 0 , 0 , 0 , 0 , 0 , 0 , 0 , 0 , 0 , 0 , 0 , 0 , 0 , 0 , 0 , 0 , 0 , 0 , 0 , 0 , 0 , 0 , 0 , 0 , 0 , 0 , 0 , 0 , 0 , 0 , 

