g ,
1e+100 , 0 , 0 , 0 , 0 , 0 , 0 , 0 , 0 , 0 , 0 , 0 , 0 , 0 , 0 , 0 , 0 , 0 , 0 , 0 , 0 , 0 , 0 , 0 , 0 , 0 , 0 , 0 , 0 , 0 , 0 , 0 , 0 , 
1e+100 , 1.09283 , 0 , 0 , 0 , 0 , 0 , 0 , 0 , 0 , 0 , 0 , 0 , 0 , 0 , 0 , 0 , 0 , 0 , 0 , 0 , 0 , 0 , 0 , 0 , 0 , 0 , 0 , 0 , 0 , 0 , 0 , 0 , 
1e+100 , 1.09283 , 1.09283 , 0 , 0 , 0 , 0 , 0 , 0 , 0 , 0 , 0 , 0 , 0 , 0 , 0 , 0 , 0 , 0 , 0 , 0 , 0 , 0 , 0 , 0 , 0 , 0 , 0 , 0 , 0 , 0 , 0 , 0 , 
1e+100 , 1.09283 , 1.09283 , 1.09283 , 0 , 0 , 0 , 0 , 0 , 0 , 0 , 0 , 0 , 0 , 0 , 0 , 0 , 0 , 0 , 0 , 0 , 0 , 0 , 0 , 0 , 0 , 0 , 0 , 0 , 0 , 0 , 0 , 0 , 
1e+100 , 0.992191 , 0.992191 , 1.06429 , 1.06429 , 0 , 0 , 0 , 0 , 0 , 0 , 0 , 0 , 0 , 0 , 0 , 0 , 0 , 0 , 0 , 0 , 0 , 0 , 0 , 0 , 0 , 0 , 0 , 0 , 0 , 0 , 0 , 0 , 
1e+100 , 0.891552 , 0.891552 , 0.963652 , 1.03575 , 1.03575 , 0 , 0 , 0 , 0 , 0 , 0 , 0 , 0 , 0 , 0 , 0 , 0 , 0 , 0 , 0 , 0 , 0 , 0 , 0 , 0 , 0 , 0 , 0 , 0 , 0 , 0 , 0 , 
1e+100 , 0.956297 , 0.956297 , 0.944922 , 0.933548 , 1.01468 , 1.01468 , 0 , 0 , 0 , 0 , 0 , 0 , 0 , 0 , 0 , 0 , 0 , 0 , 0 , 0 , 0 , 0 , 0 , 0 , 0 , 0 , 0 , 0 , 0 , 0 , 0 , 0 , 
1e+100 , 1.02104 , 1.02104 , 0.926193 , 0.831345 , 0.912474 , 0.993602 , 0.993602 , 0 , 0 , 0 , 0 , 0 , 0 , 0 , 0 , 0 , 0 , 0 , 0 , 0 , 0 , 0 , 0 , 0 , 0 , 0 , 0 , 0 , 0 , 0 , 0 , 0 , 
1e+100 , 1.0308 , 1.0308 , 0.961829 , 0.892863 , 0.889891 , 0.886919 , 0.973612 , 0.973612 , 0 , 0 , 0 , 0 , 0 , 0 , 0 , 0 , 0 , 0 , 0 , 0 , 0 , 0 , 0 , 0 , 0 , 0 , 0 , 0 , 0 , 0 , 0 , 0 , 
1e+100 , 1.04055 , 1.04055 , 0.997465 , 0.954381 , 0.867308 , 0.780235 , 0.866929 , 0.953623 , 0.953623 , 0 , 0 , 0 , 0 , 0 , 0 , 0 , 0 , 0 , 0 , 0 , 0 , 0 , 0 , 0 , 0 , 0 , 0 , 0 , 0 , 0 , 0 , 0 , 
1e+100 , 1.073 , 1.073 , 1.0204 , 0.967805 , 0.90315 , 0.838495 , 0.841277 , 0.84406 , 0.936413 , 0.936413 , 0 , 0 , 0 , 0 , 0 , 0 , 0 , 0 , 0 , 0 , 0 , 0 , 0 , 0 , 0 , 0 , 0 , 0 , 0 , 0 , 0 , 0 , 
1e+100 , 1.10545 , 1.10545 , 1.04334 , 0.98123 , 0.938992 , 0.896754 , 0.815625 , 0.734497 , 0.826851 , 0.919204 , 0.919204 , 0 , 0 , 0 , 0 , 0 , 0 , 0 , 0 , 0 , 0 , 0 , 0 , 0 , 0 , 0 , 0 , 0 , 0 , 0 , 0 , 0 , 
1e+100 , 1.10179 , 1.10179 , 1.05955 , 1.0173 , 0.964634 , 0.911965 , 0.851067 , 0.79017 , 0.798771 , 0.807372 , 0.904214 , 0.904214 , 0 , 0 , 0 , 0 , 0 , 0 , 0 , 0 , 0 , 0 , 0 , 0 , 0 , 0 , 0 , 0 , 0 , 0 , 0 , 0 , 
1e+100 , 1.09814 , 1.09814 , 1.07576 , 1.05338 , 0.990276 , 0.927176 , 0.886509 , 0.845842 , 0.770691 , 0.695539 , 0.792382 , 0.889224 , 0.889224 , 0 , 0 , 0 , 0 , 0 , 0 , 0 , 0 , 0 , 0 , 0 , 0 , 0 , 0 , 0 , 0 , 0 , 0 , 0 , 
1e+100 , 1.09315 , 1.09315 , 1.07322 , 1.05328 , 1.00923 , 0.965184 , 0.913627 , 0.86207 , 0.805182 , 0.748294 , 0.761604 , 0.774913 , 0.875486 , 0.875486 , 0 , 0 , 0 , 0 , 0 , 0 , 0 , 0 , 0 , 0 , 0 , 0 , 0 , 0 , 0 , 0 , 0 , 0 , 
1e+100 , 1.08817 , 1.08817 , 1.07068 , 1.05318 , 1.02819 , 1.00319 , 0.940746 , 0.878298 , 0.839673 , 0.801048 , 0.730825 , 0.660602 , 0.761175 , 0.861748 , 0.861748 , 0 , 0 , 0 , 0 , 0 , 0 , 0 , 0 , 0 , 0 , 0 , 0 , 0 , 0 , 0 , 0 , 0 , 
1e+100 , 1.09556 , 1.09556 , 1.07342 , 1.05127 , 1.02852 , 1.00576 , 0.961639 , 0.917515 , 0.867522 , 0.817528 , 0.763887 , 0.710245 , 0.727523 , 0.744801 , 0.848724 , 0.848724 , 0 , 0 , 0 , 0 , 0 , 0 , 0 , 0 , 0 , 0 , 0 , 0 , 0 , 0 , 0 , 0 , 
1e+100 , 1.10296 , 1.10296 , 1.07616 , 1.04936 , 1.02885 , 1.00833 , 0.982532 , 0.956733 , 0.895371 , 0.834009 , 0.796948 , 0.759887 , 0.693871 , 0.627854 , 0.731777 , 0.835699 , 0.835699 , 0 , 0 , 0 , 0 , 0 , 0 , 0 , 0 , 0 , 0 , 0 , 0 , 0 , 0 , 0 , 
1e+100 , 1.10911 , 1.10911 , 1.08437 , 1.05963 , 1.03443 , 1.00924 , 0.985448 , 0.961658 , 0.917909 , 0.87416 , 0.825318 , 0.776476 , 0.725526 , 0.674576 , 0.695356 , 0.716137 , 0.822956 , 0.822956 , 0 , 0 , 0 , 0 , 0 , 0 , 0 , 0 , 0 , 0 , 0 , 0 , 0 , 0 , 
1e+100 , 1.11525 , 1.11525 , 1.09258 , 1.0699 , 1.04002 , 1.01015 , 0.988365 , 0.966584 , 0.940447 , 0.914311 , 0.853688 , 0.793065 , 0.757181 , 0.721297 , 0.658936 , 0.596574 , 0.703394 , 0.810213 , 0.810213 , 0 , 0 , 0 , 0 , 0 , 0 , 0 , 0 , 0 , 0 , 0 , 0 , 0 , 
1e+100 , 1.11015 , 1.11015 , 1.0943 , 1.07846 , 1.05069 , 1.02293 , 0.996391 , 0.969855 , 0.945526 , 0.921197 , 0.87758 , 0.833963 , 0.78598 , 0.737998 , 0.689351 , 0.640704 , 0.664529 , 0.688354 , 0.798263 , 0.798263 , 0 , 0 , 0 , 0 , 0 , 0 , 0 , 0 , 0 , 0 , 0 , 0 , 
1e+100 , 1.10505 , 1.10505 , 1.09603 , 1.08702 , 1.06136 , 1.03571 , 1.00442 , 0.973126 , 0.950604 , 0.928083 , 0.901472 , 0.874862 , 0.81478 , 0.754698 , 0.719766 , 0.684835 , 0.625665 , 0.566495 , 0.676404 , 0.786313 , 0.786313 , 0 , 0 , 0 , 0 , 0 , 0 , 0 , 0 , 0 , 0 , 0 , 
1e+100 , 1.12828 , 1.12828 , 1.1065 , 1.08472 , 1.06597 , 1.04723 , 1.01809 , 0.988951 , 0.961688 , 0.934425 , 0.90953 , 0.884636 , 0.841127 , 0.797618 , 0.750386 , 0.703154 , 0.656517 , 0.609879 , 0.636702 , 0.663525 , 0.776466 , 0.776466 , 0 , 0 , 0 , 0 , 0 , 0 , 0 , 0 , 0 , 0 , 
1e+100 , 1.15152 , 1.15152 , 1.11697 , 1.08243 , 1.07058 , 1.05874 , 1.03176 , 1.00478 , 0.972771 , 0.940767 , 0.917589 , 0.89441 , 0.867474 , 0.840539 , 0.781006 , 0.721474 , 0.687369 , 0.653263 , 0.597 , 0.540738 , 0.653678 , 0.766619 , 0.766619 , 0 , 0 , 0 , 0 , 0 , 0 , 0 , 0 , 0 , 
1e+100 , 1.09559 , 1.09559 , 1.10198 , 1.10836 , 1.08408 , 1.05979 , 1.03979 , 1.01979 , 0.990013 , 0.960233 , 0.932412 , 0.904592 , 0.879341 , 0.85409 , 0.810808 , 0.767527 , 0.721 , 0.674473 , 0.629693 , 0.584913 , 0.614416 , 0.643919 , 0.759091 , 0.759091 , 0 , 0 , 0 , 0 , 0 , 0 , 0 , 0 , 
1e+100 , 1.03967 , 1.03967 , 1.08698 , 1.13429 , 1.09757 , 1.06084 , 1.04783 , 1.03481 , 1.00725 , 0.979698 , 0.947236 , 0.914774 , 0.891208 , 0.867642 , 0.840611 , 0.81358 , 0.754631 , 0.695683 , 0.662386 , 0.629089 , 0.575154 , 0.521219 , 0.636391 , 0.751564 , 0.751564 , 0 , 0 , 0 , 0 , 0 , 0 , 0 , 
1e+100 , 1.04825 , 1.04825 , 1.06477 , 1.0813 , 1.08559 , 1.08988 , 1.06459 , 1.03931 , 1.0188 , 0.998282 , 0.968119 , 0.937956 , 0.909839 , 0.881722 , 0.856353 , 0.830983 , 0.788029 , 0.745074 , 0.699249 , 0.653423 , 0.610131 , 0.566838 , 0.598217 , 0.629596 , 0.746386 , 0.746386 , 0 , 0 , 0 , 0 , 0 , 0 , 
1e+100 , 1.05682 , 1.05682 , 1.04256 , 1.02831 , 1.07361 , 1.11892 , 1.08136 , 1.04381 , 1.03034 , 1.01687 , 0.989002 , 0.961138 , 0.928471 , 0.895803 , 0.872095 , 0.848387 , 0.821426 , 0.794465 , 0.736112 , 0.677758 , 0.645108 , 0.612458 , 0.560043 , 0.507628 , 0.624418 , 0.741209 , 0.741209 , 0 , 0 , 0 , 0 , 0 , 
1e+100 , 1.01688 , 1.01688 , 1.02811 , 1.03934 , 1.05434 , 1.06935 , 1.07287 , 1.07638 , 1.05076 , 1.02513 , 1.00437 , 0.983615 , 0.953302 , 0.922989 , 0.894789 , 0.866589 , 0.841254 , 0.815918 , 0.773338 , 0.730757 , 0.68547 , 0.640183 , 0.597797 , 0.555411 , 0.588002 , 0.620594 , 0.73845 , 0.73845 , 0 , 0 , 0 , 0 , 
1e+100 , 0.976944 , 0.976944 , 1.01365 , 1.05036 , 1.03507 , 1.01979 , 1.06437 , 1.10895 , 1.07118 , 1.0334 , 1.01975 , 1.00609 , 0.978134 , 0.950175 , 0.917483 , 0.88479 , 0.861081 , 0.837371 , 0.810563 , 0.783755 , 0.725832 , 0.667909 , 0.635551 , 0.603193 , 0.551586 , 0.49998 , 0.617836 , 0.735692 , 0.735692 , 0 , 0 , 0 , 
1e+100 , 0.880056 , 0.880056 , 0.946334 , 1.01261 , 1.02313 , 1.03365 , 1.0482 , 1.06275 , 1.06608 , 1.06941 , 1.04367 , 1.01794 , 0.99712 , 0.976299 , 0.945974 , 0.915649 , 0.887458 , 0.859267 , 0.834025 , 0.808782 , 0.766462 , 0.724141 , 0.679068 , 0.633995 , 0.59204 , 0.550085 , 0.583337 , 0.61659 , 0.734915 , 0.734915 , 0 , 0 , 
1e+100 , 0.783169 , 0.783169 , 0.879014 , 0.97486 , 1.01119 , 1.04751 , 1.03202 , 1.01654 , 1.06097 , 1.10541 , 1.0676 , 1.02979 , 1.01611 , 1.00242 , 0.974466 , 0.946509 , 0.913836 , 0.881163 , 0.857486 , 0.833809 , 0.807091 , 0.780374 , 0.722585 , 0.664796 , 0.632493 , 0.60019 , 0.548839 , 0.497487 , 0.615813 , 0.734138 , 0.734138 , 0 , 
1e+100 , 0.783169 , 0.783169 , 0.879014 , 0.97486 , 1.01119 , 1.04751 , 1.03202 , 1.01654 , 1.06097 , 1.10541 , 1.0676 , 1.02979 , 1.01611 , 1.00242 , 0.974466 , 0.946509 , 0.913836 , 0.881163 , 0.857486 , 0.833809 , 0.807091 , 0.780374 , 0.722585 , 0.664796 , 0.632493 , 0.60019 , 0.548839 , 0.497487 , 0.615813 , 0.734138 , 0.734138 , 0.734138 , 

h ,
1e+100 , 0 , 0 , 0 , 0 , 0 , 0 , 0 , 0 , 0 , 0 , 0 , 0 , 0 , 0 , 0 , 0 , 0 , 0 , 0 , 0 , 0 , 0 , 0 , 0 , 0 , 0 , 0 , 0 , 0 , 0 , 0 , 0 , 
1e+100 , 0.120859 , 0 , 0 , 0 , 0 , 0 , 0 , 0 , 0 , 0 , 0 , 0 , 0 , 0 , 0 , 0 , 0 , 0 , 0 , 0 , 0 , 0 , 0 , 0 , 0 , 0 , 0 , 0 , 0 , 0 , 0 , 0 , 
1e+100 , 0.154783 , 0.120859 , 0 , 0 , 0 , 0 , 0 , 0 , 0 , 0 , 0 , 0 , 0 , 0 , 0 , 0 , 0 , 0 , 0 , 0 , 0 , 0 , 0 , 0 , 0 , 0 , 0 , 0 , 0 , 0 , 0 , 0 , 
1e+100 , 0.166254 , 0.154783 , 0.120859 , 0 , 0 , 0 , 0 , 0 , 0 , 0 , 0 , 0 , 0 , 0 , 0 , 0 , 0 , 0 , 0 , 0 , 0 , 0 , 0 , 0 , 0 , 0 , 0 , 0 , 0 , 0 , 0 , 0 , 
1e+100 , 0.166418 , 0.166254 , 0.154783 , 0.120859 , 0 , 0 , 0 , 0 , 0 , 0 , 0 , 0 , 0 , 0 , 0 , 0 , 0 , 0 , 0 , 0 , 0 , 0 , 0 , 0 , 0 , 0 , 0 , 0 , 0 , 0 , 0 , 0 , 
1e+100 , 0.161502 , 0.166418 , 0.166254 , 0.154783 , 0.120859 , 0 , 0 , 0 , 0 , 0 , 0 , 0 , 0 , 0 , 0 , 0 , 0 , 0 , 0 , 0 , 0 , 0 , 0 , 0 , 0 , 0 , 0 , 0 , 0 , 0 , 0 , 0 , 
1e+100 , 0.154851 , 0.161502 , 0.166418 , 0.166254 , 0.154783 , 0.120859 , 0 , 0 , 0 , 0 , 0 , 0 , 0 , 0 , 0 , 0 , 0 , 0 , 0 , 0 , 0 , 0 , 0 , 0 , 0 , 0 , 0 , 0 , 0 , 0 , 0 , 0 , 
1e+100 , 0.148151 , 0.154851 , 0.161502 , 0.166418 , 0.166254 , 0.154783 , 0.120859 , 0 , 0 , 0 , 0 , 0 , 0 , 0 , 0 , 0 , 0 , 0 , 0 , 0 , 0 , 0 , 0 , 0 , 0 , 0 , 0 , 0 , 0 , 0 , 0 , 0 , 
1e+100 , 0.142163 , 0.148151 , 0.154851 , 0.161502 , 0.166418 , 0.166254 , 0.154783 , 0.120859 , 0 , 0 , 0 , 0 , 0 , 0 , 0 , 0 , 0 , 0 , 0 , 0 , 0 , 0 , 0 , 0 , 0 , 0 , 0 , 0 , 0 , 0 , 0 , 0 , 
1e+100 , 0.137149 , 0.142163 , 0.148151 , 0.154851 , 0.161502 , 0.166418 , 0.166254 , 0.154783 , 0.120859 , 0 , 0 , 0 , 0 , 0 , 0 , 0 , 0 , 0 , 0 , 0 , 0 , 0 , 0 , 0 , 0 , 0 , 0 , 0 , 0 , 0 , 0 , 0 , 
1e+100 , 0.133121 , 0.137149 , 0.142163 , 0.148151 , 0.154851 , 0.161502 , 0.166418 , 0.166254 , 0.154783 , 0.120859 , 0 , 0 , 0 , 0 , 0 , 0 , 0 , 0 , 0 , 0 , 0 , 0 , 0 , 0 , 0 , 0 , 0 , 0 , 0 , 0 , 0 , 0 , 
1e+100 , 0.129975 , 0.133121 , 0.137149 , 0.142163 , 0.148151 , 0.154851 , 0.161502 , 0.166418 , 0.166254 , 0.154783 , 0.120859 , 0 , 0 , 0 , 0 , 0 , 0 , 0 , 0 , 0 , 0 , 0 , 0 , 0 , 0 , 0 , 0 , 0 , 0 , 0 , 0 , 0 , 
1e+100 , 0.127568 , 0.129975 , 0.133121 , 0.137149 , 0.142163 , 0.148151 , 0.154851 , 0.161502 , 0.166418 , 0.166254 , 0.154783 , 0.120859 , 0 , 0 , 0 , 0 , 0 , 0 , 0 , 0 , 0 , 0 , 0 , 0 , 0 , 0 , 0 , 0 , 0 , 0 , 0 , 0 , 
1e+100 , 0.125756 , 0.127568 , 0.129975 , 0.133121 , 0.137149 , 0.142163 , 0.148151 , 0.154851 , 0.161502 , 0.166418 , 0.166254 , 0.154783 , 0.120859 , 0 , 0 , 0 , 0 , 0 , 0 , 0 , 0 , 0 , 0 , 0 , 0 , 0 , 0 , 0 , 0 , 0 , 0 , 0 , 
1e+100 , 0.124409 , 0.125756 , 0.127568 , 0.129975 , 0.133121 , 0.137149 , 0.142163 , 0.148151 , 0.154851 , 0.161502 , 0.166418 , 0.166254 , 0.154783 , 0.120859 , 0 , 0 , 0 , 0 , 0 , 0 , 0 , 0 , 0 , 0 , 0 , 0 , 0 , 0 , 0 , 0 , 0 , 0 , 
1e+100 , 0.123417 , 0.124409 , 0.125756 , 0.127568 , 0.129975 , 0.133121 , 0.137149 , 0.142163 , 0.148151 , 0.154851 , 0.161502 , 0.166418 , 0.166254 , 0.154783 , 0.120859 , 0 , 0 , 0 , 0 , 0 , 0 , 0 , 0 , 0 , 0 , 0 , 0 , 0 , 0 , 0 , 0 , 0 , 
1e+100 , 0.122693 , 0.123417 , 0.124409 , 0.125756 , 0.127568 , 0.129975 , 0.133121 , 0.137149 , 0.142163 , 0.148151 , 0.154851 , 0.161502 , 0.166418 , 0.166254 , 0.154783 , 0.120859 , 0 , 0 , 0 , 0 , 0 , 0 , 0 , 0 , 0 , 0 , 0 , 0 , 0 , 0 , 0 , 0 , 
1e+100 , 0.122168 , 0.122693 , 0.123417 , 0.124409 , 0.125756 , 0.127568 , 0.129975 , 0.133121 , 0.137149 , 0.142163 , 0.148151 , 0.154851 , 0.161502 , 0.166418 , 0.166254 , 0.154783 , 0.120859 , 0 , 0 , 0 , 0 , 0 , 0 , 0 , 0 , 0 , 0 , 0 , 0 , 0 , 0 , 0 , 
1e+100 , 0.12179 , 0.122168 , 0.122693 , 0.123417 , 0.124409 , 0.125756 , 0.127568 , 0.129975 , 0.133121 , 0.137149 , 0.142163 , 0.148151 , 0.154851 , 0.161502 , 0.166418 , 0.166254 , 0.154783 , 0.120859 , 0 , 0 , 0 , 0 , 0 , 0 , 0 , 0 , 0 , 0 , 0 , 0 , 0 , 0 , 
1e+100 , 0.121518 , 0.12179 , 0.122168 , 0.122693 , 0.123417 , 0.124409 , 0.125756 , 0.127568 , 0.129975 , 0.133121 , 0.137149 , 0.142163 , 0.148151 , 0.154851 , 0.161502 , 0.166418 , 0.166254 , 0.154783 , 0.120859 , 0 , 0 , 0 , 0 , 0 , 0 , 0 , 0 , 0 , 0 , 0 , 0 , 0 , 
1e+100 , 0.121325 , 0.121518 , 0.12179 , 0.122168 , 0.122693 , 0.123417 , 0.124409 , 0.125756 , 0.127568 , 0.129975 , 0.133121 , 0.137149 , 0.142163 , 0.148151 , 0.154851 , 0.161502 , 0.166418 , 0.166254 , 0.154783 , 0.120859 , 0 , 0 , 0 , 0 , 0 , 0 , 0 , 0 , 0 , 0 , 0 , 0 , 
1e+100 , 0.121187 , 0.121325 , 0.121518 , 0.12179 , 0.122168 , 0.122693 , 0.123417 , 0.124409 , 0.125756 , 0.127568 , 0.129975 , 0.133121 , 0.137149 , 0.142163 , 0.148151 , 0.154851 , 0.161502 , 0.166418 , 0.166254 , 0.154783 , 0.120859 , 0 , 0 , 0 , 0 , 0 , 0 , 0 , 0 , 0 , 0 , 0 , 
1e+100 , 0.12109 , 0.121187 , 0.121325 , 0.121518 , 0.12179 , 0.122168 , 0.122693 , 0.123417 , 0.124409 , 0.125756 , 0.127568 , 0.129975 , 0.133121 , 0.137149 , 0.142163 , 0.148151 , 0.154851 , 0.161502 , 0.166418 , 0.166254 , 0.154783 , 0.120859 , 0 , 0 , 0 , 0 , 0 , 0 , 0 , 0 , 0 , 0 , 
1e+100 , 0.121021 , 0.12109 , 0.121187 , 0.121325 , 0.121518 , 0.12179 , 0.122168 , 0.122693 , 0.123417 , 0.124409 , 0.125756 , 0.127568 , 0.129975 , 0.133121 , 0.137149 , 0.142163 , 0.148151 , 0.154851 , 0.161502 , 0.166418 , 0.166254 , 0.154783 , 0.120859 , 0 , 0 , 0 , 0 , 0 , 0 , 0 , 0 , 0 , 
1e+100 , 0.120972 , 0.121021 , 0.12109 , 0.121187 , 0.121325 , 0.121518 , 0.12179 , 0.122168 , 0.122693 , 0.123417 , 0.124409 , 0.125756 , 0.127568 , 0.129975 , 0.133121 , 0.137149 , 0.142163 , 0.148151 , 0.154851 , 0.161502 , 0.166418 , 0.166254 , 0.154783 , 0.120859 , 0 , 0 , 0 , 0 , 0 , 0 , 0 , 0 , 
1e+100 , 0.120938 , 0.120972 , 0.121021 , 0.12109 , 0.121187 , 0.121325 , 0.121518 , 0.12179 , 0.122168 , 0.122693 , 0.123417 , 0.124409 , 0.125756 , 0.127568 , 0.129975 , 0.133121 , 0.137149 , 0.142163 , 0.148151 , 0.154851 , 0.161502 , 0.166418 , 0.166254 , 0.154783 , 0.120859 , 0 , 0 , 0 , 0 , 0 , 0 , 0 , 
1e+100 , 0.120914 , 0.120938 , 0.120972 , 0.121021 , 0.12109 , 0.121187 , 0.121325 , 0.121518 , 0.12179 , 0.122168 , 0.122693 , 0.123417 , 0.124409 , 0.125756 , 0.127568 , 0.129975 , 0.133121 , 0.137149 , 0.142163 , 0.148151 , 0.154851 , 0.161502 , 0.166418 , 0.166254 , 0.154783 , 0.120859 , 0 , 0 , 0 , 0 , 0 , 0 , 
1e+100 , 0.120898 , 0.120914 , 0.120938 , 0.120972 , 0.121021 , 0.12109 , 0.121187 , 0.121325 , 0.121518 , 0.12179 , 0.122168 , 0.122693 , 0.123417 , 0.124409 , 0.125756 , 0.127568 , 0.129975 , 0.133121 , 0.137149 , 0.142163 , 0.148151 , 0.154851 , 0.161502 , 0.166418 , 0.166254 , 0.154783 , 0.120859 , 0 , 0 , 0 , 0 , 0 , 
1e+100 , 0.120886 , 0.120898 , 0.120914 , 0.120938 , 0.120972 , 0.121021 , 0.12109 , 0.121187 , 0.121325 , 0.121518 , 0.12179 , 0.122168 , 0.122693 , 0.123417 , 0.124409 , 0.125756 , 0.127568 , 0.129975 , 0.133121 , 0.137149 , 0.142163 , 0.148151 , 0.154851 , 0.161502 , 0.166418 , 0.166254 , 0.154783 , 0.120859 , 0 , 0 , 0 , 0 , 
1e+100 , 0.120878 , 0.120886 , 0.120898 , 0.120914 , 0.120938 , 0.120972 , 0.121021 , 0.12109 , 0.121187 , 0.121325 , 0.121518 , 0.12179 , 0.122168 , 0.122693 , 0.123417 , 0.124409 , 0.125756 , 0.127568 , 0.129975 , 0.133121 , 0.137149 , 0.142163 , 0.148151 , 0.154851 , 0.161502 , 0.166418 , 0.166254 , 0.154783 , 0.120859 , 0 , 0 , 0 , 
1e+100 , 0.120872 , 0.120878 , 0.120886 , 0.120898 , 0.120914 , 0.120938 , 0.120972 , 0.121021 , 0.12109 , 0.121187 , 0.121325 , 0.121518 , 0.12179 , 0.122168 , 0.122693 , 0.123417 , 0.124409 , 0.125756 , 0.127568 , 0.129975 , 0.133121 , 0.137149 , 0.142163 , 0.148151 , 0.154851 , 0.161502 , 0.166418 , 0.166254 , 0.154783 , 0.120859 , 0 , 0 , 
1e+100 , 0.120868 , 0.120872 , 0.120878 , 0.120886 , 0.120898 , 0.120914 , 0.120938 , 0.120972 , 0.121021 , 0.12109 , 0.121187 , 0.121325 , 0.121518 , 0.12179 , 0.122168 , 0.122693 , 0.123417 , 0.124409 , 0.125756 , 0.127568 , 0.129975 , 0.133121 , 0.137149 , 0.142163 , 0.148151 , 0.154851 , 0.161502 , 0.166418 , 0.166254 , 0.154783 , 0.120859 , 0 , 
1e+100 , 0.120866 , 0.120868 , 0.120872 , 0.120878 , 0.120886 , 0.120898 , 0.120914 , 0.120938 , 0.120972 , 0.121021 , 0.12109 , 0.121187 , 0.121325 , 0.121518 , 0.12179 , 0.122168 , 0.122693 , 0.123417 , 0.124409 , 0.125756 , 0.127568 , 0.129975 , 0.133121 , 0.137149 , 0.142163 , 0.148151 , 0.154851 , 0.161502 , 0.166418 , 0.166254 , 0.154783 , 0.120859 , 

h*g ,
1e+200 , 0 , 0 , 0 , 0 , 0 , 0 , 0 , 0 , 0 , 0 , 0 , 0 , 0 , 0 , 0 , 0 , 0 , 0 , 0 , 0 , 0 , 0 , 0 , 0 , 0 , 0 , 0 , 0 , 0 , 0 , 0 , 0 , 
1e+200 , 0.132079 , 0 , 0 , 0 , 0 , 0 , 0 , 0 , 0 , 0 , 0 , 0 , 0 , 0 , 0 , 0 , 0 , 0 , 0 , 0 , 0 , 0 , 0 , 0 , 0 , 0 , 0 , 0 , 0 , 0 , 0 , 0 , 
1e+200 , 0.169152 , 0.132079 , 0 , 0 , 0 , 0 , 0 , 0 , 0 , 0 , 0 , 0 , 0 , 0 , 0 , 0 , 0 , 0 , 0 , 0 , 0 , 0 , 0 , 0 , 0 , 0 , 0 , 0 , 0 , 0 , 0 , 0 , 
1e+200 , 0.181688 , 0.169152 , 0.132079 , 0 , 0 , 0 , 0 , 0 , 0 , 0 , 0 , 0 , 0 , 0 , 0 , 0 , 0 , 0 , 0 , 0 , 0 , 0 , 0 , 0 , 0 , 0 , 0 , 0 , 0 , 0 , 0 , 0 , 
1e+200 , 0.165119 , 0.164956 , 0.164734 , 0.12863 , 0 , 0 , 0 , 0 , 0 , 0 , 0 , 0 , 0 , 0 , 0 , 0 , 0 , 0 , 0 , 0 , 0 , 0 , 0 , 0 , 0 , 0 , 0 , 0 , 0 , 0 , 0 , 0 , 
1e+200 , 0.143988 , 0.148371 , 0.160211 , 0.160317 , 0.12518 , 0 , 0 , 0 , 0 , 0 , 0 , 0 , 0 , 0 , 0 , 0 , 0 , 0 , 0 , 0 , 0 , 0 , 0 , 0 , 0 , 0 , 0 , 0 , 0 , 0 , 0 , 0 , 
1e+200 , 0.148083 , 0.154444 , 0.157252 , 0.155206 , 0.157055 , 0.122633 , 0 , 0 , 0 , 0 , 0 , 0 , 0 , 0 , 0 , 0 , 0 , 0 , 0 , 0 , 0 , 0 , 0 , 0 , 0 , 0 , 0 , 0 , 0 , 0 , 0 , 0 , 
1e+200 , 0.151268 , 0.158109 , 0.149582 , 0.138351 , 0.151703 , 0.153793 , 0.120086 , 0 , 0 , 0 , 0 , 0 , 0 , 0 , 0 , 0 , 0 , 0 , 0 , 0 , 0 , 0 , 0 , 0 , 0 , 0 , 0 , 0 , 0 , 0 , 0 , 0 , 
1e+200 , 0.146541 , 0.152713 , 0.14894 , 0.1442 , 0.148094 , 0.147454 , 0.150699 , 0.11767 , 0 , 0 , 0 , 0 , 0 , 0 , 0 , 0 , 0 , 0 , 0 , 0 , 0 , 0 , 0 , 0 , 0 , 0 , 0 , 0 , 0 , 0 , 0 , 0 , 
1e+200 , 0.142711 , 0.147927 , 0.147775 , 0.147787 , 0.140072 , 0.129845 , 0.144131 , 0.147605 , 0.115254 , 0 , 0 , 0 , 0 , 0 , 0 , 0 , 0 , 0 , 0 , 0 , 0 , 0 , 0 , 0 , 0 , 0 , 0 , 0 , 0 , 0 , 0 , 0 , 
1e+200 , 0.142839 , 0.147161 , 0.145063 , 0.143381 , 0.139854 , 0.135419 , 0.140004 , 0.140329 , 0.144941 , 0.113174 , 0 , 0 , 0 , 0 , 0 , 0 , 0 , 0 , 0 , 0 , 0 , 0 , 0 , 0 , 0 , 0 , 0 , 0 , 0 , 0 , 0 , 0 , 
1e+200 , 0.14368 , 0.147158 , 0.143093 , 0.139494 , 0.139112 , 0.138863 , 0.131725 , 0.122234 , 0.137468 , 0.142277 , 0.111094 , 0 , 0 , 0 , 0 , 0 , 0 , 0 , 0 , 0 , 0 , 0 , 0 , 0 , 0 , 0 , 0 , 0 , 0 , 0 , 0 , 0 , 
1e+200 , 0.140554 , 0.143205 , 0.141048 , 0.139522 , 0.137135 , 0.135108 , 0.131788 , 0.127614 , 0.13293 , 0.134229 , 0.139957 , 0.109283 , 0 , 0 , 0 , 0 , 0 , 0 , 0 , 0 , 0 , 0 , 0 , 0 , 0 , 0 , 0 , 0 , 0 , 0 , 0 , 0 , 
1e+200 , 0.138098 , 0.140088 , 0.139821 , 0.140226 , 0.135815 , 0.13181 , 0.131337 , 0.130979 , 0.124468 , 0.11575 , 0.131737 , 0.137637 , 0.107471 , 0 , 0 , 0 , 0 , 0 , 0 , 0 , 0 , 0 , 0 , 0 , 0 , 0 , 0 , 0 , 0 , 0 , 0 , 0 , 
1e+200 , 0.135998 , 0.137471 , 0.136908 , 0.1369 , 0.13435 , 0.132374 , 0.129884 , 0.127716 , 0.124683 , 0.120851 , 0.126745 , 0.128833 , 0.13551 , 0.105811 , 0 , 0 , 0 , 0 , 0 , 0 , 0 , 0 , 0 , 0 , 0 , 0 , 0 , 0 , 0 , 0 , 0 , 0 , 
1e+200 , 0.134298 , 0.135378 , 0.134644 , 0.134352 , 0.133638 , 0.133546 , 0.129022 , 0.124861 , 0.124398 , 0.124043 , 0.11803 , 0.109936 , 0.126549 , 0.133384 , 0.10415 , 0 , 0 , 0 , 0 , 0 , 0 , 0 , 0 , 0 , 0 , 0 , 0 , 0 , 0 , 0 , 0 , 0 , 
1e+200 , 0.134418 , 0.135211 , 0.133542 , 0.132204 , 0.131206 , 0.130724 , 0.128014 , 0.125836 , 0.123329 , 0.121117 , 0.118289 , 0.114706 , 0.121073 , 0.123826 , 0.131368 , 0.102576 , 0 , 0 , 0 , 0 , 0 , 0 , 0 , 0 , 0 , 0 , 0 , 0 , 0 , 0 , 0 , 0 , 
1e+200 , 0.134746 , 0.135325 , 0.132816 , 0.130549 , 0.129384 , 0.128631 , 0.127704 , 0.127361 , 0.122799 , 0.118565 , 0.118068 , 0.117669 , 0.112062 , 0.104486 , 0.121661 , 0.129352 , 0.101002 , 0 , 0 , 0 , 0 , 0 , 0 , 0 , 0 , 0 , 0 , 0 , 0 , 0 , 0 , 0 , 
1e+200 , 0.135077 , 0.135497 , 0.133044 , 0.130776 , 0.128693 , 0.126918 , 0.125712 , 0.124991 , 0.122193 , 0.11989 , 0.117329 , 0.115036 , 0.112348 , 0.108946 , 0.11572 , 0.119061 , 0.12738 , 0.099462 , 0 , 0 , 0 , 0 , 0 , 0 , 0 , 0 , 0 , 0 , 0 , 0 , 0 , 0 , 
1e+200 , 0.135523 , 0.135826 , 0.133478 , 0.131269 , 0.128356 , 0.125671 , 0.124293 , 0.123305 , 0.122234 , 0.121714 , 0.117082 , 0.112744 , 0.112177 , 0.111694 , 0.10642 , 0.0992808 , 0.116942 , 0.125407 , 0.0979219 , 0 , 0 , 0 , 0 , 0 , 0 , 0 , 0 , 0 , 0 , 0 , 0 , 0 , 
1e+200 , 0.134688 , 0.134903 , 0.133275 , 0.131753 , 0.128912 , 0.126246 , 0.12396 , 0.121965 , 0.120619 , 0.119732 , 0.116824 , 0.114377 , 0.111737 , 0.109335 , 0.106747 , 0.103475 , 0.11059 , 0.114442 , 0.123558 , 0.0964776 , 0 , 0 , 0 , 0 , 0 , 0 , 0 , 0 , 0 , 0 , 0 , 0 , 
1e+200 , 0.133917 , 0.134069 , 0.133188 , 0.132387 , 0.129664 , 0.127074 , 0.123962 , 0.121065 , 0.119544 , 0.118394 , 0.117169 , 0.116462 , 0.111746 , 0.10729 , 0.106634 , 0.106047 , 0.101046 , 0.0942751 , 0.112455 , 0.121708 , 0.0950333 , 0 , 0 , 0 , 0 , 0 , 0 , 0 , 0 , 0 , 0 , 0 , 
1e+200 , 0.136623 , 0.136733 , 0.134246 , 0.131814 , 0.129824 , 0.127937 , 0.124912 , 0.122053 , 0.119642 , 0.11751 , 0.116027 , 0.11498 , 0.111971 , 0.109393 , 0.106677 , 0.104173 , 0.101662 , 0.0984969 , 0.105959 , 0.110314 , 0.120184 , 0.0938432 , 0 , 0 , 0 , 0 , 0 , 0 , 0 , 0 , 0 , 0 , 
1e+200 , 0.139357 , 0.139437 , 0.135363 , 0.131325 , 0.130096 , 0.128944 , 0.126048 , 0.123279 , 0.120056 , 0.11704 , 0.115392 , 0.114098 , 0.11275 , 0.111893 , 0.107114 , 0.102567 , 0.101834 , 0.101158 , 0.096417 , 0.0899886 , 0.108677 , 0.11866 , 0.0926531 , 0 , 0 , 0 , 0 , 0 , 0 , 0 , 0 , 0 , 
1e+200 , 0.132537 , 0.13259 , 0.133438 , 0.134319 , 0.131525 , 0.128784 , 0.126636 , 0.124586 , 0.121467 , 0.118509 , 0.116 , 0.113758 , 0.112176 , 0.11101 , 0.107935 , 0.105266 , 0.102499 , 0.0999237 , 0.0975085 , 0.0944649 , 0.10225 , 0.107054 , 0.117495 , 0.0917433 , 0 , 0 , 0 , 0 , 0 , 0 , 0 , 0 , 
1e+200 , 0.125736 , 0.125772 , 0.131548 , 0.137351 , 0.133011 , 0.128706 , 0.12733 , 0.126029 , 0.123054 , 0.120202 , 0.116905 , 0.113806 , 0.112075 , 0.110683 , 0.109258 , 0.108304 , 0.103497 , 0.0989002 , 0.098133 , 0.0974149 , 0.0928887 , 0.0867403 , 0.105803 , 0.116329 , 0.0908336 , 0 , 0 , 0 , 0 , 0 , 0 , 0 , 
1e+200 , 0.126748 , 0.126773 , 0.128808 , 0.13086 , 0.131454 , 0.132079 , 0.129162 , 0.126295 , 0.124079 , 0.121958 , 0.118781 , 0.11576 , 0.113192 , 0.110882 , 0.109243 , 0.108007 , 0.104903 , 0.102186 , 0.0994071 , 0.0968052 , 0.0944793 , 0.0915457 , 0.0995543 , 0.104673 , 0.115528 , 0.0902078 , 0 , 0 , 0 , 0 , 0 , 0 , 
1e+200 , 0.127767 , 0.127784 , 0.126086 , 0.124397 , 0.12993 , 0.135489 , 0.131047 , 0.12664 , 0.125205 , 0.123844 , 0.120824 , 0.117925 , 0.114589 , 0.111446 , 0.109671 , 0.108227 , 0.106765 , 0.10576 , 0.100957 , 0.096352 , 0.0955733 , 0.0948396 , 0.0904483 , 0.0844786 , 0.103812 , 0.114727 , 0.089582 , 0 , 0 , 0 , 0 , 0 , 
1e+200 , 0.122927 , 0.122938 , 0.124313 , 0.125696 , 0.127546 , 0.129414 , 0.129913 , 0.130444 , 0.127483 , 0.124572 , 0.122322 , 0.120166 , 0.116963 , 0.113912 , 0.11132 , 0.108979 , 0.107317 , 0.106049 , 0.102947 , 0.100223 , 0.0974483 , 0.0948436 , 0.0925694 , 0.0897001 , 0.0978543 , 0.103176 , 0.1143 , 0.0892487 , 0 , 0 , 0 , 0 , 
1e+200 , 0.118091 , 0.118099 , 0.122548 , 0.127004 , 0.12518 , 0.123366 , 0.128811 , 0.134283 , 0.129813 , 0.125377 , 0.123918 , 0.122531 , 0.119496 , 0.11658 , 0.113233 , 0.110076 , 0.108286 , 0.106822 , 0.105353 , 0.104334 , 0.0995472 , 0.0949517 , 0.0941574 , 0.093405 , 0.0890825 , 0.0832058 , 0.102718 , 0.113873 , 0.0889154 , 0 , 0 , 0 , 
1e+200 , 0.106374 , 0.106379 , 0.114398 , 0.122422 , 0.123711 , 0.125008 , 0.126803 , 0.128614 , 0.129091 , 0.129598 , 0.126623 , 0.123699 , 0.121439 , 0.119272 , 0.116064 , 0.113007 , 0.110408 , 0.108058 , 0.106395 , 0.105121 , 0.102032 , 0.0993153 , 0.0965381 , 0.0939268 , 0.0916779 , 0.08884 , 0.097078 , 0.102511 , 0.113752 , 0.0888214 , 0 , 0 , 
1e+200 , 0.0946603 , 0.0946633 , 0.106253 , 0.117847 , 0.12225 , 0.126659 , 0.124811 , 0.122973 , 0.1284 , 0.133854 , 0.12938 , 0.124939 , 0.123476 , 0.122085 , 0.119048 , 0.11613 , 0.112783 , 0.109624 , 0.107834 , 0.106367 , 0.104901 , 0.103884 , 0.0991019 , 0.0945092 , 0.0937044 , 0.0929399 , 0.0886388 , 0.082791 , 0.102382 , 0.113632 , 0.0887275 , 0 , 
1e+200 , 0.0946581 , 0.0946603 , 0.106248 , 0.117839 , 0.122238 , 0.126642 , 0.124787 , 0.122938 , 0.128349 , 0.133778 , 0.129276 , 0.124797 , 0.123279 , 0.121813 , 0.11868 , 0.115633 , 0.112121 , 0.10875 , 0.106679 , 0.104857 , 0.102959 , 0.101429 , 0.0961911 , 0.0911762 , 0.0899169 , 0.0889186 , 0.0849881 , 0.0803454 , 0.102483 , 0.122054 , 0.113632 , 0.0887275 , 

shifts ,
0 , 0 , 0 , 0 , 0 , 0 , 0 , 0 , 0 , 0 , 0 , 0 , 0 , 0 , 0 , 0 , 0 , 0 , 0 , 0 , 0 , 0 , 0 , 0 , 0 , 0 , 0 , 0 , 0 , 0 , 0 , 0 , 0 , 
0 , 0 , 0 , 0 , 0 , 0 , 0 , 0 , 0 , 0 , 0 , 0 , 0 , 0 , 0 , 0 , 0 , 0 , 0 , 0 , 0 , 0 , 0 , 0 , 0 , 0 , 0 , 0 , 0 , 0 , 0 , 0 , 0 , 
0 , 0 , 0 , 0 , 0 , 0 , 0 , 0 , 0 , 0 , 0 , 0 , 0 , 0 , 0 , 0 , 0 , 0 , 0 , 0 , 0 , 0 , 0 , 0 , 0 , 0 , 0 , 0 , 0 , 0 , 0 , 0 , 0 , 
0 , 0 , 0 , 0 , 0 , 0 , 0 , 0 , 0 , 0 , 0 , 0 , 0 , 0 , 0 , 0 , 0 , 0 , 0 , 0 , 0 , 0 , 0 , 0 , 0 , 0 , 0 , 0 , 0 , 0 , 0 , 0 , 0 , 
0 , 0 , 0 , 0 , 0 , 0 , 0 , 0 , 0 , 0 , 0 , 0 , 0 , 0 , 0 , 0 , 0 , 0 , 0 , 0 , 0 , 0 , 0 , 0 , 0 , 0 , 0 , 0 , 0 , 0 , 0 , 0 , 0 , 
0 , 0 , 0 , 0 , 0 , 0 , 0 , 0 , 0 , 0 , 0 , 0 , 0 , 0 , 0 , 0 , 0 , 0 , 0 , 0 , 0 , 0 , 0 , 0 , 0 , 0 , 0 , 0 , 0 , 0 , 0 , 0 , 0 , 
0 , 0 , 0 , 0 , 0 , 0 , 0 , 0 , 0 , 0 , 0 , 0 , 0 , 0 , 0 , 0 , 0 , 0 , 0 , 0 , 0 , 0 , 0 , 0 , 0 , 0 , 0 , 0 , 0 , 0 , 0 , 0 , 0 , 
0 , 0 , 0 , 0 , 0 , 0 , 0 , 0 , 0 , 0 , 0 , 0 , 0 , 0 , 0 , 0 , 0 , 0 , 0 , 0 , 0 , 0 , 0 , 0 , 0 , 0 , 0 , 0 , 0 , 0 , 0 , 0 , 0 , 
0 , 0 , 0 , 0 , 0 , 0 , 0 , 0 , 0 , 0 , 0 , 0 , 0 , 0 , 0 , 0 , 0 , 0 , 0 , 0 , 0 , 0 , 0 , 0 , 0 , 0 , 0 , 0 , 0 , 0 , 0 , 0 , 0 , 
0 , 0 , 0 , 0 , 0 , 0 , 0 , 0 , 0 , 0 , 0 , 0 , 0 , 0 , 0 , 0 , 0 , 0 , 0 , 0 , 0 , 0 , 0 , 0 , 0 , 0 , 0 , 0 , 0 , 0 , 0 , 0 , 0 , 
0 , 0 , 0 , 0 , 0 , 0 , 0 , 0 , 0 , 0 , 0 , 0 , 0 , 0 , 0 , 0 , 0 , 0 , 0 , 0 , 0 , 0 , 0 , 0 , 0 , 0 , 0 , 0 , 0 , 0 , 0 , 0 , 0 , 
0 , 0 , 0 , 0 , 0 , 0 , 0 , 0 , 0 , 0 , 0 , 0 , 0 , 0 , 0 , 0 , 0 , 0 , 0 , 0 , 0 , 0 , 0 , 0 , 0 , 0 , 0 , 0 , 0 , 0 , 0 , 0 , 0 , 
0 , 0 , 0 , 0 , 0 , 0 , 0 , 0 , 0 , 0 , 0 , 0 , 0 , 0 , 0 , 0 , 0 , 0 , 0 , 0 , 0 , 0 , 0 , 0 , 0 , 0 , 0 , 0 , 0 , 0 , 0 , 0 , 0 , 
0 , 0 , 0 , 0 , 0 , 0 , 0 , 0 , 0 , 0 , 0 , 0 , 0 , 0 , 0 , 0 , 0 , 0 , 0 , 0 , 0 , 0 , 0 , 0 , 0 , 0 , 0 , 0 , 0 , 0 , 0 , 0 , 0 , 
0 , 0 , 0 , 0 , 0 , 0 , 0 , 0 , 0 , 0 , 0 , 0 , 0 , 0 , 0 , 0 , 0 , 0 , 0 , 0 , 0 , 0 , 0 , 0 , 0 , 0 , 0 , 0 , 0 , 0 , 0 , 0 , 0 , 
0 , 0 , 0 , 0 , 0 , 0 , 0 , 0 , 0 , 0 , 0 , 0 , 0 , 0 , 0 , 0 , 0 , 0 , 0 , 0 , 0 , 0 , 0 , 0 , 0 , 0 , 0 , 0 , 0 , 0 , 0 , 0 , 0 , 
0 , 0 , 0 , 0 , 0 , 0 , 0 , 0 , 0 , 0 , 0 , 0 , 0 , 0 , 0 , 0 , 0 , 0 , 0 , 0 , 0 , 0 , 0 , 0 , 0 , 0 , 0 , 0 , 0 , 0 , 0 , 0 , 0 , 
0 , 0 , 0 , 0 , 0 , 0 , 0 , 0 , 0 , 0 , 0 , 0 , 0 , 0 , 0 , 0 , 0 , 0 , 0 , 0 , 0 , 0 , 0 , 0 , 0 , 0 , 0 , 0 , 0 , 0 , 0 , 0 , 0 , 
0 , 0 , 0 , 0 , 0 , 0 , 0 , 0 , 0 , 0 , 0 , 0 , 0 , 0 , 0 , 0 , 0 , 0 , 0 , 0 , 0 , 0 , 0 , 0 , 0 , 0 , 0 , 0 , 0 , 0 , 0 , 0 , 0 , 
0 , 0 , 0 , 0 , 0 , 0 , 0 , 0 , 0 , 0 , 0 , 0 , 0 , 0 , 0 , 0 , 0 , 0 , 0 , 0 , 0 , 0 , 0 , 0 , 0 , 0 , 0 , 0 , 0 , 0 , 0 , 0 , 0 , 
0 , 0 , 0 , 0 , 0 , 0 , 0 , 0 , 0 , 0 , 0 , 0 , 0 , 0 , 0 , 0 , 0 , 0 , 0 , 0 , 0 , 0 , 0 , 0 , 0 , 0 , 0 , 0 , 0 , 0 , 0 , 0 , 0 , 
0 , 0 , 0 , 0 , 0 , 0 , 0 , 0 , 0 , 0 , 0 , 0 , 0 , 0 , 0 , 0 , 0 , 0 , 0 , 0 , 0 , 0 , 0 , 0 , 0 , 0 , 0 , 0 , 0 , 0 , 0 , 0 , 0 , 
0 , 0 , 0 , 0 , 0 , 0 , 0 , 0 , 0 , 0 , 0 , 0 , 0 , 0 , 0 , 0 , 0 , 0 , 0 , 0 , 0 , 0 , 0 , 0 , 0 , 0 , 0 , 0 , 0 , 0 , 0 , 0 , 0 , 
0 , 0 , 0 , 0 , 0 , 0 , 0 , 0 , 0 , 0 , 0 , 0 , 0 , 0 , 0 , 0 , 0 , 0 , 0 , 0 , 0 , 0 , 0 , 0 , 0 , 0 , 0 , 0 , 0 , 0 , 0 , 0 , 0 , 
0 , 0 , 0 , 0 , 0 , 0 , 0 , 0 , 0 , 0 , 0 , 0 , 0 , 0 , 0 , 0 , 0 , 0 , 0 , 0 , 0 , 0 , 0 , 0 , 0 , 0 , 0 , 0 , 0 , 0 , 0 , 0 , 0 , 
0 , 0 , 0 , 0 , 0 , 0 , 0 , 0 , 0 , 0 , 0 , 0 , 0 , 0 , 0 , 0 , 0 , 0 , 0 , 0 , 0 , 0 , 0 , 0 , 0 , 0 , 0 , 0 , 0 , 0 , 0 , 0 , 0 , 
0 , 0 , 0 , 0 , 0 , 0 , 0 , 0 , 0 , 0 , 0 , 0 , 0 , 0 , 0 , 0 , 0 , 0 , 0 , 0 , 0 , 0 , 0 , 0 , 0 , 0 , 0 , 0 , 0 , 0 , 0 , 0 , 0 , 
0 , 0 , 0 , 0 , 0 , 0 , 0 , 0 , 0 , 0 , 0 , 0 , 0 , 0 , 0 , 0 , 0 , 0 , 0 , 0 , 0 , 0 , 0 , 0 , 0 , 0 , 0 , 0 , 0 , 0 , 0 , 0 , 0 , 
0 , 0 , 0 , 0 , 0 , 0 , 0 , 0 , 0 , 0 , 0 , 0 , 0 , 0 , 0 , 0 , 0 , 0 , 0 , 0 , 0 , 0 , 0 , 0 , 0 , 0 , 0 , 0 , 0 , 0 , 0 , 0 , 0 , 
0 , 0 , 0 , 0 , 0 , 0 , 0 , 0 , 0 , 0 , 0 , 0 , 0 , 0 , 0 , 0 , 0 , 0 , 0 , 0 , 0 , 0 , 0 , 0 , 0 , 0 , 0 , 0 , 0 , 0 , 0 , 0 , 0 , 
0 , 0 , 0 , 0 , 0 , 0 , 0 , 0 , 0 , 0 , 0 , 0 , 0 , 0 , 0 , 0 , 0 , 0 , 0 , 0 , 0 , 0 , 0 , 0 , 0 , 0 , 0 , 0 , 0 , 0 , 0 , 0 , 0 , 
0 , 0 , 0 , 0 , 0 , 0 , 0 , 0 , 0 , 0 , 0 , 0 , 0 , 0 , 0 , 0 , 0 , 0 , 0 , 0 , 0 , 0 , 0 , 0 , 0 , 0 , 0 , 0 , 0 , 0 , 0 , 0 , 0 , 
0 , 0 , 0 , 0 , 0 , 0 , 0 , 0 , 0 , 0 , 0 , 0 , 0 , 0 , 0 , 0 , 0 , 0 , 0 , 0 , 0 , 0 , 0 , 0 , 0 , 0 , 0 , 0 , 0 , 0 , 0 , 0 , 0 , 

