g ,
1e+100 , 0 , 0 , 0 , 0 , 0 , 0 , 0 , 0 , 0 , 0 , 0 , 0 , 0 , 0 , 0 , 0 , 0 , 0 , 0 , 0 , 0 , 0 , 0 , 0 , 0 , 0 , 0 , 0 , 0 , 0 , 0 , 0 , 
1e+100 , 1.08041 , 0 , 0 , 0 , 0 , 0 , 0 , 0 , 0 , 0 , 0 , 0 , 0 , 0 , 0 , 0 , 0 , 0 , 0 , 0 , 0 , 0 , 0 , 0 , 0 , 0 , 0 , 0 , 0 , 0 , 0 , 0 , 
1e+100 , 1.08041 , 1.08041 , 0 , 0 , 0 , 0 , 0 , 0 , 0 , 0 , 0 , 0 , 0 , 0 , 0 , 0 , 0 , 0 , 0 , 0 , 0 , 0 , 0 , 0 , 0 , 0 , 0 , 0 , 0 , 0 , 0 , 0 , 
1e+100 , 1.08041 , 1.08041 , 1.08041 , 0 , 0 , 0 , 0 , 0 , 0 , 0 , 0 , 0 , 0 , 0 , 0 , 0 , 0 , 0 , 0 , 0 , 0 , 0 , 0 , 0 , 0 , 0 , 0 , 0 , 0 , 0 , 0 , 0 , 
1e+100 , 0.990927 , 0.990927 , 1.04209 , 1.04209 , 0 , 0 , 0 , 0 , 0 , 0 , 0 , 0 , 0 , 0 , 0 , 0 , 0 , 0 , 0 , 0 , 0 , 0 , 0 , 0 , 0 , 0 , 0 , 0 , 0 , 0 , 0 , 0 , 
1e+100 , 0.901446 , 0.901446 , 0.952606 , 1.00377 , 1.00377 , 0 , 0 , 0 , 0 , 0 , 0 , 0 , 0 , 0 , 0 , 0 , 0 , 0 , 0 , 0 , 0 , 0 , 0 , 0 , 0 , 0 , 0 , 0 , 0 , 0 , 0 , 0 , 
1e+100 , 0.972894 , 0.972894 , 0.930311 , 0.887728 , 1.02432 , 1.02432 , 0 , 0 , 0 , 0 , 0 , 0 , 0 , 0 , 0 , 0 , 0 , 0 , 0 , 0 , 0 , 0 , 0 , 0 , 0 , 0 , 0 , 0 , 0 , 0 , 0 , 0 , 
1e+100 , 1.04434 , 1.04434 , 0.908016 , 0.77169 , 0.908282 , 1.04487 , 1.04487 , 0 , 0 , 0 , 0 , 0 , 0 , 0 , 0 , 0 , 0 , 0 , 0 , 0 , 0 , 0 , 0 , 0 , 0 , 0 , 0 , 0 , 0 , 0 , 0 , 0 , 
1e+100 , 1.08074 , 1.08074 , 0.910967 , 0.741197 , 0.865513 , 0.989829 , 0.965249 , 0.965249 , 0 , 0 , 0 , 0 , 0 , 0 , 0 , 0 , 0 , 0 , 0 , 0 , 0 , 0 , 0 , 0 , 0 , 0 , 0 , 0 , 0 , 0 , 0 , 0 , 
1e+100 , 1.11713 , 1.11713 , 0.913918 , 0.710703 , 0.822744 , 0.934784 , 0.910205 , 0.885625 , 0.885625 , 0 , 0 , 0 , 0 , 0 , 0 , 0 , 0 , 0 , 0 , 0 , 0 , 0 , 0 , 0 , 0 , 0 , 0 , 0 , 0 , 0 , 0 , 0 , 
1e+100 , 1.13447 , 1.13447 , 0.978019 , 0.821573 , 0.867133 , 0.912693 , 0.86608 , 0.819466 , 0.882843 , 0.882843 , 0 , 0 , 0 , 0 , 0 , 0 , 0 , 0 , 0 , 0 , 0 , 0 , 0 , 0 , 0 , 0 , 0 , 0 , 0 , 0 , 0 , 0 , 
1e+100 , 1.1518 , 1.1518 , 1.04212 , 0.932442 , 0.911522 , 0.890602 , 0.821955 , 0.753308 , 0.816685 , 0.880061 , 0.880061 , 0 , 0 , 0 , 0 , 0 , 0 , 0 , 0 , 0 , 0 , 0 , 0 , 0 , 0 , 0 , 0 , 0 , 0 , 0 , 0 , 0 , 
1e+100 , 1.12503 , 1.12503 , 1.08049 , 1.03595 , 0.952507 , 0.869061 , 0.823476 , 0.777891 , 0.804683 , 0.831476 , 0.836754 , 0.836754 , 0 , 0 , 0 , 0 , 0 , 0 , 0 , 0 , 0 , 0 , 0 , 0 , 0 , 0 , 0 , 0 , 0 , 0 , 0 , 0 , 
1e+100 , 1.09826 , 1.09826 , 1.11886 , 1.13946 , 0.993492 , 0.84752 , 0.824997 , 0.802474 , 0.792682 , 0.78289 , 0.788169 , 0.793447 , 0.793447 , 0 , 0 , 0 , 0 , 0 , 0 , 0 , 0 , 0 , 0 , 0 , 0 , 0 , 0 , 0 , 0 , 0 , 0 , 0 , 
1e+100 , 1.10509 , 1.10509 , 1.11073 , 1.11637 , 1.0014 , 0.886424 , 0.871912 , 0.857401 , 0.811202 , 0.765004 , 0.778831 , 0.792659 , 0.780255 , 0.780255 , 0 , 0 , 0 , 0 , 0 , 0 , 0 , 0 , 0 , 0 , 0 , 0 , 0 , 0 , 0 , 0 , 0 , 0 , 
1e+100 , 1.11192 , 1.11192 , 1.1026 , 1.09327 , 1.0093 , 0.925328 , 0.918828 , 0.912327 , 0.829723 , 0.747118 , 0.769494 , 0.791871 , 0.779466 , 0.767062 , 0.767062 , 0 , 0 , 0 , 0 , 0 , 0 , 0 , 0 , 0 , 0 , 0 , 0 , 0 , 0 , 0 , 0 , 0 , 
1e+100 , 1.12185 , 1.12185 , 1.08644 , 1.05104 , 0.992383 , 0.933732 , 0.932724 , 0.931716 , 0.849945 , 0.768174 , 0.775493 , 0.782812 , 0.772724 , 0.762636 , 0.777005 , 0.777005 , 0 , 0 , 0 , 0 , 0 , 0 , 0 , 0 , 0 , 0 , 0 , 0 , 0 , 0 , 0 , 0 , 
1e+100 , 1.13178 , 1.13178 , 1.07029 , 1.0088 , 0.975466 , 0.942135 , 0.94662 , 0.951105 , 0.870167 , 0.78923 , 0.781492 , 0.773754 , 0.765982 , 0.758209 , 0.772578 , 0.786947 , 0.786947 , 0 , 0 , 0 , 0 , 0 , 0 , 0 , 0 , 0 , 0 , 0 , 0 , 0 , 0 , 0 , 
1e+100 , 1.12552 , 1.12552 , 1.0544 , 0.983289 , 0.966536 , 0.949782 , 0.943918 , 0.938054 , 0.892479 , 0.846904 , 0.817364 , 0.787823 , 0.777174 , 0.766525 , 0.789586 , 0.812647 , 0.729847 , 0.729847 , 0 , 0 , 0 , 0 , 0 , 0 , 0 , 0 , 0 , 0 , 0 , 0 , 0 , 0 , 
1e+100 , 1.11926 , 1.11926 , 1.03852 , 0.957781 , 0.957605 , 0.957429 , 0.941216 , 0.925004 , 0.914791 , 0.904579 , 0.853236 , 0.801893 , 0.788367 , 0.774841 , 0.806594 , 0.838347 , 0.755547 , 0.672747 , 0.672747 , 0 , 0 , 0 , 0 , 0 , 0 , 0 , 0 , 0 , 0 , 0 , 0 , 0 , 
1e+100 , 1.13712 , 1.13712 , 1.0557 , 0.974271 , 0.990026 , 1.00578 , 0.961197 , 0.916614 , 0.927418 , 0.938222 , 0.860797 , 0.783372 , 0.760078 , 0.736784 , 0.777233 , 0.817682 , 0.763992 , 0.710301 , 0.632127 , 0.632127 , 0 , 0 , 0 , 0 , 0 , 0 , 0 , 0 , 0 , 0 , 0 , 0 , 
1e+100 , 1.15499 , 1.15499 , 1.07287 , 0.990762 , 1.02245 , 1.05413 , 0.981178 , 0.908224 , 0.940044 , 0.971864 , 0.868357 , 0.76485 , 0.731789 , 0.698728 , 0.747872 , 0.797016 , 0.772436 , 0.747855 , 0.669681 , 0.591508 , 0.591508 , 0 , 0 , 0 , 0 , 0 , 0 , 0 , 0 , 0 , 0 , 0 , 
1e+100 , 1.20486 , 1.20486 , 1.11804 , 1.03122 , 1.0495 , 1.06779 , 0.998396 , 0.929002 , 0.952499 , 0.975997 , 0.880711 , 0.785425 , 0.725841 , 0.666257 , 0.684357 , 0.702458 , 0.723307 , 0.744155 , 0.681684 , 0.619213 , 0.641487 , 0.641487 , 0 , 0 , 0 , 0 , 0 , 0 , 0 , 0 , 0 , 0 , 
1e+100 , 1.25473 , 1.25473 , 1.1632 , 1.07168 , 1.07656 , 1.08145 , 1.01561 , 0.949779 , 0.964954 , 0.980129 , 0.893064 , 0.805999 , 0.719892 , 0.633785 , 0.620843 , 0.607901 , 0.674178 , 0.740455 , 0.693687 , 0.646919 , 0.669193 , 0.691467 , 0.691467 , 0 , 0 , 0 , 0 , 0 , 0 , 0 , 0 , 0 , 
1e+100 , 1.25274 , 1.25274 , 1.17735 , 1.10196 , 1.09331 , 1.08467 , 1.02143 , 0.958193 , 0.984255 , 1.01032 , 0.939382 , 0.868448 , 0.77287 , 0.677293 , 0.624345 , 0.571398 , 0.618668 , 0.665939 , 0.660452 , 0.654966 , 0.656051 , 0.657135 , 0.61067 , 0.61067 , 0 , 0 , 0 , 0 , 0 , 0 , 0 , 0 , 
1e+100 , 1.25076 , 1.25076 , 1.1915 , 1.13223 , 1.11006 , 1.08789 , 1.02725 , 0.966606 , 1.00356 , 1.0405 , 0.985701 , 0.930897 , 0.825849 , 0.7208 , 0.627848 , 0.534895 , 0.563159 , 0.591423 , 0.627218 , 0.663013 , 0.642908 , 0.622804 , 0.576338 , 0.529873 , 0.529873 , 0 , 0 , 0 , 0 , 0 , 0 , 0 , 
1e+100 , 1.27056 , 1.27056 , 1.21651 , 1.16246 , 1.13675 , 1.11103 , 1.04414 , 0.977244 , 1.01513 , 1.05302 , 1.00758 , 0.962141 , 0.865274 , 0.768407 , 0.655732 , 0.543057 , 0.516504 , 0.48995 , 0.544517 , 0.599083 , 0.630652 , 0.66222 , 0.602318 , 0.542416 , 0.545072 , 0.545072 , 0 , 0 , 0 , 0 , 0 , 0 , 
1e+100 , 1.29037 , 1.29037 , 1.24153 , 1.19269 , 1.16343 , 1.13417 , 1.06103 , 0.987881 , 1.02671 , 1.06554 , 1.02946 , 0.993385 , 0.9047 , 0.816015 , 0.683617 , 0.551219 , 0.469848 , 0.388478 , 0.461815 , 0.535153 , 0.618395 , 0.701637 , 0.628297 , 0.554958 , 0.557615 , 0.560271 , 0.560271 , 0 , 0 , 0 , 0 , 0 , 
1e+100 , 1.28226 , 1.28226 , 1.24713 , 1.21201 , 1.18886 , 1.16571 , 1.09108 , 1.01646 , 1.03356 , 1.05066 , 1.01731 , 0.983964 , 0.910072 , 0.83618 , 0.711964 , 0.587747 , 0.470493 , 0.353239 , 0.382689 , 0.412139 , 0.541522 , 0.670906 , 0.645914 , 0.620923 , 0.57231 , 0.523697 , 0.600082 , 0.600082 , 0 , 0 , 0 , 0 , 
1e+100 , 1.27415 , 1.27415 , 1.25274 , 1.23132 , 1.21429 , 1.19725 , 1.12114 , 1.04503 , 1.04041 , 1.03578 , 1.00516 , 0.974544 , 0.915445 , 0.856346 , 0.740311 , 0.624275 , 0.471138 , 0.318001 , 0.303563 , 0.289125 , 0.46465 , 0.640175 , 0.663531 , 0.686888 , 0.587005 , 0.487123 , 0.563508 , 0.639892 , 0.639892 , 0 , 0 , 0 , 
1e+100 , 1.21167 , 1.21167 , 1.21895 , 1.22623 , 1.22338 , 1.22052 , 1.15291 , 1.08531 , 1.05786 , 1.0304 , 1.00179 , 0.973182 , 0.928226 , 0.88327 , 0.788393 , 0.693515 , 0.53462 , 0.375725 , 0.286092 , 0.196458 , 0.354943 , 0.513428 , 0.64333 , 0.773232 , 0.661872 , 0.550512 , 0.514907 , 0.479301 , 0.701355 , 0.701355 , 0 , 0 , 
1e+100 , 1.14919 , 1.14919 , 1.18517 , 1.22115 , 1.23247 , 1.24379 , 1.18469 , 1.12559 , 1.07531 , 1.02503 , 0.998426 , 0.971821 , 0.941008 , 0.910194 , 0.836475 , 0.762756 , 0.598102 , 0.433449 , 0.26862 , 0.103791 , 0.245236 , 0.386682 , 0.623129 , 0.859576 , 0.736739 , 0.613902 , 0.466306 , 0.318709 , 0.540764 , 0.762818 , 0.762818 , 0 , 
1e+100 , 1.14919 , 1.14919 , 1.18517 , 1.22115 , 1.23247 , 1.24379 , 1.18469 , 1.12559 , 1.07531 , 1.02503 , 0.998426 , 0.971821 , 0.941008 , 0.910194 , 0.836475 , 0.762756 , 0.598102 , 0.433449 , 0.26862 , 0.103791 , 0.245236 , 0.386682 , 0.623129 , 0.859576 , 0.736739 , 0.613902 , 0.466306 , 0.318709 , 0.540764 , 0.762818 , 0.762818 , 0.762818 , 

h ,
1e+100 , 0 , 0 , 0 , 0 , 0 , 0 , 0 , 0 , 0 , 0 , 0 , 0 , 0 , 0 , 0 , 0 , 0 , 0 , 0 , 0 , 0 , 0 , 0 , 0 , 0 , 0 , 0 , 0 , 0 , 0 , 0 , 0 , 
1e+100 , 0.120859 , 0 , 0 , 0 , 0 , 0 , 0 , 0 , 0 , 0 , 0 , 0 , 0 , 0 , 0 , 0 , 0 , 0 , 0 , 0 , 0 , 0 , 0 , 0 , 0 , 0 , 0 , 0 , 0 , 0 , 0 , 0 , 
1e+100 , 0.154783 , 0.120859 , 0 , 0 , 0 , 0 , 0 , 0 , 0 , 0 , 0 , 0 , 0 , 0 , 0 , 0 , 0 , 0 , 0 , 0 , 0 , 0 , 0 , 0 , 0 , 0 , 0 , 0 , 0 , 0 , 0 , 0 , 
1e+100 , 0.166254 , 0.154783 , 0.120859 , 0 , 0 , 0 , 0 , 0 , 0 , 0 , 0 , 0 , 0 , 0 , 0 , 0 , 0 , 0 , 0 , 0 , 0 , 0 , 0 , 0 , 0 , 0 , 0 , 0 , 0 , 0 , 0 , 0 , 
1e+100 , 0.166418 , 0.166254 , 0.154783 , 0.120859 , 0 , 0 , 0 , 0 , 0 , 0 , 0 , 0 , 0 , 0 , 0 , 0 , 0 , 0 , 0 , 0 , 0 , 0 , 0 , 0 , 0 , 0 , 0 , 0 , 0 , 0 , 0 , 0 , 
1e+100 , 0.161502 , 0.166418 , 0.166254 , 0.154783 , 0.120859 , 0 , 0 , 0 , 0 , 0 , 0 , 0 , 0 , 0 , 0 , 0 , 0 , 0 , 0 , 0 , 0 , 0 , 0 , 0 , 0 , 0 , 0 , 0 , 0 , 0 , 0 , 0 , 
1e+100 , 0.154851 , 0.161502 , 0.166418 , 0.166254 , 0.154783 , 0.120859 , 0 , 0 , 0 , 0 , 0 , 0 , 0 , 0 , 0 , 0 , 0 , 0 , 0 , 0 , 0 , 0 , 0 , 0 , 0 , 0 , 0 , 0 , 0 , 0 , 0 , 0 , 
1e+100 , 0.148151 , 0.154851 , 0.161502 , 0.166418 , 0.166254 , 0.154783 , 0.120859 , 0 , 0 , 0 , 0 , 0 , 0 , 0 , 0 , 0 , 0 , 0 , 0 , 0 , 0 , 0 , 0 , 0 , 0 , 0 , 0 , 0 , 0 , 0 , 0 , 0 , 
1e+100 , 0.142163 , 0.148151 , 0.154851 , 0.161502 , 0.166418 , 0.166254 , 0.154783 , 0.120859 , 0 , 0 , 0 , 0 , 0 , 0 , 0 , 0 , 0 , 0 , 0 , 0 , 0 , 0 , 0 , 0 , 0 , 0 , 0 , 0 , 0 , 0 , 0 , 0 , 
1e+100 , 0.137149 , 0.142163 , 0.148151 , 0.154851 , 0.161502 , 0.166418 , 0.166254 , 0.154783 , 0.120859 , 0 , 0 , 0 , 0 , 0 , 0 , 0 , 0 , 0 , 0 , 0 , 0 , 0 , 0 , 0 , 0 , 0 , 0 , 0 , 0 , 0 , 0 , 0 , 
1e+100 , 0.133121 , 0.137149 , 0.142163 , 0.148151 , 0.154851 , 0.161502 , 0.166418 , 0.166254 , 0.154783 , 0.120859 , 0 , 0 , 0 , 0 , 0 , 0 , 0 , 0 , 0 , 0 , 0 , 0 , 0 , 0 , 0 , 0 , 0 , 0 , 0 , 0 , 0 , 0 , 
1e+100 , 0.129975 , 0.133121 , 0.137149 , 0.142163 , 0.148151 , 0.154851 , 0.161502 , 0.166418 , 0.166254 , 0.154783 , 0.120859 , 0 , 0 , 0 , 0 , 0 , 0 , 0 , 0 , 0 , 0 , 0 , 0 , 0 , 0 , 0 , 0 , 0 , 0 , 0 , 0 , 0 , 
1e+100 , 0.127568 , 0.129975 , 0.133121 , 0.137149 , 0.142163 , 0.148151 , 0.154851 , 0.161502 , 0.166418 , 0.166254 , 0.154783 , 0.120859 , 0 , 0 , 0 , 0 , 0 , 0 , 0 , 0 , 0 , 0 , 0 , 0 , 0 , 0 , 0 , 0 , 0 , 0 , 0 , 0 , 
1e+100 , 0.125756 , 0.127568 , 0.129975 , 0.133121 , 0.137149 , 0.142163 , 0.148151 , 0.154851 , 0.161502 , 0.166418 , 0.166254 , 0.154783 , 0.120859 , 0 , 0 , 0 , 0 , 0 , 0 , 0 , 0 , 0 , 0 , 0 , 0 , 0 , 0 , 0 , 0 , 0 , 0 , 0 , 
1e+100 , 0.124409 , 0.125756 , 0.127568 , 0.129975 , 0.133121 , 0.137149 , 0.142163 , 0.148151 , 0.154851 , 0.161502 , 0.166418 , 0.166254 , 0.154783 , 0.120859 , 0 , 0 , 0 , 0 , 0 , 0 , 0 , 0 , 0 , 0 , 0 , 0 , 0 , 0 , 0 , 0 , 0 , 0 , 
1e+100 , 0.123417 , 0.124409 , 0.125756 , 0.127568 , 0.129975 , 0.133121 , 0.137149 , 0.142163 , 0.148151 , 0.154851 , 0.161502 , 0.166418 , 0.166254 , 0.154783 , 0.120859 , 0 , 0 , 0 , 0 , 0 , 0 , 0 , 0 , 0 , 0 , 0 , 0 , 0 , 0 , 0 , 0 , 0 , 
1e+100 , 0.122693 , 0.123417 , 0.124409 , 0.125756 , 0.127568 , 0.129975 , 0.133121 , 0.137149 , 0.142163 , 0.148151 , 0.154851 , 0.161502 , 0.166418 , 0.166254 , 0.154783 , 0.120859 , 0 , 0 , 0 , 0 , 0 , 0 , 0 , 0 , 0 , 0 , 0 , 0 , 0 , 0 , 0 , 0 , 
1e+100 , 0.122168 , 0.122693 , 0.123417 , 0.124409 , 0.125756 , 0.127568 , 0.129975 , 0.133121 , 0.137149 , 0.142163 , 0.148151 , 0.154851 , 0.161502 , 0.166418 , 0.166254 , 0.154783 , 0.120859 , 0 , 0 , 0 , 0 , 0 , 0 , 0 , 0 , 0 , 0 , 0 , 0 , 0 , 0 , 0 , 
1e+100 , 0.12179 , 0.122168 , 0.122693 , 0.123417 , 0.124409 , 0.125756 , 0.127568 , 0.129975 , 0.133121 , 0.137149 , 0.142163 , 0.148151 , 0.154851 , 0.161502 , 0.166418 , 0.166254 , 0.154783 , 0.120859 , 0 , 0 , 0 , 0 , 0 , 0 , 0 , 0 , 0 , 0 , 0 , 0 , 0 , 0 , 
1e+100 , 0.121518 , 0.12179 , 0.122168 , 0.122693 , 0.123417 , 0.124409 , 0.125756 , 0.127568 , 0.129975 , 0.133121 , 0.137149 , 0.142163 , 0.148151 , 0.154851 , 0.161502 , 0.166418 , 0.166254 , 0.154783 , 0.120859 , 0 , 0 , 0 , 0 , 0 , 0 , 0 , 0 , 0 , 0 , 0 , 0 , 0 , 
1e+100 , 0.121325 , 0.121518 , 0.12179 , 0.122168 , 0.122693 , 0.123417 , 0.124409 , 0.125756 , 0.127568 , 0.129975 , 0.133121 , 0.137149 , 0.142163 , 0.148151 , 0.154851 , 0.161502 , 0.166418 , 0.166254 , 0.154783 , 0.120859 , 0 , 0 , 0 , 0 , 0 , 0 , 0 , 0 , 0 , 0 , 0 , 0 , 
1e+100 , 0.121187 , 0.121325 , 0.121518 , 0.12179 , 0.122168 , 0.122693 , 0.123417 , 0.124409 , 0.125756 , 0.127568 , 0.129975 , 0.133121 , 0.137149 , 0.142163 , 0.148151 , 0.154851 , 0.161502 , 0.166418 , 0.166254 , 0.154783 , 0.120859 , 0 , 0 , 0 , 0 , 0 , 0 , 0 , 0 , 0 , 0 , 0 , 
1e+100 , 0.12109 , 0.121187 , 0.121325 , 0.121518 , 0.12179 , 0.122168 , 0.122693 , 0.123417 , 0.124409 , 0.125756 , 0.127568 , 0.129975 , 0.133121 , 0.137149 , 0.142163 , 0.148151 , 0.154851 , 0.161502 , 0.166418 , 0.166254 , 0.154783 , 0.120859 , 0 , 0 , 0 , 0 , 0 , 0 , 0 , 0 , 0 , 0 , 
1e+100 , 0.121021 , 0.12109 , 0.121187 , 0.121325 , 0.121518 , 0.12179 , 0.122168 , 0.122693 , 0.123417 , 0.124409 , 0.125756 , 0.127568 , 0.129975 , 0.133121 , 0.137149 , 0.142163 , 0.148151 , 0.154851 , 0.161502 , 0.166418 , 0.166254 , 0.154783 , 0.120859 , 0 , 0 , 0 , 0 , 0 , 0 , 0 , 0 , 0 , 
1e+100 , 0.120972 , 0.121021 , 0.12109 , 0.121187 , 0.121325 , 0.121518 , 0.12179 , 0.122168 , 0.122693 , 0.123417 , 0.124409 , 0.125756 , 0.127568 , 0.129975 , 0.133121 , 0.137149 , 0.142163 , 0.148151 , 0.154851 , 0.161502 , 0.166418 , 0.166254 , 0.154783 , 0.120859 , 0 , 0 , 0 , 0 , 0 , 0 , 0 , 0 , 
1e+100 , 0.120938 , 0.120972 , 0.121021 , 0.12109 , 0.121187 , 0.121325 , 0.121518 , 0.12179 , 0.122168 , 0.122693 , 0.123417 , 0.124409 , 0.125756 , 0.127568 , 0.129975 , 0.133121 , 0.137149 , 0.142163 , 0.148151 , 0.154851 , 0.161502 , 0.166418 , 0.166254 , 0.154783 , 0.120859 , 0 , 0 , 0 , 0 , 0 , 0 , 0 , 
1e+100 , 0.120914 , 0.120938 , 0.120972 , 0.121021 , 0.12109 , 0.121187 , 0.121325 , 0.121518 , 0.12179 , 0.122168 , 0.122693 , 0.123417 , 0.124409 , 0.125756 , 0.127568 , 0.129975 , 0.133121 , 0.137149 , 0.142163 , 0.148151 , 0.154851 , 0.161502 , 0.166418 , 0.166254 , 0.154783 , 0.120859 , 0 , 0 , 0 , 0 , 0 , 0 , 
1e+100 , 0.120898 , 0.120914 , 0.120938 , 0.120972 , 0.121021 , 0.12109 , 0.121187 , 0.121325 , 0.121518 , 0.12179 , 0.122168 , 0.122693 , 0.123417 , 0.124409 , 0.125756 , 0.127568 , 0.129975 , 0.133121 , 0.137149 , 0.142163 , 0.148151 , 0.154851 , 0.161502 , 0.166418 , 0.166254 , 0.154783 , 0.120859 , 0 , 0 , 0 , 0 , 0 , 
1e+100 , 0.120886 , 0.120898 , 0.120914 , 0.120938 , 0.120972 , 0.121021 , 0.12109 , 0.121187 , 0.121325 , 0.121518 , 0.12179 , 0.122168 , 0.122693 , 0.123417 , 0.124409 , 0.125756 , 0.127568 , 0.129975 , 0.133121 , 0.137149 , 0.142163 , 0.148151 , 0.154851 , 0.161502 , 0.166418 , 0.166254 , 0.154783 , 0.120859 , 0 , 0 , 0 , 0 , 
1e+100 , 0.120878 , 0.120886 , 0.120898 , 0.120914 , 0.120938 , 0.120972 , 0.121021 , 0.12109 , 0.121187 , 0.121325 , 0.121518 , 0.12179 , 0.122168 , 0.122693 , 0.123417 , 0.124409 , 0.125756 , 0.127568 , 0.129975 , 0.133121 , 0.137149 , 0.142163 , 0.148151 , 0.154851 , 0.161502 , 0.166418 , 0.166254 , 0.154783 , 0.120859 , 0 , 0 , 0 , 
1e+100 , 0.120872 , 0.120878 , 0.120886 , 0.120898 , 0.120914 , 0.120938 , 0.120972 , 0.121021 , 0.12109 , 0.121187 , 0.121325 , 0.121518 , 0.12179 , 0.122168 , 0.122693 , 0.123417 , 0.124409 , 0.125756 , 0.127568 , 0.129975 , 0.133121 , 0.137149 , 0.142163 , 0.148151 , 0.154851 , 0.161502 , 0.166418 , 0.166254 , 0.154783 , 0.120859 , 0 , 0 , 
1e+100 , 0.120868 , 0.120872 , 0.120878 , 0.120886 , 0.120898 , 0.120914 , 0.120938 , 0.120972 , 0.121021 , 0.12109 , 0.121187 , 0.121325 , 0.121518 , 0.12179 , 0.122168 , 0.122693 , 0.123417 , 0.124409 , 0.125756 , 0.127568 , 0.129975 , 0.133121 , 0.137149 , 0.142163 , 0.148151 , 0.154851 , 0.161502 , 0.166418 , 0.166254 , 0.154783 , 0.120859 , 0 , 
1e+100 , 0.120866 , 0.120868 , 0.120872 , 0.120878 , 0.120886 , 0.120898 , 0.120914 , 0.120938 , 0.120972 , 0.121021 , 0.12109 , 0.121187 , 0.121325 , 0.121518 , 0.12179 , 0.122168 , 0.122693 , 0.123417 , 0.124409 , 0.125756 , 0.127568 , 0.129975 , 0.133121 , 0.137149 , 0.142163 , 0.148151 , 0.154851 , 0.161502 , 0.166418 , 0.166254 , 0.154783 , 0.120859 , 

h*g ,
1e+200 , 0 , 0 , 0 , 0 , 0 , 0 , 0 , 0 , 0 , 0 , 0 , 0 , 0 , 0 , 0 , 0 , 0 , 0 , 0 , 0 , 0 , 0 , 0 , 0 , 0 , 0 , 0 , 0 , 0 , 0 , 0 , 0 , 
1e+200 , 0.130577 , 0 , 0 , 0 , 0 , 0 , 0 , 0 , 0 , 0 , 0 , 0 , 0 , 0 , 0 , 0 , 0 , 0 , 0 , 0 , 0 , 0 , 0 , 0 , 0 , 0 , 0 , 0 , 0 , 0 , 0 , 0 , 
1e+200 , 0.167229 , 0.130577 , 0 , 0 , 0 , 0 , 0 , 0 , 0 , 0 , 0 , 0 , 0 , 0 , 0 , 0 , 0 , 0 , 0 , 0 , 0 , 0 , 0 , 0 , 0 , 0 , 0 , 0 , 0 , 0 , 0 , 0 , 
1e+200 , 0.179622 , 0.167229 , 0.130577 , 0 , 0 , 0 , 0 , 0 , 0 , 0 , 0 , 0 , 0 , 0 , 0 , 0 , 0 , 0 , 0 , 0 , 0 , 0 , 0 , 0 , 0 , 0 , 0 , 0 , 0 , 0 , 0 , 0 , 
1e+200 , 0.164908 , 0.164746 , 0.161297 , 0.125946 , 0 , 0 , 0 , 0 , 0 , 0 , 0 , 0 , 0 , 0 , 0 , 0 , 0 , 0 , 0 , 0 , 0 , 0 , 0 , 0 , 0 , 0 , 0 , 0 , 0 , 0 , 0 , 0 , 
1e+200 , 0.145586 , 0.150017 , 0.158375 , 0.155366 , 0.121315 , 0 , 0 , 0 , 0 , 0 , 0 , 0 , 0 , 0 , 0 , 0 , 0 , 0 , 0 , 0 , 0 , 0 , 0 , 0 , 0 , 0 , 0 , 0 , 0 , 0 , 0 , 0 , 
1e+200 , 0.150653 , 0.157125 , 0.154821 , 0.147589 , 0.158547 , 0.123799 , 0 , 0 , 0 , 0 , 0 , 0 , 0 , 0 , 0 , 0 , 0 , 0 , 0 , 0 , 0 , 0 , 0 , 0 , 0 , 0 , 0 , 0 , 0 , 0 , 0 , 0 , 
1e+200 , 0.15472 , 0.161717 , 0.146647 , 0.128423 , 0.151006 , 0.161729 , 0.126283 , 0 , 0 , 0 , 0 , 0 , 0 , 0 , 0 , 0 , 0 , 0 , 0 , 0 , 0 , 0 , 0 , 0 , 0 , 0 , 0 , 0 , 0 , 0 , 0 , 0 , 
1e+200 , 0.15364 , 0.160112 , 0.141064 , 0.119705 , 0.144037 , 0.164563 , 0.149404 , 0.116659 , 0 , 0 , 0 , 0 , 0 , 0 , 0 , 0 , 0 , 0 , 0 , 0 , 0 , 0 , 0 , 0 , 0 , 0 , 0 , 0 , 0 , 0 , 0 , 0 , 
1e+200 , 0.153214 , 0.158815 , 0.135398 , 0.110053 , 0.132875 , 0.155565 , 0.151325 , 0.13708 , 0.107036 , 0 , 0 , 0 , 0 , 0 , 0 , 0 , 0 , 0 , 0 , 0 , 0 , 0 , 0 , 0 , 0 , 0 , 0 , 0 , 0 , 0 , 0 , 0 , 
1e+200 , 0.151021 , 0.155591 , 0.139038 , 0.121717 , 0.134276 , 0.147402 , 0.144131 , 0.13624 , 0.136649 , 0.1067 , 0 , 0 , 0 , 0 , 0 , 0 , 0 , 0 , 0 , 0 , 0 , 0 , 0 , 0 , 0 , 0 , 0 , 0 , 0 , 0 , 0 , 0 , 
1e+200 , 0.149705 , 0.153328 , 0.142926 , 0.132558 , 0.135043 , 0.13791 , 0.132748 , 0.125364 , 0.135777 , 0.136219 , 0.106364 , 0 , 0 , 0 , 0 , 0 , 0 , 0 , 0 , 0 , 0 , 0 , 0 , 0 , 0 , 0 , 0 , 0 , 0 , 0 , 0 , 0 , 
1e+200 , 0.143518 , 0.146225 , 0.143836 , 0.14208 , 0.135411 , 0.128752 , 0.127516 , 0.125631 , 0.133914 , 0.138236 , 0.129515 , 0.10113 , 0 , 0 , 0 , 0 , 0 , 0 , 0 , 0 , 0 , 0 , 0 , 0 , 0 , 0 , 0 , 0 , 0 , 0 , 0 , 0 , 
1e+200 , 0.138113 , 0.140103 , 0.145424 , 0.151686 , 0.136257 , 0.120486 , 0.122224 , 0.124264 , 0.12802 , 0.130287 , 0.131036 , 0.122812 , 0.0958955 , 0 , 0 , 0 , 0 , 0 , 0 , 0 , 0 , 0 , 0 , 0 , 0 , 0 , 0 , 0 , 0 , 0 , 0 , 0 , 
1e+200 , 0.137483 , 0.138972 , 0.141694 , 0.1451 , 0.133307 , 0.121572 , 0.123953 , 0.127025 , 0.125615 , 0.12355 , 0.129612 , 0.131783 , 0.12077 , 0.0943011 , 0 , 0 , 0 , 0 , 0 , 0 , 0 , 0 , 0 , 0 , 0 , 0 , 0 , 0 , 0 , 0 , 0 , 0 , 
1e+200 , 0.13723 , 0.138332 , 0.138658 , 0.139467 , 0.131184 , 0.12318 , 0.126016 , 0.129699 , 0.122924 , 0.115692 , 0.124275 , 0.131782 , 0.12959 , 0.118728 , 0.0927067 , 0 , 0 , 0 , 0 , 0 , 0 , 0 , 0 , 0 , 0 , 0 , 0 , 0 , 0 , 0 , 0 , 0 , 
1e+200 , 0.137643 , 0.138455 , 0.135163 , 0.132174 , 0.126596 , 0.121361 , 0.124165 , 0.127784 , 0.12083 , 0.113806 , 0.120086 , 0.126426 , 0.128595 , 0.126792 , 0.120267 , 0.0939083 , 0 , 0 , 0 , 0 , 0 , 0 , 0 , 0 , 0 , 0 , 0 , 0 , 0 , 0 , 0 , 0 , 
1e+200 , 0.138267 , 0.138861 , 0.132091 , 0.125503 , 0.122671 , 0.120186 , 0.123037 , 0.126612 , 0.119343 , 0.112199 , 0.115779 , 0.119816 , 0.123708 , 0.12618 , 0.128444 , 0.121806 , 0.09511 , 0 , 0 , 0 , 0 , 0 , 0 , 0 , 0 , 0 , 0 , 0 , 0 , 0 , 0 , 0 , 
1e+200 , 0.137076 , 0.137502 , 0.129368 , 0.121354 , 0.120245 , 0.119441 , 0.120414 , 0.121923 , 0.118808 , 0.116152 , 0.116199 , 0.116717 , 0.120346 , 0.123796 , 0.131402 , 0.135106 , 0.112968 , 0.0882089 , 0 , 0 , 0 , 0 , 0 , 0 , 0 , 0 , 0 , 0 , 0 , 0 , 0 , 0 , 
1e+200 , 0.136011 , 0.136314 , 0.126874 , 0.117513 , 0.118185 , 0.119112 , 0.118364 , 0.118001 , 0.1189 , 0.120418 , 0.117021 , 0.113999 , 0.116797 , 0.119985 , 0.130267 , 0.139516 , 0.125613 , 0.10413 , 0.0813078 , 0 , 0 , 0 , 0 , 0 , 0 , 0 , 0 , 0 , 0 , 0 , 0 , 0 , 
1e+200 , 0.137961 , 0.138181 , 0.128573 , 0.119025 , 0.121469 , 0.12413 , 0.119581 , 0.11527 , 0.118309 , 0.121945 , 0.11459 , 0.107439 , 0.108055 , 0.109155 , 0.120355 , 0.132058 , 0.127142 , 0.118091 , 0.0978427 , 0.0763986 , 0 , 0 , 0 , 0 , 0 , 0 , 0 , 0 , 0 , 0 , 0 , 0 , 
1e+200 , 0.13997 , 0.140129 , 0.130374 , 0.120664 , 0.12491 , 0.129334 , 0.121094 , 0.112991 , 0.118216 , 0.123979 , 0.112864 , 0.101817 , 0.100364 , 0.099333 , 0.110798 , 0.123419 , 0.12475 , 0.124457 , 0.111337 , 0.0915554 , 0.0714893 , 0 , 0 , 0 , 0 , 0 , 0 , 0 , 0 , 0 , 0 , 0 , 
1e+200 , 0.145896 , 0.146013 , 0.135646 , 0.125312 , 0.127819 , 0.13045 , 0.122496 , 0.114654 , 0.118499 , 0.122738 , 0.112351 , 0.102085 , 0.0966245 , 0.0913765 , 0.0972901 , 0.10407 , 0.112005 , 0.120183 , 0.113445 , 0.102947 , 0.0992914 , 0.0775298 , 0 , 0 , 0 , 0 , 0 , 0 , 0 , 0 , 0 , 0 , 
1e+200 , 0.151848 , 0.151935 , 0.140965 , 0.130021 , 0.130822 , 0.131709 , 0.124075 , 0.116531 , 0.119092 , 0.121937 , 0.112308 , 0.10282 , 0.0935678 , 0.08437 , 0.0851481 , 0.0864208 , 0.0998799 , 0.11466 , 0.112032 , 0.107659 , 0.111256 , 0.107027 , 0.0835703 , 0 , 0 , 0 , 0 , 0 , 0 , 0 , 0 , 0 , 
1e+200 , 0.151547 , 0.151608 , 0.142565 , 0.133543 , 0.132646 , 0.131807 , 0.1244 , 0.11706 , 0.120761 , 0.12469 , 0.116867 , 0.109213 , 0.0985936 , 0.0880309 , 0.0831133 , 0.0783667 , 0.0879515 , 0.0986593 , 0.102272 , 0.105779 , 0.109179 , 0.109252 , 0.0945214 , 0.0738052 , 0 , 0 , 0 , 0 , 0 , 0 , 0 , 0 , 
1e+200 , 0.151264 , 0.151307 , 0.144196 , 0.137102 , 0.134525 , 0.131988 , 0.12483 , 0.117723 , 0.122602 , 0.127662 , 0.121652 , 0.115812 , 0.103855 , 0.0919511 , 0.0816043 , 0.0712057 , 0.0772367 , 0.0840782 , 0.0929228 , 0.102668 , 0.103831 , 0.103646 , 0.0958187 , 0.0820154 , 0.0640401 , 0 , 0 , 0 , 0 , 0 , 0 , 0 , 
1e+200 , 0.153629 , 0.153659 , 0.147164 , 0.140682 , 0.137649 , 0.134643 , 0.12668 , 0.118753 , 0.123633 , 0.128646 , 0.123623 , 0.118744 , 0.107648 , 0.0966319 , 0.0836505 , 0.0705837 , 0.0687574 , 0.0671962 , 0.0774099 , 0.0887546 , 0.097657 , 0.10695 , 0.100237 , 0.090179 , 0.0843679 , 0.0658771 , 0 , 0 , 0 , 0 , 0 , 0 , 
1e+200 , 0.156002 , 0.156024 , 0.150149 , 0.144283 , 0.1408 , 0.137337 , 0.128583 , 0.119854 , 0.124764 , 0.129772 , 0.125767 , 0.121881 , 0.111655 , 0.101519 , 0.085969 , 0.0703179 , 0.0610684 , 0.0517144 , 0.0633375 , 0.0760788 , 0.0916157 , 0.108649 , 0.101472 , 0.0923552 , 0.0927059 , 0.0867205 , 0.067714 , 0 , 0 , 0 , 0 , 0 , 
1e+200 , 0.155007 , 0.155022 , 0.150796 , 0.146578 , 0.143819 , 0.141075 , 0.132119 , 0.123182 , 0.125396 , 0.127674 , 0.123898 , 0.120209 , 0.111659 , 0.103199 , 0.0885744 , 0.0739128 , 0.0600199 , 0.0459121 , 0.0509439 , 0.0565245 , 0.0769843 , 0.0993952 , 0.10002 , 0.100281 , 0.0952428 , 0.0870669 , 0.0928825 , 0.0725255 , 0 , 0 , 0 , 0 , 
1e+200 , 0.154016 , 0.154027 , 0.151453 , 0.148885 , 0.146854 , 0.144834 , 0.135681 , 0.126543 , 0.126084 , 0.125665 , 0.122145 , 0.118689 , 0.111838 , 0.105067 , 0.0913668 , 0.0776652 , 0.0592485 , 0.0405667 , 0.0394555 , 0.0384885 , 0.0637263 , 0.0910089 , 0.0983027 , 0.106365 , 0.0948028 , 0.0810661 , 0.0936856 , 0.0990445 , 0.077337 , 0 , 0 , 0 , 
1e+200 , 0.146457 , 0.146464 , 0.147354 , 0.148249 , 0.147924 , 0.147607 , 0.139471 , 0.131345 , 0.128096 , 0.124872 , 0.121542 , 0.11826 , 0.113048 , 0.107907 , 0.09673 , 0.0855914 , 0.0665114 , 0.0472497 , 0.0364962 , 0.0255346 , 0.0472503 , 0.0704162 , 0.0914575 , 0.114555 , 0.102491 , 0.0889091 , 0.0856899 , 0.0796858 , 0.108558 , 0.0847654 , 0 , 0 , 
1e+200 , 0.138901 , 0.138905 , 0.143261 , 0.147619 , 0.149002 , 0.150392 , 0.143274 , 0.136165 , 0.130135 , 0.124121 , 0.120996 , 0.117906 , 0.11435 , 0.110852 , 0.10219 , 0.0935845 , 0.0738159 , 0.0539248 , 0.0337806 , 0.0132405 , 0.0318745 , 0.0514753 , 0.0854615 , 0.1222 , 0.109148 , 0.0950632 , 0.0753095 , 0.053039 , 0.0899043 , 0.118071 , 0.0921937 , 0 , 
1e+200 , 0.138897 , 0.138901 , 0.143254 , 0.147609 , 0.148988 , 0.150371 , 0.143246 , 0.136127 , 0.130083 , 0.12405 , 0.120899 , 0.117772 , 0.114168 , 0.110605 , 0.101874 , 0.0931842 , 0.0733828 , 0.0534949 , 0.0334187 , 0.0130524 , 0.0312843 , 0.0502588 , 0.0829514 , 0.11789 , 0.104737 , 0.09095 , 0.0722078 , 0.0514723 , 0.0899929 , 0.126822 , 0.118071 , 0.0921937 , 

shifts ,
0 , 0 , 0 , 0 , 0 , 0 , 0 , 0 , 0 , 0 , 0 , 0 , 0 , 0 , 0 , 0 , 0 , 0 , 0 , 0 , 0 , 0 , 0 , 0 , 0 , 0 , 0 , 0 , 0 , 0 , 0 , 0 , 0 , 
0 , 0 , 0 , 0 , 0 , 0 , 0 , 0 , 0 , 0 , 0 , 0 , 0 , 0 , 0 , 0 , 0 , 0 , 0 , 0 , 0 , 0 , 0 , 0 , 0 , 0 , 0 , 0 , 0 , 0 , 0 , 0 , 0 , 
0 , 0 , 0 , 0 , 0 , 0 , 0 , 0 , 0 , 0 , 0 , 0 , 0 , 0 , 0 , 0 , 0 , 0 , 0 , 0 , 0 , 0 , 0 , 0 , 0 , 0 , 0 , 0 , 0 , 0 , 0 , 0 , 0 , 
0 , 0 , 0 , 0 , 0 , 0 , 0 , 0 , 0 , 0 , 0 , 0 , 0 , 0 , 0 , 0 , 0 , 0 , 0 , 0 , 0 , 0 , 0 , 0 , 0 , 0 , 0 , 0 , 0 , 0 , 0 , 0 , 0 , 
0 , 0 , 0 , 0 , 0 , 0 , 0 , 0 , 0 , 0 , 0 , 0 , 0 , 0 , 0 , 0 , 0 , 0 , 0 , 0 , 0 , 0 , 0 , 0 , 0 , 0 , 0 , 0 , 0 , 0 , 0 , 0 , 0 , 
0 , 0 , 0 , 0 , 0 , 0 , 0 , 0 , 0 , 0 , 0 , 0 , 0 , 0 , 0 , 0 , 0 , 0 , 0 , 0 , 0 , 0 , 0 , 0 , 0 , 0 , 0 , 0 , 0 , 0 , 0 , 0 , 0 , 
0 , 0 , 0 , 0 , 0 , 0 , 0 , 0 , 0 , 0 , 0 , 0 , 0 , 0 , 0 , 0 , 0 , 0 , 0 , 0 , 0 , 0 , 0 , 0 , 0 , 0 , 0 , 0 , 0 , 0 , 0 , 0 , 0 , 
0 , 0 , 0 , 0 , 0 , 0 , 0 , 0 , 0 , 0 , 0 , 0 , 0 , 0 , 0 , 0 , 0 , 0 , 0 , 0 , 0 , 0 , 0 , 0 , 0 , 0 , 0 , 0 , 0 , 0 , 0 , 0 , 0 , 
0 , 0 , 0 , 0 , 0 , 0 , 0 , 0 , 0 , 0 , 0 , 0 , 0 , 0 , 0 , 0 , 0 , 0 , 0 , 0 , 0 , 0 , 0 , 0 , 0 , 0 , 0 , 0 , 0 , 0 , 0 , 0 , 0 , 
0 , 0 , 0 , 0 , 0 , 0 , 0 , 0 , 0 , 0 , 0 , 0 , 0 , 0 , 0 , 0 , 0 , 0 , 0 , 0 , 0 , 0 , 0 , 0 , 0 , 0 , 0 , 0 , 0 , 0 , 0 , 0 , 0 , 
0 , 0 , 0 , 0 , 0 , 0 , 0 , 0 , 0 , 0 , 0 , 0 , 0 , 0 , 0 , 0 , 0 , 0 , 0 , 0 , 0 , 0 , 0 , 0 , 0 , 0 , 0 , 0 , 0 , 0 , 0 , 0 , 0 , 
0 , 0 , 0 , 0 , 0 , 0 , 0 , 0 , 0 , 0 , 0 , 0 , 0 , 0 , 0 , 0 , 0 , 0 , 0 , 0 , 0 , 0 , 0 , 0 , 0 , 0 , 0 , 0 , 0 , 0 , 0 , 0 , 0 , 
0 , 0 , 0 , 0 , 0 , 0 , 0 , 0 , 0 , 0 , 0 , 0 , 0 , 0 , 0 , 0 , 0 , 0 , 0 , 0 , 0 , 0 , 0 , 0 , 0 , 0 , 0 , 0 , 0 , 0 , 0 , 0 , 0 , 
0 , 0 , 0 , 0 , 0 , 0 , 0 , 0 , 0 , 0 , 0 , 0 , 0 , 0 , 0 , 0 , 0 , 0 , 0 , 0 , 0 , 0 , 0 , 0 , 0 , 0 , 0 , 0 , 0 , 0 , 0 , 0 , 0 , 
0 , 0 , 0 , 0 , 0 , 0 , 0 , 0 , 0 , 0 , 0 , 0 , 0 , 0 , 0 , 0 , 0 , 0 , 0 , 0 , 0 , 0 , 0 , 0 , 0 , 0 , 0 , 0 , 0 , 0 , 0 , 0 , 0 , 
0 , 0 , 0 , 0 , 0 , 0 , 0 , 0 , 0 , 0 , 0 , 0 , 0 , 0 , 0 , 0 , 0 , 0 , 0 , 0 , 0 , 0 , 0 , 0 , 0 , 0 , 0 , 0 , 0 , 0 , 0 , 0 , 0 , 
0 , 0 , 0 , 0 , 0 , 0 , 0 , 0 , 0 , 0 , 0 , 0 , 0 , 0 , 0 , 0 , 0 , 0 , 0 , 0 , 0 , 0 , 0 , 0 , 0 , 0 , 0 , 0 , 0 , 0 , 0 , 0 , 0 , 
0 , 0 , 0 , 0 , 0 , 0 , 0 , 0 , 0 , 0 , 0 , 0 , 0 , 0 , 0 , 0 , 0 , 0 , 0 , 0 , 0 , 0 , 0 , 0 , 0 , 0 , 0 , 0 , 0 , 0 , 0 , 0 , 0 , 
0 , 0 , 0 , 0 , 0 , 0 , 0 , 0 , 0 , 0 , 0 , 0 , 0 , 0 , 0 , 0 , 0 , 0 , 0 , 0 , 0 , 0 , 0 , 0 , 0 , 0 , 0 , 0 , 0 , 0 , 0 , 0 , 0 , 
0 , 0 , 0 , 0 , 0 , 0 , 0 , 0 , 0 , 0 , 0 , 0 , 0 , 0 , 0 , 0 , 0 , 0 , 0 , 0 , 0 , 0 , 0 , 0 , 0 , 0 , 0 , 0 , 0 , 0 , 0 , 0 , 0 , 
0 , 0 , 0 , 0 , 0 , 0 , 0 , 0 , 0 , 0 , 0 , 0 , 0 , 0 , 0 , 0 , 0 , 0 , 0 , 0 , 0 , 0 , 0 , 0 , 0 , 0 , 0 , 0 , 0 , 0 , 0 , 0 , 0 , 
0 , 0 , 0 , 0 , 0 , 0 , 0 , 0 , 0 , 0 , 0 , 0 , 0 , 0 , 0 , 0 , 0 , 0 , 0 , 0 , 0 , 0 , 0 , 0 , 0 , 0 , 0 , 0 , 0 , 0 , 0 , 0 , 0 , 
0 , 0 , 0 , 0 , 0 , 0 , 0 , 0 , 0 , 0 , 0 , 0 , 0 , 0 , 0 , 0 , 0 , 0 , 0 , 0 , 0 , 0 , 0 , 0 , 0 , 0 , 0 , 0 , 0 , 0 , 0 , 0 , 0 , 
0 , 0 , 0 , 0 , 0 , 0 , 0 , 0 , 0 , 0 , 0 , 0 , 0 , 0 , 0 , 0 , 0 , 0 , 0 , 0 , 0 , 0 , 0 , 0 , 0 , 0 , 0 , 0 , 0 , 0 , 0 , 0 , 0 , 
0 , 0 , 0 , 0 , 0 , 0 , 0 , 0 , 0 , 0 , 0 , 0 , 0 , 0 , 0 , 0 , 0 , 0 , 0 , 0 , 0 , 0 , 0 , 0 , 0 , 0 , 0 , 0 , 0 , 0 , 0 , 0 , 0 , 
0 , 0 , 0 , 0 , 0 , 0 , 0 , 0 , 0 , 0 , 0 , 0 , 0 , 0 , 0 , 0 , 0 , 0 , 0 , 0 , 0 , 0 , 0 , 0 , 0 , 0 , 0 , 0 , 0 , 0 , 0 , 0 , 0 , 
0 , 0 , 0 , 0 , 0 , 0 , 0 , 0 , 0 , 0 , 0 , 0 , 0 , 0 , 0 , 0 , 0 , 0 , 0 , 0 , 0 , 0 , 0 , 0 , 0 , 0 , 0 , 0 , 0 , 0 , 0 , 0 , 0 , 
0 , 0 , 0 , 0 , 0 , 0 , 0 , 0 , 0 , 0 , 0 , 0 , 0 , 0 , 0 , 0 , 0 , 0 , 0 , 0 , 0 , 0 , 0 , 0 , 0 , 0 , 0 , 0 , 0 , 0 , 0 , 0 , 0 , 
0 , 0 , 0 , 0 , 0 , 0 , 0 , 0 , 0 , 0 , 0 , 0 , 0 , 0 , 0 , 0 , 0 , 0 , 0 , 0 , 0 , 0 , 0 , 0 , 0 , 0 , 0 , 0 , 0 , 0 , 0 , 0 , 0 , 
0 , 0 , 0 , 0 , 0 , 0 , 0 , 0 , 0 , 0 , 0 , 0 , 0 , 0 , 0 , 0 , 0 , 0 , 0 , 0 , 0 , 0 , 0 , 0 , 0 , 0 , 0 , 0 , 0 , 0 , 0 , 0 , 0 , 
0 , 0 , 0 , 0 , 0 , 0 , 0 , 0 , 0 , 0 , 0 , 0 , 0 , 0 , 0 , 0 , 0 , 0 , 0 , 0 , 0 , 0 , 0 , 0 , 0 , 0 , 0 , 0 , 0 , 0 , 0 , 0 , 0 , 
0 , 0 , 0 , 0 , 0 , 0 , 0 , 0 , 0 , 0 , 0 , 0 , 0 , 0 , 0 , 0 , 0 , 0 , 0 , 0 , 0 , 0 , 0 , 0 , 0 , 0 , 0 , 0 , 0 , 0 , 0 , 0 , 0 , 
0 , 0 , 0 , 0 , 0 , 0 , 0 , 0 , 0 , 0 , 0 , 0 , 0 , 0 , 0 , 0 , 0 , 0 , 0 , 0 , 0 , 0 , 0 , 0 , 0 , 0 , 0 , 0 , 0 , 0 , 0 , 0 , 0 , 

