g ,
1e+100 , 0 , 0 , 0 , 0 , 0 , 0 , 0 , 0 , 0 , 0 , 0 , 0 , 0 , 0 , 0 , 0 , 0 , 0 , 0 , 0 , 0 , 0 , 0 , 0 , 0 , 0 , 0 , 0 , 0 , 0 , 0 , 0 , 
1e+100 , 1.04422 , 0 , 0 , 0 , 0 , 0 , 0 , 0 , 0 , 0 , 0 , 0 , 0 , 0 , 0 , 0 , 0 , 0 , 0 , 0 , 0 , 0 , 0 , 0 , 0 , 0 , 0 , 0 , 0 , 0 , 0 , 0 , 
1e+100 , 1.04422 , 1.04422 , 0 , 0 , 0 , 0 , 0 , 0 , 0 , 0 , 0 , 0 , 0 , 0 , 0 , 0 , 0 , 0 , 0 , 0 , 0 , 0 , 0 , 0 , 0 , 0 , 0 , 0 , 0 , 0 , 0 , 0 , 
1e+100 , 1.04422 , 1.04422 , 1.04422 , 0 , 0 , 0 , 0 , 0 , 0 , 0 , 0 , 0 , 0 , 0 , 0 , 0 , 0 , 0 , 0 , 0 , 0 , 0 , 0 , 0 , 0 , 0 , 0 , 0 , 0 , 0 , 0 , 0 , 
1e+100 , 1.03165 , 1.03165 , 0.932814 , 0.932814 , 0 , 0 , 0 , 0 , 0 , 0 , 0 , 0 , 0 , 0 , 0 , 0 , 0 , 0 , 0 , 0 , 0 , 0 , 0 , 0 , 0 , 0 , 0 , 0 , 0 , 0 , 0 , 0 , 
1e+100 , 1.01908 , 1.01908 , 0.920243 , 0.82141 , 0.82141 , 0 , 0 , 0 , 0 , 0 , 0 , 0 , 0 , 0 , 0 , 0 , 0 , 0 , 0 , 0 , 0 , 0 , 0 , 0 , 0 , 0 , 0 , 0 , 0 , 0 , 0 , 0 , 
1e+100 , 1.02127 , 1.02127 , 0.930162 , 0.839054 , 0.894815 , 0.894815 , 0 , 0 , 0 , 0 , 0 , 0 , 0 , 0 , 0 , 0 , 0 , 0 , 0 , 0 , 0 , 0 , 0 , 0 , 0 , 0 , 0 , 0 , 0 , 0 , 0 , 0 , 
1e+100 , 1.02347 , 1.02347 , 0.940082 , 0.856698 , 0.91246 , 0.968221 , 0.968221 , 0 , 0 , 0 , 0 , 0 , 0 , 0 , 0 , 0 , 0 , 0 , 0 , 0 , 0 , 0 , 0 , 0 , 0 , 0 , 0 , 0 , 0 , 0 , 0 , 0 , 
1e+100 , 1.03681 , 1.03681 , 0.955562 , 0.874312 , 0.918906 , 0.963499 , 0.867866 , 0.867866 , 0 , 0 , 0 , 0 , 0 , 0 , 0 , 0 , 0 , 0 , 0 , 0 , 0 , 0 , 0 , 0 , 0 , 0 , 0 , 0 , 0 , 0 , 0 , 0 , 
1e+100 , 1.05016 , 1.05016 , 0.971043 , 0.891925 , 0.925351 , 0.958778 , 0.863144 , 0.76751 , 0.76751 , 0 , 0 , 0 , 0 , 0 , 0 , 0 , 0 , 0 , 0 , 0 , 0 , 0 , 0 , 0 , 0 , 0 , 0 , 0 , 0 , 0 , 0 , 0 , 
1e+100 , 1.06773 , 1.06773 , 0.988775 , 0.909817 , 0.932564 , 0.95531 , 0.868806 , 0.782301 , 0.805355 , 0.805355 , 0 , 0 , 0 , 0 , 0 , 0 , 0 , 0 , 0 , 0 , 0 , 0 , 0 , 0 , 0 , 0 , 0 , 0 , 0 , 0 , 0 , 0 , 
1e+100 , 1.0853 , 1.0853 , 1.00651 , 0.927709 , 0.939776 , 0.951843 , 0.874467 , 0.797091 , 0.820146 , 0.8432 , 0.8432 , 0 , 0 , 0 , 0 , 0 , 0 , 0 , 0 , 0 , 0 , 0 , 0 , 0 , 0 , 0 , 0 , 0 , 0 , 0 , 0 , 0 , 
1e+100 , 1.10047 , 1.10047 , 1.02238 , 0.944286 , 0.946868 , 0.949449 , 0.88063 , 0.811812 , 0.828406 , 0.845001 , 0.790365 , 0.790365 , 0 , 0 , 0 , 0 , 0 , 0 , 0 , 0 , 0 , 0 , 0 , 0 , 0 , 0 , 0 , 0 , 0 , 0 , 0 , 0 , 
1e+100 , 1.11564 , 1.11564 , 1.03825 , 0.960863 , 0.953959 , 0.947056 , 0.886794 , 0.826532 , 0.836667 , 0.846802 , 0.792165 , 0.737529 , 0.737529 , 0 , 0 , 0 , 0 , 0 , 0 , 0 , 0 , 0 , 0 , 0 , 0 , 0 , 0 , 0 , 0 , 0 , 0 , 0 , 
1e+100 , 1.12629 , 1.12629 , 1.05095 , 0.975615 , 0.960734 , 0.945853 , 0.893698 , 0.841544 , 0.845297 , 0.84905 , 0.798909 , 0.748769 , 0.743366 , 0.743366 , 0 , 0 , 0 , 0 , 0 , 0 , 0 , 0 , 0 , 0 , 0 , 0 , 0 , 0 , 0 , 0 , 0 , 0 , 
1e+100 , 1.13695 , 1.13695 , 1.06366 , 0.990368 , 0.967509 , 0.94465 , 0.900602 , 0.856555 , 0.853926 , 0.851297 , 0.805653 , 0.760009 , 0.754606 , 0.749202 , 0.749202 , 0 , 0 , 0 , 0 , 0 , 0 , 0 , 0 , 0 , 0 , 0 , 0 , 0 , 0 , 0 , 0 , 0 , 
1e+100 , 1.14435 , 1.14435 , 1.07425 , 1.00416 , 0.974675 , 0.945192 , 0.908848 , 0.872503 , 0.86357 , 0.854638 , 0.813123 , 0.771609 , 0.759081 , 0.746552 , 0.749507 , 0.749507 , 0 , 0 , 0 , 0 , 0 , 0 , 0 , 0 , 0 , 0 , 0 , 0 , 0 , 0 , 0 , 0 , 
1e+100 , 1.15175 , 1.15175 , 1.08485 , 1.01795 , 0.981841 , 0.945735 , 0.917093 , 0.888451 , 0.873214 , 0.857978 , 0.820594 , 0.78321 , 0.763556 , 0.743902 , 0.746857 , 0.749812 , 0.749812 , 0 , 0 , 0 , 0 , 0 , 0 , 0 , 0 , 0 , 0 , 0 , 0 , 0 , 0 , 0 , 
1e+100 , 1.15879 , 1.15879 , 1.09563 , 1.03247 , 0.990728 , 0.948985 , 0.927639 , 0.906294 , 0.884793 , 0.863293 , 0.829597 , 0.795901 , 0.768764 , 0.741626 , 0.742358 , 0.74309 , 0.741022 , 0.741022 , 0 , 0 , 0 , 0 , 0 , 0 , 0 , 0 , 0 , 0 , 0 , 0 , 0 , 0 , 
1e+100 , 1.16583 , 1.16583 , 1.10641 , 1.04699 , 0.999615 , 0.952235 , 0.938186 , 0.924136 , 0.896373 , 0.868609 , 0.838601 , 0.808593 , 0.773972 , 0.739351 , 0.73786 , 0.736369 , 0.7343 , 0.732232 , 0.732232 , 0 , 0 , 0 , 0 , 0 , 0 , 0 , 0 , 0 , 0 , 0 , 0 , 0 , 
1e+100 , 1.17459 , 1.17459 , 1.11898 , 1.06337 , 1.01096 , 0.958547 , 0.951414 , 0.944281 , 0.910236 , 0.876192 , 0.849461 , 0.822729 , 0.780229 , 0.737729 , 0.733733 , 0.729738 , 0.719784 , 0.709829 , 0.688124 , 0.688124 , 0 , 0 , 0 , 0 , 0 , 0 , 0 , 0 , 0 , 0 , 0 , 0 , 
1e+100 , 1.18335 , 1.18335 , 1.13155 , 1.07975 , 1.0223 , 0.964859 , 0.964643 , 0.964426 , 0.9241 , 0.883774 , 0.86032 , 0.836866 , 0.786486 , 0.736106 , 0.729607 , 0.723107 , 0.705267 , 0.687426 , 0.665721 , 0.644016 , 0.644016 , 0 , 0 , 0 , 0 , 0 , 0 , 0 , 0 , 0 , 0 , 0 , 
1e+100 , 1.19434 , 1.19434 , 1.14623 , 1.09812 , 1.03597 , 0.973813 , 0.980224 , 0.986635 , 0.93999 , 0.893345 , 0.872867 , 0.85239 , 0.793808 , 0.735227 , 0.725955 , 0.716684 , 0.690865 , 0.665047 , 0.642946 , 0.620846 , 0.705694 , 0.705694 , 0 , 0 , 0 , 0 , 0 , 0 , 0 , 0 , 0 , 0 , 
1e+100 , 1.20534 , 1.20534 , 1.16091 , 1.11649 , 1.04963 , 0.982766 , 0.995805 , 1.00884 , 0.955879 , 0.902915 , 0.885414 , 0.867914 , 0.801131 , 0.734347 , 0.722304 , 0.71026 , 0.676464 , 0.642668 , 0.620172 , 0.597676 , 0.682524 , 0.767372 , 0.767372 , 0 , 0 , 0 , 0 , 0 , 0 , 0 , 0 , 0 , 
1e+100 , 1.2179 , 1.2179 , 1.17708 , 1.13625 , 1.06486 , 0.99346 , 1.01294 , 1.03243 , 0.97312 , 0.913813 , 0.899106 , 0.8844 , 0.809212 , 0.734024 , 0.719022 , 0.70402 , 0.662147 , 0.620274 , 0.597363 , 0.574452 , 0.655653 , 0.736853 , 0.66523 , 0.66523 , 0 , 0 , 0 , 0 , 0 , 0 , 0 , 0 , 
1e+100 , 1.23047 , 1.23047 , 1.19324 , 1.15602 , 1.08009 , 1.00415 , 1.03008 , 1.05601 , 0.990362 , 0.924712 , 0.912799 , 0.900885 , 0.817293 , 0.733701 , 0.71574 , 0.697779 , 0.64783 , 0.59788 , 0.574555 , 0.551229 , 0.628782 , 0.706334 , 0.634711 , 0.563088 , 0.563088 , 0 , 0 , 0 , 0 , 0 , 0 , 0 , 
1e+100 , 1.24366 , 1.24366 , 1.21004 , 1.17642 , 1.09605 , 1.01567 , 1.04795 , 1.08023 , 1.00823 , 0.936226 , 0.927015 , 0.917804 , 0.82571 , 0.733616 , 0.7126 , 0.691583 , 0.633494 , 0.575405 , 0.551646 , 0.527887 , 0.60183 , 0.675774 , 0.635169 , 0.594565 , 0.611167 , 0.611167 , 0 , 0 , 0 , 0 , 0 , 0 , 
1e+100 , 1.25686 , 1.25686 , 1.22684 , 1.19682 , 1.112 , 1.02719 , 1.06582 , 1.10445 , 1.0261 , 0.947739 , 0.941231 , 0.934722 , 0.834126 , 0.733531 , 0.709459 , 0.685387 , 0.619158 , 0.552929 , 0.528737 , 0.504544 , 0.574879 , 0.645213 , 0.635627 , 0.626041 , 0.642643 , 0.659246 , 0.659246 , 0 , 0 , 0 , 0 , 0 , 
1e+100 , 1.27008 , 1.27008 , 1.24371 , 1.21734 , 1.12812 , 1.03891 , 1.08387 , 1.12882 , 1.04411 , 0.959395 , 0.955556 , 0.951718 , 0.84259 , 0.733463 , 0.706302 , 0.679141 , 0.604751 , 0.530361 , 0.505719 , 0.481077 , 0.54782 , 0.614563 , 0.636032 , 0.657502 , 0.623999 , 0.590496 , 0.634524 , 0.634524 , 0 , 0 , 0 , 0 , 
1e+100 , 1.2833 , 1.2833 , 1.26057 , 1.23785 , 1.14424 , 1.05064 , 1.10191 , 1.15318 , 1.06212 , 0.97105 , 0.969882 , 0.968714 , 0.851054 , 0.733395 , 0.703145 , 0.672896 , 0.590344 , 0.507792 , 0.482701 , 0.457609 , 0.520761 , 0.583912 , 0.636438 , 0.688963 , 0.605355 , 0.521746 , 0.565774 , 0.609802 , 0.609802 , 0 , 0 , 0 , 
1e+100 , 1.29646 , 1.29646 , 1.2774 , 1.25835 , 1.16037 , 1.06238 , 1.11997 , 1.17756 , 1.08013 , 0.982714 , 0.984211 , 0.985709 , 0.859513 , 0.733316 , 0.699972 , 0.666627 , 0.575911 , 0.485196 , 0.459651 , 0.434106 , 0.493667 , 0.553228 , 0.636828 , 0.720427 , 0.586719 , 0.453011 , 0.473147 , 0.493284 , 0.73371 , 0.73371 , 0 , 0 , 
1e+100 , 1.30961 , 1.30961 , 1.29423 , 1.27885 , 1.17649 , 1.07412 , 1.13802 , 1.20193 , 1.09815 , 0.994378 , 0.998541 , 1.0027 , 0.867971 , 0.733238 , 0.696798 , 0.660358 , 0.561479 , 0.462599 , 0.436601 , 0.410602 , 0.466573 , 0.522545 , 0.637218 , 0.75189 , 0.568082 , 0.384275 , 0.38052 , 0.376766 , 0.617192 , 0.857618 , 0.857618 , 0 , 
1e+100 , 1.30961 , 1.30961 , 1.29423 , 1.27885 , 1.17649 , 1.07412 , 1.13802 , 1.20193 , 1.09815 , 0.994378 , 0.998541 , 1.0027 , 0.867971 , 0.733238 , 0.696798 , 0.660358 , 0.561479 , 0.462599 , 0.436601 , 0.410602 , 0.466573 , 0.522545 , 0.637218 , 0.75189 , 0.568082 , 0.384275 , 0.38052 , 0.376766 , 0.617192 , 0.857618 , 0.857618 , 0.857618 , 

h ,
1e+100 , 0 , 0 , 0 , 0 , 0 , 0 , 0 , 0 , 0 , 0 , 0 , 0 , 0 , 0 , 0 , 0 , 0 , 0 , 0 , 0 , 0 , 0 , 0 , 0 , 0 , 0 , 0 , 0 , 0 , 0 , 0 , 0 , 
1e+100 , 0.120859 , 0 , 0 , 0 , 0 , 0 , 0 , 0 , 0 , 0 , 0 , 0 , 0 , 0 , 0 , 0 , 0 , 0 , 0 , 0 , 0 , 0 , 0 , 0 , 0 , 0 , 0 , 0 , 0 , 0 , 0 , 0 , 
1e+100 , 0.154783 , 0.120859 , 0 , 0 , 0 , 0 , 0 , 0 , 0 , 0 , 0 , 0 , 0 , 0 , 0 , 0 , 0 , 0 , 0 , 0 , 0 , 0 , 0 , 0 , 0 , 0 , 0 , 0 , 0 , 0 , 0 , 0 , 
1e+100 , 0.166254 , 0.154783 , 0.120859 , 0 , 0 , 0 , 0 , 0 , 0 , 0 , 0 , 0 , 0 , 0 , 0 , 0 , 0 , 0 , 0 , 0 , 0 , 0 , 0 , 0 , 0 , 0 , 0 , 0 , 0 , 0 , 0 , 0 , 
1e+100 , 0.166418 , 0.166254 , 0.154783 , 0.120859 , 0 , 0 , 0 , 0 , 0 , 0 , 0 , 0 , 0 , 0 , 0 , 0 , 0 , 0 , 0 , 0 , 0 , 0 , 0 , 0 , 0 , 0 , 0 , 0 , 0 , 0 , 0 , 0 , 
1e+100 , 0.161502 , 0.166418 , 0.166254 , 0.154783 , 0.120859 , 0 , 0 , 0 , 0 , 0 , 0 , 0 , 0 , 0 , 0 , 0 , 0 , 0 , 0 , 0 , 0 , 0 , 0 , 0 , 0 , 0 , 0 , 0 , 0 , 0 , 0 , 0 , 
1e+100 , 0.154851 , 0.161502 , 0.166418 , 0.166254 , 0.154783 , 0.120859 , 0 , 0 , 0 , 0 , 0 , 0 , 0 , 0 , 0 , 0 , 0 , 0 , 0 , 0 , 0 , 0 , 0 , 0 , 0 , 0 , 0 , 0 , 0 , 0 , 0 , 0 , 
1e+100 , 0.148151 , 0.154851 , 0.161502 , 0.166418 , 0.166254 , 0.154783 , 0.120859 , 0 , 0 , 0 , 0 , 0 , 0 , 0 , 0 , 0 , 0 , 0 , 0 , 0 , 0 , 0 , 0 , 0 , 0 , 0 , 0 , 0 , 0 , 0 , 0 , 0 , 
1e+100 , 0.142163 , 0.148151 , 0.154851 , 0.161502 , 0.166418 , 0.166254 , 0.154783 , 0.120859 , 0 , 0 , 0 , 0 , 0 , 0 , 0 , 0 , 0 , 0 , 0 , 0 , 0 , 0 , 0 , 0 , 0 , 0 , 0 , 0 , 0 , 0 , 0 , 0 , 
1e+100 , 0.137149 , 0.142163 , 0.148151 , 0.154851 , 0.161502 , 0.166418 , 0.166254 , 0.154783 , 0.120859 , 0 , 0 , 0 , 0 , 0 , 0 , 0 , 0 , 0 , 0 , 0 , 0 , 0 , 0 , 0 , 0 , 0 , 0 , 0 , 0 , 0 , 0 , 0 , 
1e+100 , 0.133121 , 0.137149 , 0.142163 , 0.148151 , 0.154851 , 0.161502 , 0.166418 , 0.166254 , 0.154783 , 0.120859 , 0 , 0 , 0 , 0 , 0 , 0 , 0 , 0 , 0 , 0 , 0 , 0 , 0 , 0 , 0 , 0 , 0 , 0 , 0 , 0 , 0 , 0 , 
1e+100 , 0.129975 , 0.133121 , 0.137149 , 0.142163 , 0.148151 , 0.154851 , 0.161502 , 0.166418 , 0.166254 , 0.154783 , 0.120859 , 0 , 0 , 0 , 0 , 0 , 0 , 0 , 0 , 0 , 0 , 0 , 0 , 0 , 0 , 0 , 0 , 0 , 0 , 0 , 0 , 0 , 
1e+100 , 0.127568 , 0.129975 , 0.133121 , 0.137149 , 0.142163 , 0.148151 , 0.154851 , 0.161502 , 0.166418 , 0.166254 , 0.154783 , 0.120859 , 0 , 0 , 0 , 0 , 0 , 0 , 0 , 0 , 0 , 0 , 0 , 0 , 0 , 0 , 0 , 0 , 0 , 0 , 0 , 0 , 
1e+100 , 0.125756 , 0.127568 , 0.129975 , 0.133121 , 0.137149 , 0.142163 , 0.148151 , 0.154851 , 0.161502 , 0.166418 , 0.166254 , 0.154783 , 0.120859 , 0 , 0 , 0 , 0 , 0 , 0 , 0 , 0 , 0 , 0 , 0 , 0 , 0 , 0 , 0 , 0 , 0 , 0 , 0 , 
1e+100 , 0.124409 , 0.125756 , 0.127568 , 0.129975 , 0.133121 , 0.137149 , 0.142163 , 0.148151 , 0.154851 , 0.161502 , 0.166418 , 0.166254 , 0.154783 , 0.120859 , 0 , 0 , 0 , 0 , 0 , 0 , 0 , 0 , 0 , 0 , 0 , 0 , 0 , 0 , 0 , 0 , 0 , 0 , 
1e+100 , 0.123417 , 0.124409 , 0.125756 , 0.127568 , 0.129975 , 0.133121 , 0.137149 , 0.142163 , 0.148151 , 0.154851 , 0.161502 , 0.166418 , 0.166254 , 0.154783 , 0.120859 , 0 , 0 , 0 , 0 , 0 , 0 , 0 , 0 , 0 , 0 , 0 , 0 , 0 , 0 , 0 , 0 , 0 , 
1e+100 , 0.122693 , 0.123417 , 0.124409 , 0.125756 , 0.127568 , 0.129975 , 0.133121 , 0.137149 , 0.142163 , 0.148151 , 0.154851 , 0.161502 , 0.166418 , 0.166254 , 0.154783 , 0.120859 , 0 , 0 , 0 , 0 , 0 , 0 , 0 , 0 , 0 , 0 , 0 , 0 , 0 , 0 , 0 , 0 , 
1e+100 , 0.122168 , 0.122693 , 0.123417 , 0.124409 , 0.125756 , 0.127568 , 0.129975 , 0.133121 , 0.137149 , 0.142163 , 0.148151 , 0.154851 , 0.161502 , 0.166418 , 0.166254 , 0.154783 , 0.120859 , 0 , 0 , 0 , 0 , 0 , 0 , 0 , 0 , 0 , 0 , 0 , 0 , 0 , 0 , 0 , 
1e+100 , 0.12179 , 0.122168 , 0.122693 , 0.123417 , 0.124409 , 0.125756 , 0.127568 , 0.129975 , 0.133121 , 0.137149 , 0.142163 , 0.148151 , 0.154851 , 0.161502 , 0.166418 , 0.166254 , 0.154783 , 0.120859 , 0 , 0 , 0 , 0 , 0 , 0 , 0 , 0 , 0 , 0 , 0 , 0 , 0 , 0 , 
1e+100 , 0.121518 , 0.12179 , 0.122168 , 0.122693 , 0.123417 , 0.124409 , 0.125756 , 0.127568 , 0.129975 , 0.133121 , 0.137149 , 0.142163 , 0.148151 , 0.154851 , 0.161502 , 0.166418 , 0.166254 , 0.154783 , 0.120859 , 0 , 0 , 0 , 0 , 0 , 0 , 0 , 0 , 0 , 0 , 0 , 0 , 0 , 
1e+100 , 0.121325 , 0.121518 , 0.12179 , 0.122168 , 0.122693 , 0.123417 , 0.124409 , 0.125756 , 0.127568 , 0.129975 , 0.133121 , 0.137149 , 0.142163 , 0.148151 , 0.154851 , 0.161502 , 0.166418 , 0.166254 , 0.154783 , 0.120859 , 0 , 0 , 0 , 0 , 0 , 0 , 0 , 0 , 0 , 0 , 0 , 0 , 
1e+100 , 0.121187 , 0.121325 , 0.121518 , 0.12179 , 0.122168 , 0.122693 , 0.123417 , 0.124409 , 0.125756 , 0.127568 , 0.129975 , 0.133121 , 0.137149 , 0.142163 , 0.148151 , 0.154851 , 0.161502 , 0.166418 , 0.166254 , 0.154783 , 0.120859 , 0 , 0 , 0 , 0 , 0 , 0 , 0 , 0 , 0 , 0 , 0 , 
1e+100 , 0.12109 , 0.121187 , 0.121325 , 0.121518 , 0.12179 , 0.122168 , 0.122693 , 0.123417 , 0.124409 , 0.125756 , 0.127568 , 0.129975 , 0.133121 , 0.137149 , 0.142163 , 0.148151 , 0.154851 , 0.161502 , 0.166418 , 0.166254 , 0.154783 , 0.120859 , 0 , 0 , 0 , 0 , 0 , 0 , 0 , 0 , 0 , 0 , 
1e+100 , 0.121021 , 0.12109 , 0.121187 , 0.121325 , 0.121518 , 0.12179 , 0.122168 , 0.122693 , 0.123417 , 0.124409 , 0.125756 , 0.127568 , 0.129975 , 0.133121 , 0.137149 , 0.142163 , 0.148151 , 0.154851 , 0.161502 , 0.166418 , 0.166254 , 0.154783 , 0.120859 , 0 , 0 , 0 , 0 , 0 , 0 , 0 , 0 , 0 , 
1e+100 , 0.120972 , 0.121021 , 0.12109 , 0.121187 , 0.121325 , 0.121518 , 0.12179 , 0.122168 , 0.122693 , 0.123417 , 0.124409 , 0.125756 , 0.127568 , 0.129975 , 0.133121 , 0.137149 , 0.142163 , 0.148151 , 0.154851 , 0.161502 , 0.166418 , 0.166254 , 0.154783 , 0.120859 , 0 , 0 , 0 , 0 , 0 , 0 , 0 , 0 , 
1e+100 , 0.120938 , 0.120972 , 0.121021 , 0.12109 , 0.121187 , 0.121325 , 0.121518 , 0.12179 , 0.122168 , 0.122693 , 0.123417 , 0.124409 , 0.125756 , 0.127568 , 0.129975 , 0.133121 , 0.137149 , 0.142163 , 0.148151 , 0.154851 , 0.161502 , 0.166418 , 0.166254 , 0.154783 , 0.120859 , 0 , 0 , 0 , 0 , 0 , 0 , 0 , 
1e+100 , 0.120914 , 0.120938 , 0.120972 , 0.121021 , 0.12109 , 0.121187 , 0.121325 , 0.121518 , 0.12179 , 0.122168 , 0.122693 , 0.123417 , 0.124409 , 0.125756 , 0.127568 , 0.129975 , 0.133121 , 0.137149 , 0.142163 , 0.148151 , 0.154851 , 0.161502 , 0.166418 , 0.166254 , 0.154783 , 0.120859 , 0 , 0 , 0 , 0 , 0 , 0 , 
1e+100 , 0.120898 , 0.120914 , 0.120938 , 0.120972 , 0.121021 , 0.12109 , 0.121187 , 0.121325 , 0.121518 , 0.12179 , 0.122168 , 0.122693 , 0.123417 , 0.124409 , 0.125756 , 0.127568 , 0.129975 , 0.133121 , 0.137149 , 0.142163 , 0.148151 , 0.154851 , 0.161502 , 0.166418 , 0.166254 , 0.154783 , 0.120859 , 0 , 0 , 0 , 0 , 0 , 
1e+100 , 0.120886 , 0.120898 , 0.120914 , 0.120938 , 0.120972 , 0.121021 , 0.12109 , 0.121187 , 0.121325 , 0.121518 , 0.12179 , 0.122168 , 0.122693 , 0.123417 , 0.124409 , 0.125756 , 0.127568 , 0.129975 , 0.133121 , 0.137149 , 0.142163 , 0.148151 , 0.154851 , 0.161502 , 0.166418 , 0.166254 , 0.154783 , 0.120859 , 0 , 0 , 0 , 0 , 
1e+100 , 0.120878 , 0.120886 , 0.120898 , 0.120914 , 0.120938 , 0.120972 , 0.121021 , 0.12109 , 0.121187 , 0.121325 , 0.121518 , 0.12179 , 0.122168 , 0.122693 , 0.123417 , 0.124409 , 0.125756 , 0.127568 , 0.129975 , 0.133121 , 0.137149 , 0.142163 , 0.148151 , 0.154851 , 0.161502 , 0.166418 , 0.166254 , 0.154783 , 0.120859 , 0 , 0 , 0 , 
1e+100 , 0.120872 , 0.120878 , 0.120886 , 0.120898 , 0.120914 , 0.120938 , 0.120972 , 0.121021 , 0.12109 , 0.121187 , 0.121325 , 0.121518 , 0.12179 , 0.122168 , 0.122693 , 0.123417 , 0.124409 , 0.125756 , 0.127568 , 0.129975 , 0.133121 , 0.137149 , 0.142163 , 0.148151 , 0.154851 , 0.161502 , 0.166418 , 0.166254 , 0.154783 , 0.120859 , 0 , 0 , 
1e+100 , 0.120868 , 0.120872 , 0.120878 , 0.120886 , 0.120898 , 0.120914 , 0.120938 , 0.120972 , 0.121021 , 0.12109 , 0.121187 , 0.121325 , 0.121518 , 0.12179 , 0.122168 , 0.122693 , 0.123417 , 0.124409 , 0.125756 , 0.127568 , 0.129975 , 0.133121 , 0.137149 , 0.142163 , 0.148151 , 0.154851 , 0.161502 , 0.166418 , 0.166254 , 0.154783 , 0.120859 , 0 , 
1e+100 , 0.120866 , 0.120868 , 0.120872 , 0.120878 , 0.120886 , 0.120898 , 0.120914 , 0.120938 , 0.120972 , 0.121021 , 0.12109 , 0.121187 , 0.121325 , 0.121518 , 0.12179 , 0.122168 , 0.122693 , 0.123417 , 0.124409 , 0.125756 , 0.127568 , 0.129975 , 0.133121 , 0.137149 , 0.142163 , 0.148151 , 0.154851 , 0.161502 , 0.166418 , 0.166254 , 0.154783 , 0.120859 , 

h*g ,
1e+200 , 0 , 0 , 0 , 0 , 0 , 0 , 0 , 0 , 0 , 0 , 0 , 0 , 0 , 0 , 0 , 0 , 0 , 0 , 0 , 0 , 0 , 0 , 0 , 0 , 0 , 0 , 0 , 0 , 0 , 0 , 0 , 0 , 
1e+200 , 0.126204 , 0 , 0 , 0 , 0 , 0 , 0 , 0 , 0 , 0 , 0 , 0 , 0 , 0 , 0 , 0 , 0 , 0 , 0 , 0 , 0 , 0 , 0 , 0 , 0 , 0 , 0 , 0 , 0 , 0 , 0 , 0 , 
1e+200 , 0.161627 , 0.126204 , 0 , 0 , 0 , 0 , 0 , 0 , 0 , 0 , 0 , 0 , 0 , 0 , 0 , 0 , 0 , 0 , 0 , 0 , 0 , 0 , 0 , 0 , 0 , 0 , 0 , 0 , 0 , 0 , 0 , 0 , 
1e+200 , 0.173606 , 0.161627 , 0.126204 , 0 , 0 , 0 , 0 , 0 , 0 , 0 , 0 , 0 , 0 , 0 , 0 , 0 , 0 , 0 , 0 , 0 , 0 , 0 , 0 , 0 , 0 , 0 , 0 , 0 , 0 , 0 , 0 , 0 , 
1e+200 , 0.171685 , 0.171516 , 0.144384 , 0.112739 , 0 , 0 , 0 , 0 , 0 , 0 , 0 , 0 , 0 , 0 , 0 , 0 , 0 , 0 , 0 , 0 , 0 , 0 , 0 , 0 , 0 , 0 , 0 , 0 , 0 , 0 , 0 , 0 , 
1e+200 , 0.164583 , 0.169593 , 0.152994 , 0.12714 , 0.0992751 , 0 , 0 , 0 , 0 , 0 , 0 , 0 , 0 , 0 , 0 , 0 , 0 , 0 , 0 , 0 , 0 , 0 , 0 , 0 , 0 , 0 , 0 , 0 , 0 , 0 , 0 , 0 , 
1e+200 , 0.158145 , 0.164938 , 0.154796 , 0.139496 , 0.138502 , 0.108147 , 0 , 0 , 0 , 0 , 0 , 0 , 0 , 0 , 0 , 0 , 0 , 0 , 0 , 0 , 0 , 0 , 0 , 0 , 0 , 0 , 0 , 0 , 0 , 0 , 0 , 0 , 
1e+200 , 0.151627 , 0.158484 , 0.151825 , 0.14257 , 0.1517 , 0.149864 , 0.117019 , 0 , 0 , 0 , 0 , 0 , 0 , 0 , 0 , 0 , 0 , 0 , 0 , 0 , 0 , 0 , 0 , 0 , 0 , 0 , 0 , 0 , 0 , 0 , 0 , 0 , 
1e+200 , 0.147396 , 0.153605 , 0.14797 , 0.141203 , 0.152923 , 0.160186 , 0.134331 , 0.10489 , 0 , 0 , 0 , 0 , 0 , 0 , 0 , 0 , 0 , 0 , 0 , 0 , 0 , 0 , 0 , 0 , 0 , 0 , 0 , 0 , 0 , 0 , 0 , 0 , 
1e+200 , 0.144028 , 0.149294 , 0.143861 , 0.138115 , 0.149446 , 0.159558 , 0.143501 , 0.118798 , 0.0927609 , 0 , 0 , 0 , 0 , 0 , 0 , 0 , 0 , 0 , 0 , 0 , 0 , 0 , 0 , 0 , 0 , 0 , 0 , 0 , 0 , 0 , 0 , 0 , 
1e+200 , 0.142137 , 0.146438 , 0.140567 , 0.13479 , 0.144408 , 0.154285 , 0.144585 , 0.130061 , 0.124655 , 0.0973348 , 0 , 0 , 0 , 0 , 0 , 0 , 0 , 0 , 0 , 0 , 0 , 0 , 0 , 0 , 0 , 0 , 0 , 0 , 0 , 0 , 0 , 0 , 
1e+200 , 0.141062 , 0.144477 , 0.138041 , 0.131886 , 0.139229 , 0.147394 , 0.141229 , 0.132651 , 0.136353 , 0.130513 , 0.101909 , 0 , 0 , 0 , 0 , 0 , 0 , 0 , 0 , 0 , 0 , 0 , 0 , 0 , 0 , 0 , 0 , 0 , 0 , 0 , 0 , 0 , 
1e+200 , 0.140385 , 0.143033 , 0.1361 , 0.129508 , 0.134609 , 0.140662 , 0.136366 , 0.13111 , 0.137862 , 0.140485 , 0.122335 , 0.095523 , 0 , 0 , 0 , 0 , 0 , 0 , 0 , 0 , 0 , 0 , 0 , 0 , 0 , 0 , 0 , 0 , 0 , 0 , 0 , 0 , 
1e+200 , 0.140298 , 0.14232 , 0.134946 , 0.127911 , 0.130835 , 0.134636 , 0.131379 , 0.127989 , 0.135124 , 0.140923 , 0.131701 , 0.114157 , 0.0891373 , 0 , 0 , 0 , 0 , 0 , 0 , 0 , 0 , 0 , 0 , 0 , 0 , 0 , 0 , 0 , 0 , 0 , 0 , 0 , 
1e+200 , 0.140121 , 0.141638 , 0.134068 , 0.126805 , 0.127894 , 0.129723 , 0.127051 , 0.124675 , 0.130895 , 0.137124 , 0.132953 , 0.124486 , 0.11506 , 0.0898427 , 0 , 0 , 0 , 0 , 0 , 0 , 0 , 0 , 0 , 0 , 0 , 0 , 0 , 0 , 0 , 0 , 0 , 0 , 
1e+200 , 0.140318 , 0.141446 , 0.133761 , 0.126339 , 0.125752 , 0.125752 , 0.123517 , 0.12177 , 0.12651 , 0.131824 , 0.130115 , 0.126479 , 0.125456 , 0.115964 , 0.0905482 , 0 , 0 , 0 , 0 , 0 , 0 , 0 , 0 , 0 , 0 , 0 , 0 , 0 , 0 , 0 , 0 , 0 , 
1e+200 , 0.140403 , 0.141232 , 0.133646 , 0.126279 , 0.124337 , 0.122851 , 0.120987 , 0.119663 , 0.122767 , 0.126615 , 0.125913 , 0.124617 , 0.126325 , 0.124118 , 0.116011 , 0.090585 , 0 , 0 , 0 , 0 , 0 , 0 , 0 , 0 , 0 , 0 , 0 , 0 , 0 , 0 , 0 , 0 , 
1e+200 , 0.140707 , 0.141312 , 0.133889 , 0.126642 , 0.123473 , 0.120646 , 0.119199 , 0.118271 , 0.119761 , 0.121972 , 0.121572 , 0.121281 , 0.123316 , 0.123799 , 0.124168 , 0.116058 , 0.0906219 , 0 , 0 , 0 , 0 , 0 , 0 , 0 , 0 , 0 , 0 , 0 , 0 , 0 , 0 , 0 , 
1e+200 , 0.141129 , 0.141567 , 0.134426 , 0.127424 , 0.123255 , 0.119341 , 0.118337 , 0.117795 , 0.117784 , 0.1184 , 0.117938 , 0.117913 , 0.119044 , 0.119774 , 0.123542 , 0.123542 , 0.114698 , 0.0895595 , 0 , 0 , 0 , 0 , 0 , 0 , 0 , 0 , 0 , 0 , 0 , 0 , 0 , 0 , 
1e+200 , 0.14167 , 0.141986 , 0.135168 , 0.128459 , 0.123369 , 0.118466 , 0.117983 , 0.11789 , 0.116506 , 0.11563 , 0.115013 , 0.114952 , 0.114665 , 0.114489 , 0.119166 , 0.122545 , 0.122081 , 0.113337 , 0.0884972 , 0 , 0 , 0 , 0 , 0 , 0 , 0 , 0 , 0 , 0 , 0 , 0 , 0 , 
1e+200 , 0.142507 , 0.142734 , 0.13628 , 0.12991 , 0.124037 , 0.118301 , 0.118364 , 0.118749 , 0.116117 , 0.113883 , 0.113081 , 0.112837 , 0.110919 , 0.109295 , 0.113619 , 0.117854 , 0.119785 , 0.118012 , 0.10651 , 0.0831663 , 0 , 0 , 0 , 0 , 0 , 0 , 0 , 0 , 0 , 0 , 0 , 0 , 
1e+200 , 0.143407 , 0.143569 , 0.137504 , 0.131502 , 0.124893 , 0.118381 , 0.119053 , 0.119983 , 0.116211 , 0.112741 , 0.11182 , 0.111404 , 0.107866 , 0.104647 , 0.108092 , 0.111974 , 0.113902 , 0.1144 , 0.110679 , 0.0996827 , 0.0778353 , 0 , 0 , 0 , 0 , 0 , 0 , 0 , 0 , 0 , 0 , 0 , 
1e+200 , 0.144623 , 0.144739 , 0.139066 , 0.133442 , 0.12617 , 0.118969 , 0.120266 , 0.121767 , 0.116943 , 0.112344 , 0.11135 , 0.110789 , 0.105672 , 0.100836 , 0.103204 , 0.106177 , 0.106981 , 0.107407 , 0.106998 , 0.103218 , 0.109229 , 0.0852897 , 0 , 0 , 0 , 0 , 0 , 0 , 0 , 0 , 0 , 0 , 
1e+200 , 0.145871 , 0.145954 , 0.140688 , 0.135458 , 0.127549 , 0.119691 , 0.121655 , 0.123778 , 0.117972 , 0.11233 , 0.111346 , 0.110718 , 0.104127 , 0.0977569 , 0.0990633 , 0.100972 , 0.100219 , 0.0995177 , 0.100159 , 0.0994641 , 0.113473 , 0.118776 , 0.0927441 , 0 , 0 , 0 , 0 , 0 , 0 , 0 , 0 , 0 , 
1e+200 , 0.147333 , 0.147392 , 0.142532 , 0.137699 , 0.129194 , 0.120724 , 0.123366 , 0.126129 , 0.119395 , 0.11278 , 0.111857 , 0.111219 , 0.10323 , 0.0954046 , 0.0957168 , 0.0965556 , 0.0941326 , 0.0918941 , 0.0925022 , 0.0927754 , 0.109113 , 0.122505 , 0.102966 , 0.0803993 , 0 , 0 , 0 , 0 , 0 , 0 , 0 , 0 , 
1e+200 , 0.148811 , 0.148853 , 0.144407 , 0.139982 , 0.130893 , 0.121829 , 0.125174 , 0.128611 , 0.12099 , 0.113455 , 0.112655 , 0.112078 , 0.10278 , 0.0935969 , 0.0930281 , 0.0928889 , 0.0888492 , 0.0849962 , 0.0851207 , 0.0853583 , 0.10155 , 0.117547 , 0.105523 , 0.0871565 , 0.0680545 , 0 , 0 , 0 , 0 , 0 , 0 , 0 , 
1e+200 , 0.150377 , 0.150407 , 0.146382 , 0.142371 , 0.13272 , 0.123086 , 0.127142 , 0.131268 , 0.122792 , 0.114377 , 0.113738 , 0.113272 , 0.102725 , 0.0922567 , 0.090905 , 0.0898883 , 0.0843312 , 0.0789162 , 0.0784234 , 0.0782068 , 0.0931939 , 0.109139 , 0.105704 , 0.0988489 , 0.0945983 , 0.0738653 , 0 , 0 , 0 , 0 , 0 , 0 , 
1e+200 , 0.151951 , 0.151972 , 0.148372 , 0.144782 , 0.134576 , 0.124382 , 0.129164 , 0.133998 , 0.12469 , 0.115425 , 0.114988 , 0.114684 , 0.102945 , 0.0912576 , 0.0892188 , 0.0874336 , 0.0804749 , 0.0736064 , 0.0725157 , 0.0717273 , 0.0851687 , 0.0999119 , 0.102655 , 0.104185 , 0.106842 , 0.10204 , 0.0796761 , 0 , 0 , 0 , 0 , 0 , 
1e+200 , 0.153535 , 0.15355 , 0.150382 , 0.147223 , 0.136472 , 0.12573 , 0.131245 , 0.136798 , 0.126676 , 0.116584 , 0.116377 , 0.116269 , 0.10338 , 0.0905216 , 0.0878701 , 0.0854062 , 0.0771469 , 0.0689335 , 0.0673217 , 0.0659792 , 0.0778795 , 0.0910479 , 0.0984902 , 0.106188 , 0.103845 , 0.0981725 , 0.0982135 , 0.0766882 , 0 , 0 , 0 , 0 , 
1e+200 , 0.155122 , 0.155133 , 0.152401 , 0.149674 , 0.138383 , 0.127098 , 0.133354 , 0.139639 , 0.128715 , 0.117812 , 0.117858 , 0.117979 , 0.103971 , 0.0899822 , 0.0867799 , 0.083714 , 0.0742393 , 0.0647781 , 0.0627389 , 0.0609173 , 0.0714218 , 0.0830105 , 0.0942887 , 0.106687 , 0.0977663 , 0.0868281 , 0.0940624 , 0.094387 , 0.0737003 , 0 , 0 , 0 , 
1e+200 , 0.156705 , 0.156713 , 0.15442 , 0.152132 , 0.140305 , 0.128482 , 0.135485 , 0.142509 , 0.130793 , 0.119092 , 0.119409 , 0.119782 , 0.10468 , 0.0895876 , 0.0858814 , 0.082273 , 0.0716484 , 0.0610163 , 0.0586368 , 0.0564228 , 0.0657173 , 0.0758748 , 0.0905331 , 0.106732 , 0.0908539 , 0.0731623 , 0.0787403 , 0.0820106 , 0.113566 , 0.0886757 , 0 , 0 , 
1e+200 , 0.15829 , 0.158296 , 0.156444 , 0.154595 , 0.142235 , 0.129877 , 0.137631 , 0.1454 , 0.132899 , 0.120409 , 0.12101 , 0.121653 , 0.105474 , 0.0893007 , 0.0851263 , 0.0810211 , 0.0692959 , 0.0575514 , 0.0549052 , 0.0523797 , 0.0606428 , 0.0695616 , 0.0873938 , 0.106891 , 0.0841619 , 0.0595052 , 0.061455 , 0.0627008 , 0.102611 , 0.132745 , 0.103651 , 0 , 
1e+200 , 0.158287 , 0.15829 , 0.156437 , 0.154585 , 0.142221 , 0.129859 , 0.137603 , 0.145359 , 0.132846 , 0.12034 , 0.120913 , 0.121515 , 0.105306 , 0.0891019 , 0.0848627 , 0.0806745 , 0.0688894 , 0.0570925 , 0.0543169 , 0.0516357 , 0.0595199 , 0.0679176 , 0.0848269 , 0.103121 , 0.0807601 , 0.0569306 , 0.0589239 , 0.0608487 , 0.102712 , 0.142583 , 0.132745 , 0.103651 , 

shifts ,
0 , 0 , 0 , 0 , 0 , 0 , 0 , 0 , 0 , 0 , 0 , 0 , 0 , 0 , 0 , 0 , 0 , 0 , 0 , 0 , 0 , 0 , 0 , 0 , 0 , 0 , 0 , 0 , 0 , 0 , 0 , 0 , 0 , 
0 , 0 , 0 , 0 , 0 , 0 , 0 , 0 , 0 , 0 , 0 , 0 , 0 , 0 , 0 , 0 , 0 , 0 , 0 , 0 , 0 , 0 , 0 , 0 , 0 , 0 , 0 , 0 , 0 , 0 , 0 , 0 , 0 , 
0 , 0 , 0 , 0 , 0 , 0 , 0 , 0 , 0 , 0 , 0 , 0 , 0 , 0 , 0 , 0 , 0 , 0 , 0 , 0 , 0 , 0 , 0 , 0 , 0 , 0 , 0 , 0 , 0 , 0 , 0 , 0 , 0 , 
0 , 0 , 0 , 0 , 0 , 0 , 0 , 0 , 0 , 0 , 0 , 0 , 0 , 0 , 0 , 0 , 0 , 0 , 0 , 0 , 0 , 0 , 0 , 0 , 0 , 0 , 0 , 0 , 0 , 0 , 0 , 0 , 0 , 
0 , 0 , 0 , 0 , 0 , 0 , 0 , 0 , 0 , 0 , 0 , 0 , 0 , 0 , 0 , 0 , 0 , 0 , 0 , 0 , 0 , 0 , 0 , 0 , 0 , 0 , 0 , 0 , 0 , 0 , 0 , 0 , 0 , 
0 , 0 , 0 , 0 , 0 , 0 , 0 , 0 , 0 , 0 , 0 , 0 , 0 , 0 , 0 , 0 , 0 , 0 , 0 , 0 , 0 , 0 , 0 , 0 , 0 , 0 , 0 , 0 , 0 , 0 , 0 , 0 , 0 , 
0 , 0 , 0 , 0 , 0 , 0 , 0 , 0 , 0 , 0 , 0 , 0 , 0 , 0 , 0 , 0 , 0 , 0 , 0 , 0 , 0 , 0 , 0 , 0 , 0 , 0 , 0 , 0 , 0 , 0 , 0 , 0 , 0 , 
0 , 0 , 0 , 0 , 0 , 0 , 0 , 0 , 0 , 0 , 0 , 0 , 0 , 0 , 0 , 0 , 0 , 0 , 0 , 0 , 0 , 0 , 0 , 0 , 0 , 0 , 0 , 0 , 0 , 0 , 0 , 0 , 0 , 
0 , 0 , 0 , 0 , 0 , 0 , 0 , 0 , 0 , 0 , 0 , 0 , 0 , 0 , 0 , 0 , 0 , 0 , 0 , 0 , 0 , 0 , 0 , 0 , 0 , 0 , 0 , 0 , 0 , 0 , 0 , 0 , 0 , 
0 , 0 , 0 , 0 , 0 , 0 , 0 , 0 , 0 , 0 , 0 , 0 , 0 , 0 , 0 , 0 , 0 , 0 , 0 , 0 , 0 , 0 , 0 , 0 , 0 , 0 , 0 , 0 , 0 , 0 , 0 , 0 , 0 , 
0 , 0 , 0 , 0 , 0 , 0 , 0 , 0 , 0 , 0 , 0 , 0 , 0 , 0 , 0 , 0 , 0 , 0 , 0 , 0 , 0 , 0 , 0 , 0 , 0 , 0 , 0 , 0 , 0 , 0 , 0 , 0 , 0 , 
0 , 0 , 0 , 0 , 0 , 0 , 0 , 0 , 0 , 0 , 0 , 0 , 0 , 0 , 0 , 0 , 0 , 0 , 0 , 0 , 0 , 0 , 0 , 0 , 0 , 0 , 0 , 0 , 0 , 0 , 0 , 0 , 0 , 
0 , 0 , 0 , 0 , 0 , 0 , 0 , 0 , 0 , 0 , 0 , 0 , 0 , 0 , 0 , 0 , 0 , 0 , 0 , 0 , 0 , 0 , 0 , 0 , 0 , 0 , 0 , 0 , 0 , 0 , 0 , 0 , 0 , 
0 , 0 , 0 , 0 , 0 , 0 , 0 , 0 , 0 , 0 , 0 , 0 , 0 , 0 , 0 , 0 , 0 , 0 , 0 , 0 , 0 , 0 , 0 , 0 , 0 , 0 , 0 , 0 , 0 , 0 , 0 , 0 , 0 , 
0 , 0 , 0 , 0 , 0 , 0 , 0 , 0 , 0 , 0 , 0 , 0 , 0 , 0 , 0 , 0 , 0 , 0 , 0 , 0 , 0 , 0 , 0 , 0 , 0 , 0 , 0 , 0 , 0 , 0 , 0 , 0 , 0 , 
0 , 0 , 0 , 0 , 0 , 0 , 0 , 0 , 0 , 0 , 0 , 0 , 0 , 0 , 0 , 0 , 0 , 0 , 0 , 0 , 0 , 0 , 0 , 0 , 0 , 0 , 0 , 0 , 0 , 0 , 0 , 0 , 0 , 
0 , 0 , 0 , 0 , 0 , 0 , 0 , 0 , 0 , 0 , 0 , 0 , 0 , 0 , 0 , 0 , 0 , 0 , 0 , 0 , 0 , 0 , 0 , 0 , 0 , 0 , 0 , 0 , 0 , 0 , 0 , 0 , 0 , 
0 , 0 , 0 , 0 , 0 , 0 , 0 , 0 , 0 , 0 , 0 , 0 , 0 , 0 , 0 , 0 , 0 , 0 , 0 , 0 , 0 , 0 , 0 , 0 , 0 , 0 , 0 , 0 , 0 , 0 , 0 , 0 , 0 , 
0 , 0 , 0 , 0 , 0 , 0 , 0 , 0 , 0 , 0 , 0 , 0 , 0 , 0 , 0 , 0 , 0 , 0 , 0 , 0 , 0 , 0 , 0 , 0 , 0 , 0 , 0 , 0 , 0 , 0 , 0 , 0 , 0 , 
0 , 0 , 0 , 0 , 0 , 0 , 0 , 0 , 0 , 0 , 0 , 0 , 0 , 0 , 0 , 0 , 0 , 0 , 0 , 0 , 0 , 0 , 0 , 0 , 0 , 0 , 0 , 0 , 0 , 0 , 0 , 0 , 0 , 
0 , 0 , 0 , 0 , 0 , 0 , 0 , 0 , 0 , 0 , 0 , 0 , 0 , 0 , 0 , 0 , 0 , 0 , 0 , 0 , 0 , 0 , 0 , 0 , 0 , 0 , 0 , 0 , 0 , 0 , 0 , 0 , 0 , 
0 , 0 , 0 , 0 , 0 , 0 , 0 , 0 , 0 , 0 , 0 , 0 , 0 , 0 , 0 , 0 , 0 , 0 , 0 , 0 , 0 , 0 , 0 , 0 , 0 , 0 , 0 , 0 , 0 , 0 , 0 , 0 , 0 , 
0 , 0 , 0 , 0 , 0 , 0 , 0 , 0 , 0 , 0 , 0 , 0 , 0 , 0 , 0 , 0 , 0 , 0 , 0 , 0 , 0 , 0 , 0 , 0 , 0 , 0 , 0 , 0 , 0 , 0 , 0 , 0 , 0 , 
0 , 0 , 0 , 0 , 0 , 0 , 0 , 0 , 0 , 0 , 0 , 0 , 0 , 0 , 0 , 0 , 0 , 0 , 0 , 0 , 0 , 0 , 0 , 0 , 0 , 0 , 0 , 0 , 0 , 0 , 0 , 0 , 0 , 
0 , 0 , 0 , 0 , 0 , 0 , 0 , 0 , 0 , 0 , 0 , 0 , 0 , 0 , 0 , 0 , 0 , 0 , 0 , 0 , 0 , 0 , 0 , 0 , 0 , 0 , 0 , 0 , 0 , 0 , 0 , 0 , 0 , 
0 , 0 , 0 , 0 , 0 , 0 , 0 , 0 , 0 , 0 , 0 , 0 , 0 , 0 , 0 , 0 , 0 , 0 , 0 , 0 , 0 , 0 , 0 , 0 , 0 , 0 , 0 , 0 , 0 , 0 , 0 , 0 , 0 , 
0 , 0 , 0 , 0 , 0 , 0 , 0 , 0 , 0 , 0 , 0 , 0 , 0 , 0 , 0 , 0 , 0 , 0 , 0 , 0 , 0 , 0 , 0 , 0 , 0 , 0 , 0 , 0 , 0 , 0 , 0 , 0 , 0 , 
0 , 0 , 0 , 0 , 0 , 0 , 0 , 0 , 0 , 0 , 0 , 0 , 0 , 0 , 0 , 0 , 0 , 0 , 0 , 0 , 0 , 0 , 0 , 0 , 0 , 0 , 0 , 0 , 0 , 0 , 0 , 0 , 0 , 
0 , 0 , 0 , 0 , 0 , 0 , 0 , 0 , 0 , 0 , 0 , 0 , 0 , 0 , 0 , 0 , 0 , 0 , 0 , 0 , 0 , 0 , 0 , 0 , 0 , 0 , 0 , 0 , 0 , 0 , 0 , 0 , 0 , 
0 , 0 , 0 , 0 , 0 , 0 , 0 , 0 , 0 , 0 , 0 , 0 , 0 , 0 , 0 , 0 , 0 , 0 , 0 , 0 , 0 , 0 , 0 , 0 , 0 , 0 , 0 , 0 , 0 , 0 , 0 , 0 , 0 , 
0 , 0 , 0 , 0 , 0 , 0 , 0 , 0 , 0 , 0 , 0 , 0 , 0 , 0 , 0 , 0 , 0 , 0 , 0 , 0 , 0 , 0 , 0 , 0 , 0 , 0 , 0 , 0 , 0 , 0 , 0 , 0 , 0 , 
0 , 0 , 0 , 0 , 0 , 0 , 0 , 0 , 0 , 0 , 0 , 0 , 0 , 0 , 0 , 0 , 0 , 0 , 0 , 0 , 0 , 0 , 0 , 0 , 0 , 0 , 0 , 0 , 0 , 0 , 0 , 0 , 0 , 
0 , 0 , 0 , 0 , 0 , 0 , 0 , 0 , 0 , 0 , 0 , 0 , 0 , 0 , 0 , 0 , 0 , 0 , 0 , 0 , 0 , 0 , 0 , 0 , 0 , 0 , 0 , 0 , 0 , 0 , 0 , 0 , 0 , 

