g ,
1e+100 , 0 , 0 , 0 , 0 , 0 , 0 , 0 , 0 , 0 , 0 , 0 , 0 , 0 , 0 , 0 , 0 , 0 , 0 , 0 , 0 , 0 , 0 , 0 , 0 , 0 , 0 , 0 , 0 , 0 , 0 , 0 , 0 , 
1e+100 , 1.08044 , 0 , 0 , 0 , 0 , 0 , 0 , 0 , 0 , 0 , 0 , 0 , 0 , 0 , 0 , 0 , 0 , 0 , 0 , 0 , 0 , 0 , 0 , 0 , 0 , 0 , 0 , 0 , 0 , 0 , 0 , 0 , 
1e+100 , 1.08044 , 1.08044 , 0 , 0 , 0 , 0 , 0 , 0 , 0 , 0 , 0 , 0 , 0 , 0 , 0 , 0 , 0 , 0 , 0 , 0 , 0 , 0 , 0 , 0 , 0 , 0 , 0 , 0 , 0 , 0 , 0 , 0 , 
1e+100 , 1.08044 , 1.08044 , 1.08044 , 0 , 0 , 0 , 0 , 0 , 0 , 0 , 0 , 0 , 0 , 0 , 0 , 0 , 0 , 0 , 0 , 0 , 0 , 0 , 0 , 0 , 0 , 0 , 0 , 0 , 0 , 0 , 0 , 0 , 
1e+100 , 0.990786 , 0.990786 , 1.04241 , 1.04241 , 0 , 0 , 0 , 0 , 0 , 0 , 0 , 0 , 0 , 0 , 0 , 0 , 0 , 0 , 0 , 0 , 0 , 0 , 0 , 0 , 0 , 0 , 0 , 0 , 0 , 0 , 0 , 0 , 
1e+100 , 0.901136 , 0.901136 , 0.952765 , 1.00439 , 1.00439 , 0 , 0 , 0 , 0 , 0 , 0 , 0 , 0 , 0 , 0 , 0 , 0 , 0 , 0 , 0 , 0 , 0 , 0 , 0 , 0 , 0 , 0 , 0 , 0 , 0 , 0 , 0 , 
1e+100 , 0.972961 , 0.972961 , 0.930268 , 0.887575 , 1.02495 , 1.02495 , 0 , 0 , 0 , 0 , 0 , 0 , 0 , 0 , 0 , 0 , 0 , 0 , 0 , 0 , 0 , 0 , 0 , 0 , 0 , 0 , 0 , 0 , 0 , 0 , 0 , 0 , 
1e+100 , 1.04479 , 1.04479 , 0.90777 , 0.770755 , 0.908127 , 1.0455 , 1.0455 , 0 , 0 , 0 , 0 , 0 , 0 , 0 , 0 , 0 , 0 , 0 , 0 , 0 , 0 , 0 , 0 , 0 , 0 , 0 , 0 , 0 , 0 , 0 , 0 , 0 , 
1e+100 , 1.08104 , 1.08104 , 0.910954 , 0.740867 , 0.86437 , 0.987874 , 0.968573 , 0.968573 , 0 , 0 , 0 , 0 , 0 , 0 , 0 , 0 , 0 , 0 , 0 , 0 , 0 , 0 , 0 , 0 , 0 , 0 , 0 , 0 , 0 , 0 , 0 , 0 , 
1e+100 , 1.1173 , 1.1173 , 0.914138 , 0.710978 , 0.820614 , 0.93025 , 0.91095 , 0.891649 , 0.891649 , 0 , 0 , 0 , 0 , 0 , 0 , 0 , 0 , 0 , 0 , 0 , 0 , 0 , 0 , 0 , 0 , 0 , 0 , 0 , 0 , 0 , 0 , 0 , 
1e+100 , 1.13525 , 1.13525 , 0.975406 , 0.815562 , 0.868486 , 0.921409 , 0.866679 , 0.811948 , 0.889106 , 0.889106 , 0 , 0 , 0 , 0 , 0 , 0 , 0 , 0 , 0 , 0 , 0 , 0 , 0 , 0 , 0 , 0 , 0 , 0 , 0 , 0 , 0 , 0 , 
1e+100 , 1.1532 , 1.1532 , 1.03667 , 0.920145 , 0.916357 , 0.912569 , 0.822408 , 0.732247 , 0.809405 , 0.886563 , 0.886563 , 0 , 0 , 0 , 0 , 0 , 0 , 0 , 0 , 0 , 0 , 0 , 0 , 0 , 0 , 0 , 0 , 0 , 0 , 0 , 0 , 0 , 
1e+100 , 1.12425 , 1.12425 , 1.08265 , 1.04105 , 0.954655 , 0.86826 , 0.819756 , 0.771253 , 0.803339 , 0.835425 , 0.835837 , 0.835837 , 0 , 0 , 0 , 0 , 0 , 0 , 0 , 0 , 0 , 0 , 0 , 0 , 0 , 0 , 0 , 0 , 0 , 0 , 0 , 0 , 
1e+100 , 1.09529 , 1.09529 , 1.12862 , 1.16196 , 0.992954 , 0.823951 , 0.817104 , 0.810258 , 0.797272 , 0.784287 , 0.784699 , 0.785112 , 0.785112 , 0 , 0 , 0 , 0 , 0 , 0 , 0 , 0 , 0 , 0 , 0 , 0 , 0 , 0 , 0 , 0 , 0 , 0 , 0 , 
1e+100 , 1.10361 , 1.10361 , 1.11262 , 1.12162 , 0.999173 , 0.876723 , 0.871315 , 0.865907 , 0.814086 , 0.762264 , 0.777096 , 0.791929 , 0.778204 , 0.778204 , 0 , 0 , 0 , 0 , 0 , 0 , 0 , 0 , 0 , 0 , 0 , 0 , 0 , 0 , 0 , 0 , 0 , 0 , 
1e+100 , 1.11193 , 1.11193 , 1.09661 , 1.08129 , 1.00539 , 0.929494 , 0.925526 , 0.921557 , 0.830899 , 0.740242 , 0.769494 , 0.798746 , 0.785021 , 0.771296 , 0.771296 , 0 , 0 , 0 , 0 , 0 , 0 , 0 , 0 , 0 , 0 , 0 , 0 , 0 , 0 , 0 , 0 , 0 , 
1e+100 , 1.12034 , 1.12034 , 1.08786 , 1.05538 , 0.992105 , 0.92883 , 0.942326 , 0.955822 , 0.850625 , 0.745427 , 0.766276 , 0.787126 , 0.771101 , 0.755076 , 0.785269 , 0.785269 , 0 , 0 , 0 , 0 , 0 , 0 , 0 , 0 , 0 , 0 , 0 , 0 , 0 , 0 , 0 , 0 , 
1e+100 , 1.12875 , 1.12875 , 1.07911 , 1.02947 , 0.978817 , 0.928165 , 0.959126 , 0.990087 , 0.87035 , 0.750613 , 0.763059 , 0.775505 , 0.757181 , 0.738856 , 0.769049 , 0.799241 , 0.799241 , 0 , 0 , 0 , 0 , 0 , 0 , 0 , 0 , 0 , 0 , 0 , 0 , 0 , 0 , 0 , 
1e+100 , 1.12879 , 1.12879 , 1.06076 , 0.992738 , 0.953011 , 0.913284 , 0.939561 , 0.965839 , 0.892804 , 0.819768 , 0.818503 , 0.817238 , 0.788196 , 0.759155 , 0.785197 , 0.811239 , 0.728834 , 0.728834 , 0 , 0 , 0 , 0 , 0 , 0 , 0 , 0 , 0 , 0 , 0 , 0 , 0 , 0 , 
1e+100 , 1.12882 , 1.12882 , 1.04241 , 0.956005 , 0.927204 , 0.898403 , 0.919997 , 0.941591 , 0.915257 , 0.888923 , 0.873948 , 0.858972 , 0.819212 , 0.779453 , 0.801345 , 0.823237 , 0.740832 , 0.658427 , 0.658427 , 0 , 0 , 0 , 0 , 0 , 0 , 0 , 0 , 0 , 0 , 0 , 0 , 0 , 
1e+100 , 1.13603 , 1.13603 , 1.04747 , 0.958907 , 0.989524 , 1.02014 , 0.952715 , 0.88529 , 0.929796 , 0.974303 , 0.875446 , 0.776589 , 0.757166 , 0.737742 , 0.786261 , 0.834779 , 0.764938 , 0.695097 , 0.612429 , 0.612429 , 0 , 0 , 0 , 0 , 0 , 0 , 0 , 0 , 0 , 0 , 0 , 0 , 
1e+100 , 1.14325 , 1.14325 , 1.05253 , 0.961809 , 1.05184 , 1.14188 , 0.985433 , 0.828989 , 0.944336 , 1.05968 , 0.876945 , 0.694207 , 0.695119 , 0.696031 , 0.771176 , 0.846322 , 0.789045 , 0.731768 , 0.6491 , 0.566432 , 0.566432 , 0 , 0 , 0 , 0 , 0 , 0 , 0 , 0 , 0 , 0 , 0 , 
1e+100 , 1.20674 , 1.20674 , 1.11323 , 1.01972 , 1.06741 , 1.1151 , 1.01881 , 0.922532 , 0.955908 , 0.989284 , 0.861498 , 0.733711 , 0.695856 , 0.658001 , 0.676261 , 0.69452 , 0.732213 , 0.769906 , 0.673281 , 0.576657 , 0.663926 , 0.663926 , 0 , 0 , 0 , 0 , 0 , 0 , 0 , 0 , 0 , 0 , 
1e+100 , 1.27023 , 1.27023 , 1.17392 , 1.07762 , 1.08297 , 1.08832 , 1.0522 , 1.01607 , 0.96748 , 0.918885 , 0.84605 , 0.773215 , 0.696593 , 0.619971 , 0.581345 , 0.542718 , 0.675381 , 0.808043 , 0.697463 , 0.586882 , 0.674151 , 0.76142 , 0.76142 , 0 , 0 , 0 , 0 , 0 , 0 , 0 , 0 , 0 , 
1e+100 , 1.25314 , 1.25314 , 1.17906 , 1.10497 , 1.09692 , 1.08888 , 1.02396 , 0.959053 , 0.977919 , 0.996784 , 0.938306 , 0.879829 , 0.786781 , 0.693734 , 0.604284 , 0.514833 , 0.616483 , 0.718132 , 0.693191 , 0.668249 , 0.63402 , 0.59979 , 0.665668 , 0.665668 , 0 , 0 , 0 , 0 , 0 , 0 , 0 , 0 , 
1e+100 , 1.23606 , 1.23606 , 1.18419 , 1.13231 , 1.11087 , 1.08943 , 0.995733 , 0.902032 , 0.988358 , 1.07468 , 1.03056 , 0.986442 , 0.876969 , 0.767497 , 0.627222 , 0.486948 , 0.557585 , 0.628222 , 0.688919 , 0.749616 , 0.593888 , 0.43816 , 0.504038 , 0.569916 , 0.569916 , 0 , 0 , 0 , 0 , 0 , 0 , 0 , 
1e+100 , 1.26474 , 1.26474 , 1.20956 , 1.15438 , 1.13289 , 1.11139 , 0.994186 , 0.876978 , 0.994518 , 1.11206 , 1.0545 , 0.996945 , 0.908385 , 0.819824 , 0.68006 , 0.540295 , 0.493773 , 0.44725 , 0.559529 , 0.671808 , 0.652045 , 0.632282 , 0.551705 , 0.471129 , 0.585493 , 0.585493 , 0 , 0 , 0 , 0 , 0 , 0 , 
1e+100 , 1.29343 , 1.29343 , 1.23494 , 1.17646 , 1.1549 , 1.13335 , 0.992639 , 0.851925 , 1.00068 , 1.14943 , 1.07844 , 1.00745 , 0.9398 , 0.872151 , 0.732897 , 0.593642 , 0.429961 , 0.266279 , 0.430139 , 0.593999 , 0.710202 , 0.826405 , 0.599373 , 0.372342 , 0.486706 , 0.60107 , 0.60107 , 0 , 0 , 0 , 0 , 0 , 
1e+100 , 1.29021 , 1.29021 , 1.24941 , 1.20861 , 1.20803 , 1.20746 , 1.0805 , 0.953534 , 1.03437 , 1.11521 , 1.02552 , 0.935825 , 0.8856 , 0.835376 , 0.743723 , 0.652071 , 0.461524 , 0.270977 , 0.284048 , 0.297119 , 0.560183 , 0.823248 , 0.695053 , 0.566858 , 0.507505 , 0.448152 , 0.590783 , 0.590783 , 0 , 0 , 0 , 0 , 
1e+100 , 1.287 , 1.287 , 1.26388 , 1.24076 , 1.26116 , 1.28157 , 1.16836 , 1.05514 , 1.06806 , 1.08099 , 0.972593 , 0.864201 , 0.831401 , 0.7986 , 0.754549 , 0.710499 , 0.493087 , 0.275675 , 0.137957 , 0.000238058 , 0.410164 , 0.82009 , 0.790732 , 0.761374 , 0.528304 , 0.295234 , 0.437866 , 0.580497 , 0.580497 , 0 , 0 , 0 , 
1e+100 , 1.2146 , 1.2146 , 1.20651 , 1.19842 , 1.23259 , 1.26676 , 1.16863 , 1.07049 , 1.08411 , 1.09773 , 1.00628 , 0.91484 , 0.865628 , 0.816415 , 0.761685 , 0.706955 , 0.599999 , 0.493043 , 0.260044 , 0.0270452 , 0.26049 , 0.493934 , 0.707335 , 0.920737 , 0.71729 , 0.513842 , 0.425581 , 0.33732 , 0.630989 , 0.630989 , 0 , 0 , 
1e+100 , 1.1422 , 1.1422 , 1.14914 , 1.15608 , 1.20402 , 1.25195 , 1.1689 , 1.08584 , 1.10015 , 1.11447 , 1.03997 , 0.965479 , 0.899855 , 0.83423 , 0.76882 , 0.70341 , 0.70691 , 0.710411 , 0.382131 , 0.0538523 , 0.110815 , 0.167778 , 0.623939 , 1.0801 , 0.906275 , 0.73245 , 0.413296 , 0.0941425 , 0.387812 , 0.681481 , 0.681481 , 0 , 
1e+100 , 1.1422 , 1.1422 , 1.14914 , 1.15608 , 1.20402 , 1.25195 , 1.1689 , 1.08584 , 1.10015 , 1.11447 , 1.03997 , 0.965479 , 0.899855 , 0.83423 , 0.76882 , 0.70341 , 0.70691 , 0.710411 , 0.382131 , 0.0538523 , 0.110815 , 0.167778 , 0.623939 , 1.0801 , 0.906275 , 0.73245 , 0.413296 , 0.0941425 , 0.387812 , 0.681481 , 0.681481 , 0.681481 , 

h ,
1e+100 , 0 , 0 , 0 , 0 , 0 , 0 , 0 , 0 , 0 , 0 , 0 , 0 , 0 , 0 , 0 , 0 , 0 , 0 , 0 , 0 , 0 , 0 , 0 , 0 , 0 , 0 , 0 , 0 , 0 , 0 , 0 , 0 , 
1e+100 , 0.120859 , 0 , 0 , 0 , 0 , 0 , 0 , 0 , 0 , 0 , 0 , 0 , 0 , 0 , 0 , 0 , 0 , 0 , 0 , 0 , 0 , 0 , 0 , 0 , 0 , 0 , 0 , 0 , 0 , 0 , 0 , 0 , 
1e+100 , 0.154783 , 0.120859 , 0 , 0 , 0 , 0 , 0 , 0 , 0 , 0 , 0 , 0 , 0 , 0 , 0 , 0 , 0 , 0 , 0 , 0 , 0 , 0 , 0 , 0 , 0 , 0 , 0 , 0 , 0 , 0 , 0 , 0 , 
1e+100 , 0.166254 , 0.154783 , 0.120859 , 0 , 0 , 0 , 0 , 0 , 0 , 0 , 0 , 0 , 0 , 0 , 0 , 0 , 0 , 0 , 0 , 0 , 0 , 0 , 0 , 0 , 0 , 0 , 0 , 0 , 0 , 0 , 0 , 0 , 
1e+100 , 0.166418 , 0.166254 , 0.154783 , 0.120859 , 0 , 0 , 0 , 0 , 0 , 0 , 0 , 0 , 0 , 0 , 0 , 0 , 0 , 0 , 0 , 0 , 0 , 0 , 0 , 0 , 0 , 0 , 0 , 0 , 0 , 0 , 0 , 0 , 
1e+100 , 0.161502 , 0.166418 , 0.166254 , 0.154783 , 0.120859 , 0 , 0 , 0 , 0 , 0 , 0 , 0 , 0 , 0 , 0 , 0 , 0 , 0 , 0 , 0 , 0 , 0 , 0 , 0 , 0 , 0 , 0 , 0 , 0 , 0 , 0 , 0 , 
1e+100 , 0.154851 , 0.161502 , 0.166418 , 0.166254 , 0.154783 , 0.120859 , 0 , 0 , 0 , 0 , 0 , 0 , 0 , 0 , 0 , 0 , 0 , 0 , 0 , 0 , 0 , 0 , 0 , 0 , 0 , 0 , 0 , 0 , 0 , 0 , 0 , 0 , 
1e+100 , 0.148151 , 0.154851 , 0.161502 , 0.166418 , 0.166254 , 0.154783 , 0.120859 , 0 , 0 , 0 , 0 , 0 , 0 , 0 , 0 , 0 , 0 , 0 , 0 , 0 , 0 , 0 , 0 , 0 , 0 , 0 , 0 , 0 , 0 , 0 , 0 , 0 , 
1e+100 , 0.142163 , 0.148151 , 0.154851 , 0.161502 , 0.166418 , 0.166254 , 0.154783 , 0.120859 , 0 , 0 , 0 , 0 , 0 , 0 , 0 , 0 , 0 , 0 , 0 , 0 , 0 , 0 , 0 , 0 , 0 , 0 , 0 , 0 , 0 , 0 , 0 , 0 , 
1e+100 , 0.137149 , 0.142163 , 0.148151 , 0.154851 , 0.161502 , 0.166418 , 0.166254 , 0.154783 , 0.120859 , 0 , 0 , 0 , 0 , 0 , 0 , 0 , 0 , 0 , 0 , 0 , 0 , 0 , 0 , 0 , 0 , 0 , 0 , 0 , 0 , 0 , 0 , 0 , 
1e+100 , 0.133121 , 0.137149 , 0.142163 , 0.148151 , 0.154851 , 0.161502 , 0.166418 , 0.166254 , 0.154783 , 0.120859 , 0 , 0 , 0 , 0 , 0 , 0 , 0 , 0 , 0 , 0 , 0 , 0 , 0 , 0 , 0 , 0 , 0 , 0 , 0 , 0 , 0 , 0 , 
1e+100 , 0.129975 , 0.133121 , 0.137149 , 0.142163 , 0.148151 , 0.154851 , 0.161502 , 0.166418 , 0.166254 , 0.154783 , 0.120859 , 0 , 0 , 0 , 0 , 0 , 0 , 0 , 0 , 0 , 0 , 0 , 0 , 0 , 0 , 0 , 0 , 0 , 0 , 0 , 0 , 0 , 
1e+100 , 0.127568 , 0.129975 , 0.133121 , 0.137149 , 0.142163 , 0.148151 , 0.154851 , 0.161502 , 0.166418 , 0.166254 , 0.154783 , 0.120859 , 0 , 0 , 0 , 0 , 0 , 0 , 0 , 0 , 0 , 0 , 0 , 0 , 0 , 0 , 0 , 0 , 0 , 0 , 0 , 0 , 
1e+100 , 0.125756 , 0.127568 , 0.129975 , 0.133121 , 0.137149 , 0.142163 , 0.148151 , 0.154851 , 0.161502 , 0.166418 , 0.166254 , 0.154783 , 0.120859 , 0 , 0 , 0 , 0 , 0 , 0 , 0 , 0 , 0 , 0 , 0 , 0 , 0 , 0 , 0 , 0 , 0 , 0 , 0 , 
1e+100 , 0.124409 , 0.125756 , 0.127568 , 0.129975 , 0.133121 , 0.137149 , 0.142163 , 0.148151 , 0.154851 , 0.161502 , 0.166418 , 0.166254 , 0.154783 , 0.120859 , 0 , 0 , 0 , 0 , 0 , 0 , 0 , 0 , 0 , 0 , 0 , 0 , 0 , 0 , 0 , 0 , 0 , 0 , 
1e+100 , 0.123417 , 0.124409 , 0.125756 , 0.127568 , 0.129975 , 0.133121 , 0.137149 , 0.142163 , 0.148151 , 0.154851 , 0.161502 , 0.166418 , 0.166254 , 0.154783 , 0.120859 , 0 , 0 , 0 , 0 , 0 , 0 , 0 , 0 , 0 , 0 , 0 , 0 , 0 , 0 , 0 , 0 , 0 , 
1e+100 , 0.122693 , 0.123417 , 0.124409 , 0.125756 , 0.127568 , 0.129975 , 0.133121 , 0.137149 , 0.142163 , 0.148151 , 0.154851 , 0.161502 , 0.166418 , 0.166254 , 0.154783 , 0.120859 , 0 , 0 , 0 , 0 , 0 , 0 , 0 , 0 , 0 , 0 , 0 , 0 , 0 , 0 , 0 , 0 , 
1e+100 , 0.122168 , 0.122693 , 0.123417 , 0.124409 , 0.125756 , 0.127568 , 0.129975 , 0.133121 , 0.137149 , 0.142163 , 0.148151 , 0.154851 , 0.161502 , 0.166418 , 0.166254 , 0.154783 , 0.120859 , 0 , 0 , 0 , 0 , 0 , 0 , 0 , 0 , 0 , 0 , 0 , 0 , 0 , 0 , 0 , 
1e+100 , 0.12179 , 0.122168 , 0.122693 , 0.123417 , 0.124409 , 0.125756 , 0.127568 , 0.129975 , 0.133121 , 0.137149 , 0.142163 , 0.148151 , 0.154851 , 0.161502 , 0.166418 , 0.166254 , 0.154783 , 0.120859 , 0 , 0 , 0 , 0 , 0 , 0 , 0 , 0 , 0 , 0 , 0 , 0 , 0 , 0 , 
1e+100 , 0.121518 , 0.12179 , 0.122168 , 0.122693 , 0.123417 , 0.124409 , 0.125756 , 0.127568 , 0.129975 , 0.133121 , 0.137149 , 0.142163 , 0.148151 , 0.154851 , 0.161502 , 0.166418 , 0.166254 , 0.154783 , 0.120859 , 0 , 0 , 0 , 0 , 0 , 0 , 0 , 0 , 0 , 0 , 0 , 0 , 0 , 
1e+100 , 0.121325 , 0.121518 , 0.12179 , 0.122168 , 0.122693 , 0.123417 , 0.124409 , 0.125756 , 0.127568 , 0.129975 , 0.133121 , 0.137149 , 0.142163 , 0.148151 , 0.154851 , 0.161502 , 0.166418 , 0.166254 , 0.154783 , 0.120859 , 0 , 0 , 0 , 0 , 0 , 0 , 0 , 0 , 0 , 0 , 0 , 0 , 
1e+100 , 0.121187 , 0.121325 , 0.121518 , 0.12179 , 0.122168 , 0.122693 , 0.123417 , 0.124409 , 0.125756 , 0.127568 , 0.129975 , 0.133121 , 0.137149 , 0.142163 , 0.148151 , 0.154851 , 0.161502 , 0.166418 , 0.166254 , 0.154783 , 0.120859 , 0 , 0 , 0 , 0 , 0 , 0 , 0 , 0 , 0 , 0 , 0 , 
1e+100 , 0.12109 , 0.121187 , 0.121325 , 0.121518 , 0.12179 , 0.122168 , 0.122693 , 0.123417 , 0.124409 , 0.125756 , 0.127568 , 0.129975 , 0.133121 , 0.137149 , 0.142163 , 0.148151 , 0.154851 , 0.161502 , 0.166418 , 0.166254 , 0.154783 , 0.120859 , 0 , 0 , 0 , 0 , 0 , 0 , 0 , 0 , 0 , 0 , 
1e+100 , 0.121021 , 0.12109 , 0.121187 , 0.121325 , 0.121518 , 0.12179 , 0.122168 , 0.122693 , 0.123417 , 0.124409 , 0.125756 , 0.127568 , 0.129975 , 0.133121 , 0.137149 , 0.142163 , 0.148151 , 0.154851 , 0.161502 , 0.166418 , 0.166254 , 0.154783 , 0.120859 , 0 , 0 , 0 , 0 , 0 , 0 , 0 , 0 , 0 , 
1e+100 , 0.120972 , 0.121021 , 0.12109 , 0.121187 , 0.121325 , 0.121518 , 0.12179 , 0.122168 , 0.122693 , 0.123417 , 0.124409 , 0.125756 , 0.127568 , 0.129975 , 0.133121 , 0.137149 , 0.142163 , 0.148151 , 0.154851 , 0.161502 , 0.166418 , 0.166254 , 0.154783 , 0.120859 , 0 , 0 , 0 , 0 , 0 , 0 , 0 , 0 , 
1e+100 , 0.120938 , 0.120972 , 0.121021 , 0.12109 , 0.121187 , 0.121325 , 0.121518 , 0.12179 , 0.122168 , 0.122693 , 0.123417 , 0.124409 , 0.125756 , 0.127568 , 0.129975 , 0.133121 , 0.137149 , 0.142163 , 0.148151 , 0.154851 , 0.161502 , 0.166418 , 0.166254 , 0.154783 , 0.120859 , 0 , 0 , 0 , 0 , 0 , 0 , 0 , 
1e+100 , 0.120914 , 0.120938 , 0.120972 , 0.121021 , 0.12109 , 0.121187 , 0.121325 , 0.121518 , 0.12179 , 0.122168 , 0.122693 , 0.123417 , 0.124409 , 0.125756 , 0.127568 , 0.129975 , 0.133121 , 0.137149 , 0.142163 , 0.148151 , 0.154851 , 0.161502 , 0.166418 , 0.166254 , 0.154783 , 0.120859 , 0 , 0 , 0 , 0 , 0 , 0 , 
1e+100 , 0.120898 , 0.120914 , 0.120938 , 0.120972 , 0.121021 , 0.12109 , 0.121187 , 0.121325 , 0.121518 , 0.12179 , 0.122168 , 0.122693 , 0.123417 , 0.124409 , 0.125756 , 0.127568 , 0.129975 , 0.133121 , 0.137149 , 0.142163 , 0.148151 , 0.154851 , 0.161502 , 0.166418 , 0.166254 , 0.154783 , 0.120859 , 0 , 0 , 0 , 0 , 0 , 
1e+100 , 0.120886 , 0.120898 , 0.120914 , 0.120938 , 0.120972 , 0.121021 , 0.12109 , 0.121187 , 0.121325 , 0.121518 , 0.12179 , 0.122168 , 0.122693 , 0.123417 , 0.124409 , 0.125756 , 0.127568 , 0.129975 , 0.133121 , 0.137149 , 0.142163 , 0.148151 , 0.154851 , 0.161502 , 0.166418 , 0.166254 , 0.154783 , 0.120859 , 0 , 0 , 0 , 0 , 
1e+100 , 0.120878 , 0.120886 , 0.120898 , 0.120914 , 0.120938 , 0.120972 , 0.121021 , 0.12109 , 0.121187 , 0.121325 , 0.121518 , 0.12179 , 0.122168 , 0.122693 , 0.123417 , 0.124409 , 0.125756 , 0.127568 , 0.129975 , 0.133121 , 0.137149 , 0.142163 , 0.148151 , 0.154851 , 0.161502 , 0.166418 , 0.166254 , 0.154783 , 0.120859 , 0 , 0 , 0 , 
1e+100 , 0.120872 , 0.120878 , 0.120886 , 0.120898 , 0.120914 , 0.120938 , 0.120972 , 0.121021 , 0.12109 , 0.121187 , 0.121325 , 0.121518 , 0.12179 , 0.122168 , 0.122693 , 0.123417 , 0.124409 , 0.125756 , 0.127568 , 0.129975 , 0.133121 , 0.137149 , 0.142163 , 0.148151 , 0.154851 , 0.161502 , 0.166418 , 0.166254 , 0.154783 , 0.120859 , 0 , 0 , 
1e+100 , 0.120868 , 0.120872 , 0.120878 , 0.120886 , 0.120898 , 0.120914 , 0.120938 , 0.120972 , 0.121021 , 0.12109 , 0.121187 , 0.121325 , 0.121518 , 0.12179 , 0.122168 , 0.122693 , 0.123417 , 0.124409 , 0.125756 , 0.127568 , 0.129975 , 0.133121 , 0.137149 , 0.142163 , 0.148151 , 0.154851 , 0.161502 , 0.166418 , 0.166254 , 0.154783 , 0.120859 , 0 , 
1e+100 , 0.120866 , 0.120868 , 0.120872 , 0.120878 , 0.120886 , 0.120898 , 0.120914 , 0.120938 , 0.120972 , 0.121021 , 0.12109 , 0.121187 , 0.121325 , 0.121518 , 0.12179 , 0.122168 , 0.122693 , 0.123417 , 0.124409 , 0.125756 , 0.127568 , 0.129975 , 0.133121 , 0.137149 , 0.142163 , 0.148151 , 0.154851 , 0.161502 , 0.166418 , 0.166254 , 0.154783 , 0.120859 , 

h*g ,
1e+200 , 0 , 0 , 0 , 0 , 0 , 0 , 0 , 0 , 0 , 0 , 0 , 0 , 0 , 0 , 0 , 0 , 0 , 0 , 0 , 0 , 0 , 0 , 0 , 0 , 0 , 0 , 0 , 0 , 0 , 0 , 0 , 0 , 
1e+200 , 0.130581 , 0 , 0 , 0 , 0 , 0 , 0 , 0 , 0 , 0 , 0 , 0 , 0 , 0 , 0 , 0 , 0 , 0 , 0 , 0 , 0 , 0 , 0 , 0 , 0 , 0 , 0 , 0 , 0 , 0 , 0 , 0 , 
1e+200 , 0.167233 , 0.130581 , 0 , 0 , 0 , 0 , 0 , 0 , 0 , 0 , 0 , 0 , 0 , 0 , 0 , 0 , 0 , 0 , 0 , 0 , 0 , 0 , 0 , 0 , 0 , 0 , 0 , 0 , 0 , 0 , 0 , 0 , 
1e+200 , 0.179627 , 0.167233 , 0.130581 , 0 , 0 , 0 , 0 , 0 , 0 , 0 , 0 , 0 , 0 , 0 , 0 , 0 , 0 , 0 , 0 , 0 , 0 , 0 , 0 , 0 , 0 , 0 , 0 , 0 , 0 , 0 , 0 , 0 , 
1e+200 , 0.164885 , 0.164722 , 0.161348 , 0.125986 , 0 , 0 , 0 , 0 , 0 , 0 , 0 , 0 , 0 , 0 , 0 , 0 , 0 , 0 , 0 , 0 , 0 , 0 , 0 , 0 , 0 , 0 , 0 , 0 , 0 , 0 , 0 , 0 , 
1e+200 , 0.145536 , 0.149966 , 0.158401 , 0.155463 , 0.12139 , 0 , 0 , 0 , 0 , 0 , 0 , 0 , 0 , 0 , 0 , 0 , 0 , 0 , 0 , 0 , 0 , 0 , 0 , 0 , 0 , 0 , 0 , 0 , 0 , 0 , 0 , 0 , 
1e+200 , 0.150664 , 0.157136 , 0.154814 , 0.147563 , 0.158644 , 0.123874 , 0 , 0 , 0 , 0 , 0 , 0 , 0 , 0 , 0 , 0 , 0 , 0 , 0 , 0 , 0 , 0 , 0 , 0 , 0 , 0 , 0 , 0 , 0 , 0 , 0 , 0 , 
1e+200 , 0.154786 , 0.161786 , 0.146607 , 0.128268 , 0.15098 , 0.161825 , 0.126358 , 0 , 0 , 0 , 0 , 0 , 0 , 0 , 0 , 0 , 0 , 0 , 0 , 0 , 0 , 0 , 0 , 0 , 0 , 0 , 0 , 0 , 0 , 0 , 0 , 0 , 
1e+200 , 0.153684 , 0.160157 , 0.141062 , 0.119652 , 0.143847 , 0.164238 , 0.149919 , 0.117061 , 0 , 0 , 0 , 0 , 0 , 0 , 0 , 0 , 0 , 0 , 0 , 0 , 0 , 0 , 0 , 0 , 0 , 0 , 0 , 0 , 0 , 0 , 0 , 0 , 
1e+200 , 0.153236 , 0.158838 , 0.13543 , 0.110096 , 0.132531 , 0.154811 , 0.151449 , 0.138012 , 0.107764 , 0 , 0 , 0 , 0 , 0 , 0 , 0 , 0 , 0 , 0 , 0 , 0 , 0 , 0 , 0 , 0 , 0 , 0 , 0 , 0 , 0 , 0 , 0 , 
1e+200 , 0.151125 , 0.155698 , 0.138666 , 0.120826 , 0.134486 , 0.14881 , 0.144231 , 0.13499 , 0.137619 , 0.107457 , 0 , 0 , 0 , 0 , 0 , 0 , 0 , 0 , 0 , 0 , 0 , 0 , 0 , 0 , 0 , 0 , 0 , 0 , 0 , 0 , 0 , 0 , 
1e+200 , 0.149887 , 0.153515 , 0.142179 , 0.13081 , 0.135759 , 0.141312 , 0.132821 , 0.121859 , 0.134567 , 0.137225 , 0.107149 , 0 , 0 , 0 , 0 , 0 , 0 , 0 , 0 , 0 , 0 , 0 , 0 , 0 , 0 , 0 , 0 , 0 , 0 , 0 , 0 , 0 , 
1e+200 , 0.143418 , 0.146124 , 0.144123 , 0.142779 , 0.135716 , 0.128633 , 0.12694 , 0.124559 , 0.13369 , 0.138893 , 0.129373 , 0.101019 , 0 , 0 , 0 , 0 , 0 , 0 , 0 , 0 , 0 , 0 , 0 , 0 , 0 , 0 , 0 , 0 , 0 , 0 , 0 , 0 , 
1e+200 , 0.13774 , 0.139724 , 0.146693 , 0.154681 , 0.136183 , 0.117135 , 0.121055 , 0.125469 , 0.128761 , 0.13052 , 0.13046 , 0.121522 , 0.0948881 , 0 , 0 , 0 , 0 , 0 , 0 , 0 , 0 , 0 , 0 , 0 , 0 , 0 , 0 , 0 , 0 , 0 , 0 , 0 , 
1e+200 , 0.137298 , 0.138785 , 0.141934 , 0.145783 , 0.133011 , 0.120242 , 0.123868 , 0.128285 , 0.126062 , 0.123107 , 0.129323 , 0.131662 , 0.120453 , 0.0940533 , 0 , 0 , 0 , 0 , 0 , 0 , 0 , 0 , 0 , 0 , 0 , 0 , 0 , 0 , 0 , 0 , 0 , 0 , 
1e+200 , 0.13723 , 0.138333 , 0.137905 , 0.137938 , 0.130676 , 0.123735 , 0.126935 , 0.131011 , 0.123098 , 0.114627 , 0.124275 , 0.132926 , 0.130513 , 0.119384 , 0.0932184 , 0 , 0 , 0 , 0 , 0 , 0 , 0 , 0 , 0 , 0 , 0 , 0 , 0 , 0 , 0 , 0 , 0 , 
1e+200 , 0.137458 , 0.138269 , 0.135339 , 0.13272 , 0.126561 , 0.120724 , 0.125443 , 0.13109 , 0.120927 , 0.110436 , 0.118659 , 0.127123 , 0.128325 , 0.125535 , 0.121546 , 0.0949071 , 0 , 0 , 0 , 0 , 0 , 0 , 0 , 0 , 0 , 0 , 0 , 0 , 0 , 0 , 0 , 0 , 
1e+200 , 0.137897 , 0.13849 , 0.133181 , 0.128075 , 0.123092 , 0.118404 , 0.124662 , 0.131801 , 0.119368 , 0.106709 , 0.113048 , 0.120088 , 0.122286 , 0.122959 , 0.127858 , 0.123709 , 0.0965959 , 0 , 0 , 0 , 0 , 0 , 0 , 0 , 0 , 0 , 0 , 0 , 0 , 0 , 0 , 0 , 
1e+200 , 0.137475 , 0.137902 , 0.130148 , 0.12252 , 0.118563 , 0.114851 , 0.119858 , 0.125535 , 0.118851 , 0.11243 , 0.116361 , 0.121074 , 0.122053 , 0.122605 , 0.130671 , 0.134872 , 0.112811 , 0.0880865 , 0 , 0 , 0 , 0 , 0 , 0 , 0 , 0 , 0 , 0 , 0 , 0 , 0 , 0 , 
1e+200 , 0.137172 , 0.137479 , 0.127349 , 0.117295 , 0.114433 , 0.111769 , 0.115695 , 0.120117 , 0.11896 , 0.118334 , 0.119861 , 0.122114 , 0.121367 , 0.120699 , 0.129419 , 0.137002 , 0.123166 , 0.101913 , 0.0795771 , 0 , 0 , 0 , 0 , 0 , 0 , 0 , 0 , 0 , 0 , 0 , 0 , 0 , 
1e+200 , 0.137829 , 0.138049 , 0.127571 , 0.117148 , 0.121407 , 0.125902 , 0.118526 , 0.111331 , 0.118612 , 0.126635 , 0.11654 , 0.106509 , 0.107641 , 0.109297 , 0.121753 , 0.134819 , 0.1273 , 0.115563 , 0.0947937 , 0.0740179 , 0 , 0 , 0 , 0 , 0 , 0 , 0 , 0 , 0 , 0 , 0 , 0 , 
1e+200 , 0.138547 , 0.138704 , 0.127901 , 0.117138 , 0.128501 , 0.1401 , 0.121619 , 0.103133 , 0.118756 , 0.135182 , 0.113981 , 0.0924134 , 0.0953349 , 0.0989496 , 0.11425 , 0.131054 , 0.127433 , 0.121779 , 0.107916 , 0.0876742 , 0.0684587 , 0 , 0 , 0 , 0 , 0 , 0 , 0 , 0 , 0 , 0 , 0 , 
1e+200 , 0.146123 , 0.146241 , 0.135062 , 0.123914 , 0.129999 , 0.136229 , 0.125001 , 0.113856 , 0.118923 , 0.124408 , 0.1099 , 0.0953639 , 0.0926329 , 0.0902442 , 0.096139 , 0.102894 , 0.113384 , 0.124342 , 0.112046 , 0.0958718 , 0.102765 , 0.0802417 , 0 , 0 , 0 , 0 , 0 , 0 , 0 , 0 , 0 , 0 , 
1e+200 , 0.153724 , 0.153811 , 0.142265 , 0.130742 , 0.131601 , 0.132545 , 0.128544 , 0.124665 , 0.119403 , 0.114317 , 0.106396 , 0.0986375 , 0.0905395 , 0.082531 , 0.0797309 , 0.0771543 , 0.100058 , 0.125126 , 0.112642 , 0.0976679 , 0.112081 , 0.117855 , 0.0920248 , 0 , 0 , 0 , 0 , 0 , 0 , 0 , 0 , 0 , 
1e+200 , 0.151596 , 0.151657 , 0.142772 , 0.133908 , 0.133084 , 0.132318 , 0.124708 , 0.117165 , 0.119983 , 0.12302 , 0.116733 , 0.110644 , 0.100368 , 0.0901678 , 0.0804427 , 0.0706089 , 0.0876409 , 0.106392 , 0.107341 , 0.107924 , 0.105512 , 0.0997177 , 0.103034 , 0.0804522 , 0 , 0 , 0 , 0 , 0 , 0 , 0 , 0 , 
1e+200 , 0.149487 , 0.149529 , 0.143311 , 0.137112 , 0.134624 , 0.132175 , 0.121 , 0.109858 , 0.120745 , 0.131856 , 0.127189 , 0.122722 , 0.110284 , 0.0979081 , 0.081523 , 0.0648229 , 0.0764722 , 0.0893097 , 0.102064 , 0.116079 , 0.0959143 , 0.0729178 , 0.0837985 , 0.0882133 , 0.0688797 , 0 , 0 , 0 , 0 , 0 , 0 , 0 , 
1e+200 , 0.152926 , 0.152956 , 0.146324 , 0.139705 , 0.137181 , 0.134687 , 0.120619 , 0.106569 , 0.121122 , 0.135858 , 0.12938 , 0.12304 , 0.113011 , 0.103098 , 0.0867539 , 0.0702247 , 0.0657314 , 0.06134 , 0.0795441 , 0.0995288 , 0.10097 , 0.102115 , 0.0918139 , 0.0783272 , 0.0906244 , 0.0707623 , 0 , 0 , 0 , 0 , 0 , 0 , 
1e+200 , 0.156372 , 0.156394 , 0.149352 , 0.142318 , 0.139767 , 0.137237 , 0.120295 , 0.10336 , 0.121601 , 0.139989 , 0.131751 , 0.123607 , 0.115987 , 0.108503 , 0.0921662 , 0.0757298 , 0.055884 , 0.0354473 , 0.0589932 , 0.0844445 , 0.105217 , 0.12797 , 0.0968002 , 0.0619645 , 0.080917 , 0.0930355 , 0.072645 , 0 , 0 , 0 , 0 , 0 , 
1e+200 , 0.155969 , 0.155984 , 0.151072 , 0.146167 , 0.146139 , 0.146128 , 0.130837 , 0.115556 , 0.125495 , 0.135518 , 0.124897 , 0.114328 , 0.108657 , 0.103099 , 0.0925256 , 0.0820018 , 0.0588757 , 0.0352202 , 0.0378127 , 0.0407495 , 0.0796371 , 0.121965 , 0.10763 , 0.0915489 , 0.0844581 , 0.0745073 , 0.0914433 , 0.0714017 , 0 , 0 , 0 , 0 , 
1e+200 , 0.15557 , 0.15558 , 0.1528 , 0.150026 , 0.152523 , 0.155034 , 0.141395 , 0.127767 , 0.129436 , 0.13115 , 0.118188 , 0.105251 , 0.10157 , 0.0979824 , 0.0931241 , 0.0883922 , 0.0620087 , 0.0351674 , 0.0179309 , 3.16904e-005 , 0.0562536 , 0.116586 , 0.117148 , 0.117899 , 0.0853224 , 0.0491324 , 0.072797 , 0.0898511 , 0.0701585 , 0 , 0 , 0 , 
1e+200 , 0.146811 , 0.146818 , 0.14585 , 0.144886 , 0.149038 , 0.1532 , 0.141371 , 0.129552 , 0.131274 , 0.13303 , 0.122087 , 0.11117 , 0.105424 , 0.0997396 , 0.0934532 , 0.0872501 , 0.074645 , 0.0620032 , 0.0331733 , 0.00351519 , 0.0346766 , 0.0677426 , 0.100557 , 0.136408 , 0.111073 , 0.0829868 , 0.0708244 , 0.0560808 , 0.0976664 , 0.0762609 , 0 , 0 , 
1e+200 , 0.138056 , 0.138061 , 0.138906 , 0.139754 , 0.145563 , 0.151379 , 0.141364 , 0.131357 , 0.133142 , 0.13495 , 0.126031 , 0.117137 , 0.109349 , 0.101601 , 0.0939251 , 0.0863033 , 0.0872446 , 0.0883812 , 0.0480554 , 0.00686983 , 0.0144031 , 0.0223347 , 0.0855726 , 0.15355 , 0.134265 , 0.113421 , 0.0667483 , 0.015667 , 0.0644754 , 0.105482 , 0.0823633 , 0 , 
1e+200 , 0.138053 , 0.138056 , 0.138899 , 0.139745 , 0.145549 , 0.151358 , 0.141336 , 0.13132 , 0.133088 , 0.134874 , 0.12593 , 0.117004 , 0.109175 , 0.101374 , 0.0936343 , 0.0859341 , 0.0867328 , 0.0876766 , 0.0475405 , 0.00677225 , 0.0141365 , 0.0218069 , 0.0830592 , 0.148135 , 0.128838 , 0.108513 , 0.0639993 , 0.0152042 , 0.0645389 , 0.113299 , 0.105482 , 0.0823633 , 

shifts ,
0 , 0 , 0 , 0 , 0 , 0 , 0 , 0 , 0 , 0 , 0 , 0 , 0 , 0 , 0 , 0 , 0 , 0 , 0 , 0 , 0 , 0 , 0 , 0 , 0 , 0 , 0 , 0 , 0 , 0 , 0 , 0 , 0 , 
0 , 0 , 0 , 0 , 0 , 0 , 0 , 0 , 0 , 0 , 0 , 0 , 0 , 0 , 0 , 0 , 0 , 0 , 0 , 0 , 0 , 0 , 0 , 0 , 0 , 0 , 0 , 0 , 0 , 0 , 0 , 0 , 0 , 
0 , 0 , 0 , 0 , 0 , 0 , 0 , 0 , 0 , 0 , 0 , 0 , 0 , 0 , 0 , 0 , 0 , 0 , 0 , 0 , 0 , 0 , 0 , 0 , 0 , 0 , 0 , 0 , 0 , 0 , 0 , 0 , 0 , 
0 , 0 , 0 , 0 , 0 , 0 , 0 , 0 , 0 , 0 , 0 , 0 , 0 , 0 , 0 , 0 , 0 , 0 , 0 , 0 , 0 , 0 , 0 , 0 , 0 , 0 , 0 , 0 , 0 , 0 , 0 , 0 , 0 , 
0 , 0 , 0 , 0 , 0 , 0 , 0 , 0 , 0 , 0 , 0 , 0 , 0 , 0 , 0 , 0 , 0 , 0 , 0 , 0 , 0 , 0 , 0 , 0 , 0 , 0 , 0 , 0 , 0 , 0 , 0 , 0 , 0 , 
0 , 0 , 0 , 0 , 0 , 0 , 0 , 0 , 0 , 0 , 0 , 0 , 0 , 0 , 0 , 0 , 0 , 0 , 0 , 0 , 0 , 0 , 0 , 0 , 0 , 0 , 0 , 0 , 0 , 0 , 0 , 0 , 0 , 
0 , 0 , 0 , 0 , 0 , 0 , 0 , 0 , 0 , 0 , 0 , 0 , 0 , 0 , 0 , 0 , 0 , 0 , 0 , 0 , 0 , 0 , 0 , 0 , 0 , 0 , 0 , 0 , 0 , 0 , 0 , 0 , 0 , 
0 , 0 , 0 , 0 , 0 , 0 , 0 , 0 , 0 , 0 , 0 , 0 , 0 , 0 , 0 , 0 , 0 , 0 , 0 , 0 , 0 , 0 , 0 , 0 , 0 , 0 , 0 , 0 , 0 , 0 , 0 , 0 , 0 , 
0 , 0 , 0 , 0 , 0 , 0 , 0 , 0 , 0 , 0 , 0 , 0 , 0 , 0 , 0 , 0 , 0 , 0 , 0 , 0 , 0 , 0 , 0 , 0 , 0 , 0 , 0 , 0 , 0 , 0 , 0 , 0 , 0 , 
0 , 0 , 0 , 0 , 0 , 0 , 0 , 0 , 0 , 0 , 0 , 0 , 0 , 0 , 0 , 0 , 0 , 0 , 0 , 0 , 0 , 0 , 0 , 0 , 0 , 0 , 0 , 0 , 0 , 0 , 0 , 0 , 0 , 
0 , 0 , 0 , 0 , 0 , 0 , 0 , 0 , 0 , 0 , 0 , 0 , 0 , 0 , 0 , 0 , 0 , 0 , 0 , 0 , 0 , 0 , 0 , 0 , 0 , 0 , 0 , 0 , 0 , 0 , 0 , 0 , 0 , 
0 , 0 , 0 , 0 , 0 , 0 , 0 , 0 , 0 , 0 , 0 , 0 , 0 , 0 , 0 , 0 , 0 , 0 , 0 , 0 , 0 , 0 , 0 , 0 , 0 , 0 , 0 , 0 , 0 , 0 , 0 , 0 , 0 , 
0 , 0 , 0 , 0 , 0 , 0 , 0 , 0 , 0 , 0 , 0 , 0 , 0 , 0 , 0 , 0 , 0 , 0 , 0 , 0 , 0 , 0 , 0 , 0 , 0 , 0 , 0 , 0 , 0 , 0 , 0 , 0 , 0 , 
0 , 0 , 0 , 0 , 0 , 0 , 0 , 0 , 0 , 0 , 0 , 0 , 0 , 0 , 0 , 0 , 0 , 0 , 0 , 0 , 0 , 0 , 0 , 0 , 0 , 0 , 0 , 0 , 0 , 0 , 0 , 0 , 0 , 
0 , 0 , 0 , 0 , 0 , 0 , 0 , 0 , 0 , 0 , 0 , 0 , 0 , 0 , 0 , 0 , 0 , 0 , 0 , 0 , 0 , 0 , 0 , 0 , 0 , 0 , 0 , 0 , 0 , 0 , 0 , 0 , 0 , 
0 , 0 , 0 , 0 , 0 , 0 , 0 , 0 , 0 , 0 , 0 , 0 , 0 , 0 , 0 , 0 , 0 , 0 , 0 , 0 , 0 , 0 , 0 , 0 , 0 , 0 , 0 , 0 , 0 , 0 , 0 , 0 , 0 , 
0 , 0 , 0 , 0 , 0 , 0 , 0 , 0 , 0 , 0 , 0 , 0 , 0 , 0 , 0 , 0 , 0 , 0 , 0 , 0 , 0 , 0 , 0 , 0 , 0 , 0 , 0 , 0 , 0 , 0 , 0 , 0 , 0 , 
0 , 0 , 0 , 0 , 0 , 0 , 0 , 0 , 0 , 0 , 0 , 0 , 0 , 0 , 0 , 0 , 0 , 0 , 0 , 0 , 0 , 0 , 0 , 0 , 0 , 0 , 0 , 0 , 0 , 0 , 0 , 0 , 0 , 
0 , 0 , 0 , 0 , 0 , 0 , 0 , 0 , 0 , 0 , 0 , 0 , 0 , 0 , 0 , 0 , 0 , 0 , 0 , 0 , 0 , 0 , 0 , 0 , 0 , 0 , 0 , 0 , 0 , 0 , 0 , 0 , 0 , 
0 , 0 , 0 , 0 , 0 , 0 , 0 , 0 , 0 , 0 , 0 , 0 , 0 , 0 , 0 , 0 , 0 , 0 , 0 , 0 , 0 , 0 , 0 , 0 , 0 , 0 , 0 , 0 , 0 , 0 , 0 , 0 , 0 , 
0 , 0 , 0 , 0 , 0 , 0 , 0 , 0 , 0 , 0 , 0 , 0 , 0 , 0 , 0 , 0 , 0 , 0 , 0 , 0 , 0 , 0 , 0 , 0 , 0 , 0 , 0 , 0 , 0 , 0 , 0 , 0 , 0 , 
0 , 0 , 0 , 0 , 0 , 0 , 0 , 0 , 0 , 0 , 0 , 0 , 0 , 0 , 0 , 0 , 0 , 0 , 0 , 0 , 0 , 0 , 0 , 0 , 0 , 0 , 0 , 0 , 0 , 0 , 0 , 0 , 0 , 
0 , 0 , 0 , 0 , 0 , 0 , 0 , 0 , 0 , 0 , 0 , 0 , 0 , 0 , 0 , 0 , 0 , 0 , 0 , 0 , 0 , 0 , 0 , 0 , 0 , 0 , 0 , 0 , 0 , 0 , 0 , 0 , 0 , 
0 , 0 , 0 , 0 , 0 , 0 , 0 , 0 , 0 , 0 , 0 , 0 , 0 , 0 , 0 , 0 , 0 , 0 , 0 , 0 , 0 , 0 , 0 , 0 , 0 , 0 , 0 , 0 , 0 , 0 , 0 , 0 , 0 , 
0 , 0 , 0 , 0 , 0 , 0 , 0 , 0 , 0 , 0 , 0 , 0 , 0 , 0 , 0 , 0 , 0 , 0 , 0 , 0 , 0 , 0 , 0 , 0 , 0 , 0 , 0 , 0 , 0 , 0 , 0 , 0 , 0 , 
0 , 0 , 0 , 0 , 0 , 0 , 0 , 0 , 0 , 0 , 0 , 0 , 0 , 0 , 0 , 0 , 0 , 0 , 0 , 0 , 0 , 0 , 0 , 0 , 0 , 0 , 0 , 0 , 0 , 0 , 0 , 0 , 0 , 
0 , 0 , 0 , 0 , 0 , 0 , 0 , 0 , 0 , 0 , 0 , 0 , 0 , 0 , 0 , 0 , 0 , 0 , 0 , 0 , 0 , 0 , 0 , 0 , 0 , 0 , 0 , 0 , 0 , 0 , 0 , 0 , 0 , 
0 , 0 , 0 , 0 , 0 , 0 , 0 , 0 , 0 , 0 , 0 , 0 , 0 , 0 , 0 , 0 , 0 , 0 , 0 , 0 , 0 , 0 , 0 , 0 , 0 , 0 , 0 , 0 , 0 , 0 , 0 , 0 , 0 , 
0 , 0 , 0 , 0 , 0 , 0 , 0 , 0 , 0 , 0 , 0 , 0 , 0 , 0 , 0 , 0 , 0 , 0 , 0 , 0 , 0 , 0 , 0 , 0 , 0 , 0 , 0 , 0 , 0 , 0 , 0 , 0 , 0 , 
0 , 0 , 0 , 0 , 0 , 0 , 0 , 0 , 0 , 0 , 0 , 0 , 0 , 0 , 0 , 0 , 0 , 0 , 0 , 0 , 0 , 0 , 0 , 0 , 0 , 0 , 0 , 0 , 0 , 0 , 0 , 0 , 0 , 
0 , 0 , 0 , 0 , 0 , 0 , 0 , 0 , 0 , 0 , 0 , 0 , 0 , 0 , 0 , 0 , 0 , 0 , 0 , 0 , 0 , 0 , 0 , 0 , 0 , 0 , 0 , 0 , 0 , 0 , 0 , 0 , 0 , 
0 , 0 , 0 , 0 , 0 , 0 , 0 , 0 , 0 , 0 , 0 , 0 , 0 , 0 , 0 , 0 , 0 , 0 , 0 , 0 , 0 , 0 , 0 , 0 , 0 , 0 , 0 , 0 , 0 , 0 , 0 , 0 , 0 , 
0 , 0 , 0 , 0 , 0 , 0 , 0 , 0 , 0 , 0 , 0 , 0 , 0 , 0 , 0 , 0 , 0 , 0 , 0 , 0 , 0 , 0 , 0 , 0 , 0 , 0 , 0 , 0 , 0 , 0 , 0 , 0 , 0 , 

