g ,
1e+100 , 0 , 0 , 0 , 0 , 0 , 0 , 0 , 0 , 0 , 0 , 0 , 0 , 0 , 0 , 0 , 0 , 0 , 0 , 0 , 0 , 0 , 0 , 0 , 0 , 0 , 0 , 0 , 0 , 0 , 0 , 0 , 0 , 
1e+100 , 1.04422 , 0 , 0 , 0 , 0 , 0 , 0 , 0 , 0 , 0 , 0 , 0 , 0 , 0 , 0 , 0 , 0 , 0 , 0 , 0 , 0 , 0 , 0 , 0 , 0 , 0 , 0 , 0 , 0 , 0 , 0 , 0 , 
1e+100 , 1.04422 , 1.04422 , 0 , 0 , 0 , 0 , 0 , 0 , 0 , 0 , 0 , 0 , 0 , 0 , 0 , 0 , 0 , 0 , 0 , 0 , 0 , 0 , 0 , 0 , 0 , 0 , 0 , 0 , 0 , 0 , 0 , 0 , 
1e+100 , 1.04422 , 1.04422 , 1.04422 , 0 , 0 , 0 , 0 , 0 , 0 , 0 , 0 , 0 , 0 , 0 , 0 , 0 , 0 , 0 , 0 , 0 , 0 , 0 , 0 , 0 , 0 , 0 , 0 , 0 , 0 , 0 , 0 , 0 , 
1e+100 , 1.03165 , 1.03165 , 0.932807 , 0.932807 , 0 , 0 , 0 , 0 , 0 , 0 , 0 , 0 , 0 , 0 , 0 , 0 , 0 , 0 , 0 , 0 , 0 , 0 , 0 , 0 , 0 , 0 , 0 , 0 , 0 , 0 , 0 , 0 , 
1e+100 , 1.01908 , 1.01908 , 0.920237 , 0.821397 , 0.821397 , 0 , 0 , 0 , 0 , 0 , 0 , 0 , 0 , 0 , 0 , 0 , 0 , 0 , 0 , 0 , 0 , 0 , 0 , 0 , 0 , 0 , 0 , 0 , 0 , 0 , 0 , 0 , 
1e+100 , 1.02127 , 1.02127 , 0.930157 , 0.839042 , 0.89483 , 0.89483 , 0 , 0 , 0 , 0 , 0 , 0 , 0 , 0 , 0 , 0 , 0 , 0 , 0 , 0 , 0 , 0 , 0 , 0 , 0 , 0 , 0 , 0 , 0 , 0 , 0 , 0 , 
1e+100 , 1.02347 , 1.02347 , 0.940077 , 0.856687 , 0.912476 , 0.968264 , 0.968264 , 0 , 0 , 0 , 0 , 0 , 0 , 0 , 0 , 0 , 0 , 0 , 0 , 0 , 0 , 0 , 0 , 0 , 0 , 0 , 0 , 0 , 0 , 0 , 0 , 0 , 
1e+100 , 1.03681 , 1.03681 , 0.955558 , 0.874302 , 0.918919 , 0.963536 , 0.867838 , 0.867838 , 0 , 0 , 0 , 0 , 0 , 0 , 0 , 0 , 0 , 0 , 0 , 0 , 0 , 0 , 0 , 0 , 0 , 0 , 0 , 0 , 0 , 0 , 0 , 0 , 
1e+100 , 1.05016 , 1.05016 , 0.971039 , 0.891917 , 0.925363 , 0.958808 , 0.86311 , 0.767411 , 0.767411 , 0 , 0 , 0 , 0 , 0 , 0 , 0 , 0 , 0 , 0 , 0 , 0 , 0 , 0 , 0 , 0 , 0 , 0 , 0 , 0 , 0 , 0 , 0 , 
1e+100 , 1.06773 , 1.06773 , 0.988772 , 0.909811 , 0.932572 , 0.955333 , 0.868778 , 0.782223 , 0.805384 , 0.805384 , 0 , 0 , 0 , 0 , 0 , 0 , 0 , 0 , 0 , 0 , 0 , 0 , 0 , 0 , 0 , 0 , 0 , 0 , 0 , 0 , 0 , 0 , 
1e+100 , 1.0853 , 1.0853 , 1.0065 , 0.927705 , 0.939782 , 0.951859 , 0.874446 , 0.797034 , 0.820195 , 0.843356 , 0.843356 , 0 , 0 , 0 , 0 , 0 , 0 , 0 , 0 , 0 , 0 , 0 , 0 , 0 , 0 , 0 , 0 , 0 , 0 , 0 , 0 , 0 , 
1e+100 , 1.10047 , 1.10047 , 1.02238 , 0.944285 , 0.946871 , 0.949457 , 0.880617 , 0.811776 , 0.828446 , 0.845116 , 0.790332 , 0.790332 , 0 , 0 , 0 , 0 , 0 , 0 , 0 , 0 , 0 , 0 , 0 , 0 , 0 , 0 , 0 , 0 , 0 , 0 , 0 , 0 , 
1e+100 , 1.11564 , 1.11564 , 1.03825 , 0.960864 , 0.95396 , 0.947055 , 0.886787 , 0.826518 , 0.836697 , 0.846876 , 0.792092 , 0.737308 , 0.737308 , 0 , 0 , 0 , 0 , 0 , 0 , 0 , 0 , 0 , 0 , 0 , 0 , 0 , 0 , 0 , 0 , 0 , 0 , 0 , 
1e+100 , 1.12629 , 1.12629 , 1.05096 , 0.975619 , 0.960731 , 0.945842 , 0.893697 , 0.841552 , 0.845318 , 0.849083 , 0.798849 , 0.748616 , 0.743383 , 0.743383 , 0 , 0 , 0 , 0 , 0 , 0 , 0 , 0 , 0 , 0 , 0 , 0 , 0 , 0 , 0 , 0 , 0 , 0 , 
1e+100 , 1.13695 , 1.13695 , 1.06366 , 0.990375 , 0.967502 , 0.94463 , 0.900608 , 0.856587 , 0.853938 , 0.85129 , 0.805607 , 0.759923 , 0.754691 , 0.749459 , 0.749459 , 0 , 0 , 0 , 0 , 0 , 0 , 0 , 0 , 0 , 0 , 0 , 0 , 0 , 0 , 0 , 0 , 0 , 
1e+100 , 1.14435 , 1.14435 , 1.07426 , 1.00417 , 0.974664 , 0.945161 , 0.90886 , 0.872558 , 0.863573 , 0.854588 , 0.81309 , 0.771592 , 0.759152 , 0.746712 , 0.749517 , 0.749517 , 0 , 0 , 0 , 0 , 0 , 0 , 0 , 0 , 0 , 0 , 0 , 0 , 0 , 0 , 0 , 0 , 
1e+100 , 1.15175 , 1.15175 , 1.08486 , 1.01796 , 0.981827 , 0.945692 , 0.917111 , 0.88853 , 0.873208 , 0.857886 , 0.820574 , 0.783261 , 0.763613 , 0.743965 , 0.74677 , 0.749576 , 0.749576 , 0 , 0 , 0 , 0 , 0 , 0 , 0 , 0 , 0 , 0 , 0 , 0 , 0 , 0 , 0 , 
1e+100 , 1.15879 , 1.15879 , 1.09564 , 1.03249 , 0.990709 , 0.948929 , 0.927663 , 0.906398 , 0.884778 , 0.863159 , 0.82959 , 0.796022 , 0.768808 , 0.741593 , 0.742274 , 0.742955 , 0.741014 , 0.741014 , 0 , 0 , 0 , 0 , 0 , 0 , 0 , 0 , 0 , 0 , 0 , 0 , 0 , 0 , 
1e+100 , 1.16583 , 1.16583 , 1.10642 , 1.04702 , 0.999591 , 0.952166 , 0.938216 , 0.924266 , 0.896349 , 0.868432 , 0.838607 , 0.808783 , 0.774002 , 0.739221 , 0.737778 , 0.736335 , 0.734394 , 0.732453 , 0.732453 , 0 , 0 , 0 , 0 , 0 , 0 , 0 , 0 , 0 , 0 , 0 , 0 , 0 , 
1e+100 , 1.17459 , 1.17459 , 1.11899 , 1.0634 , 1.01093 , 0.958464 , 0.951451 , 0.944437 , 0.910204 , 0.875971 , 0.84948 , 0.822989 , 0.780245 , 0.737501 , 0.733653 , 0.729806 , 0.719884 , 0.709962 , 0.688097 , 0.688097 , 0 , 0 , 0 , 0 , 0 , 0 , 0 , 0 , 0 , 0 , 0 , 0 , 
1e+100 , 1.18335 , 1.18335 , 1.13156 , 1.07978 , 1.02227 , 0.964762 , 0.964685 , 0.964609 , 0.924059 , 0.883509 , 0.860353 , 0.837196 , 0.786489 , 0.735782 , 0.729529 , 0.723276 , 0.705373 , 0.68747 , 0.665605 , 0.64374 , 0.64374 , 0 , 0 , 0 , 0 , 0 , 0 , 0 , 0 , 0 , 0 , 0 , 
1e+100 , 1.19434 , 1.19434 , 1.14625 , 1.09815 , 1.03593 , 0.973699 , 0.980272 , 0.986845 , 0.93994 , 0.893035 , 0.872913 , 0.852791 , 0.793798 , 0.734805 , 0.725879 , 0.716954 , 0.690978 , 0.665002 , 0.642818 , 0.620634 , 0.705798 , 0.705798 , 0 , 0 , 0 , 0 , 0 , 0 , 0 , 0 , 0 , 0 , 
1e+100 , 1.20534 , 1.20534 , 1.16093 , 1.11653 , 1.04958 , 0.982637 , 0.995859 , 1.00908 , 0.95582 , 0.90256 , 0.885473 , 0.868385 , 0.801106 , 0.733827 , 0.72223 , 0.710632 , 0.676583 , 0.642535 , 0.620032 , 0.597528 , 0.682692 , 0.767855 , 0.767855 , 0 , 0 , 0 , 0 , 0 , 0 , 0 , 0 , 0 , 
1e+100 , 1.2179 , 1.2179 , 1.1771 , 1.1363 , 1.06481 , 0.993315 , 1.013 , 1.03269 , 0.973053 , 0.913413 , 0.899178 , 0.884942 , 0.809174 , 0.733406 , 0.71895 , 0.704493 , 0.662273 , 0.620052 , 0.597211 , 0.574369 , 0.655765 , 0.73716 , 0.665155 , 0.665155 , 0 , 0 , 0 , 0 , 0 , 0 , 0 , 0 , 
1e+100 , 1.23046 , 1.23046 , 1.19327 , 1.15607 , 1.08003 , 1.00399 , 1.03015 , 1.05631 , 0.990286 , 0.924266 , 0.912883 , 0.901499 , 0.817242 , 0.732985 , 0.71567 , 0.698355 , 0.647962 , 0.59757 , 0.57439 , 0.55121 , 0.628838 , 0.706465 , 0.634461 , 0.562456 , 0.562456 , 0 , 0 , 0 , 0 , 0 , 0 , 0 , 
1e+100 , 1.24366 , 1.24366 , 1.21007 , 1.17648 , 1.09598 , 1.01549 , 1.04802 , 1.08056 , 1.00814 , 0.935734 , 0.927111 , 0.918489 , 0.825645 , 0.732801 , 0.712531 , 0.69226 , 0.633633 , 0.575006 , 0.551469 , 0.527931 , 0.60183 , 0.675729 , 0.635054 , 0.594379 , 0.611038 , 0.611038 , 0 , 0 , 0 , 0 , 0 , 0 , 
1e+100 , 1.25685 , 1.25685 , 1.22687 , 1.19688 , 1.11194 , 1.02699 , 1.0659 , 1.10481 , 1.026 , 0.947201 , 0.94134 , 0.935479 , 0.834048 , 0.732617 , 0.709391 , 0.686166 , 0.619304 , 0.552442 , 0.528547 , 0.504652 , 0.574822 , 0.644992 , 0.635647 , 0.626302 , 0.642961 , 0.65962 , 0.65962 , 0 , 0 , 0 , 0 , 0 , 
1e+100 , 1.27007 , 1.27007 , 1.24374 , 1.2174 , 1.12805 , 1.0387 , 1.08395 , 1.1292 , 1.04401 , 0.95881 , 0.955678 , 0.952547 , 0.842498 , 0.73245 , 0.706236 , 0.680022 , 0.604903 , 0.529784 , 0.505516 , 0.481249 , 0.547707 , 0.614166 , 0.636188 , 0.65821 , 0.624197 , 0.590185 , 0.634648 , 0.634648 , 0 , 0 , 0 , 0 , 
1e+100 , 1.28329 , 1.28329 , 1.26061 , 1.23792 , 1.14416 , 1.05041 , 1.102 , 1.15359 , 1.06201 , 0.970419 , 0.970016 , 0.969614 , 0.850949 , 0.732283 , 0.70308 , 0.673877 , 0.590502 , 0.507127 , 0.482486 , 0.457845 , 0.520592 , 0.583339 , 0.636728 , 0.690117 , 0.605434 , 0.520751 , 0.565213 , 0.609676 , 0.609676 , 0 , 0 , 0 , 
1e+100 , 1.29645 , 1.29645 , 1.27744 , 1.25843 , 1.16028 , 1.06213 , 1.12006 , 1.178 , 1.08002 , 0.982036 , 0.984358 , 0.98668 , 0.859393 , 0.732106 , 0.699908 , 0.66771 , 0.576076 , 0.484441 , 0.459423 , 0.434405 , 0.493442 , 0.552479 , 0.637253 , 0.722028 , 0.586679 , 0.45133 , 0.4723 , 0.49327 , 0.733859 , 0.733859 , 0 , 0 , 
1e+100 , 1.3096 , 1.3096 , 1.29427 , 1.27894 , 1.17639 , 1.07385 , 1.13813 , 1.2024 , 1.09803 , 0.993654 , 0.9987 , 1.00375 , 0.867837 , 0.731928 , 0.696736 , 0.661543 , 0.561649 , 0.461756 , 0.436361 , 0.410965 , 0.466292 , 0.521619 , 0.637779 , 0.753938 , 0.567923 , 0.381909 , 0.379386 , 0.376864 , 0.617453 , 0.858043 , 0.858043 , 0 , 
1e+100 , 1.3096 , 1.3096 , 1.29427 , 1.27894 , 1.17639 , 1.07385 , 1.13813 , 1.2024 , 1.09803 , 0.993654 , 0.9987 , 1.00375 , 0.867837 , 0.731928 , 0.696736 , 0.661543 , 0.561649 , 0.461756 , 0.436361 , 0.410965 , 0.466292 , 0.521619 , 0.637779 , 0.753938 , 0.567923 , 0.381909 , 0.379386 , 0.376864 , 0.617453 , 0.858043 , 0.858043 , 0.858043 , 

h ,
1e+100 , 0 , 0 , 0 , 0 , 0 , 0 , 0 , 0 , 0 , 0 , 0 , 0 , 0 , 0 , 0 , 0 , 0 , 0 , 0 , 0 , 0 , 0 , 0 , 0 , 0 , 0 , 0 , 0 , 0 , 0 , 0 , 0 , 
1e+100 , 0.120859 , 0 , 0 , 0 , 0 , 0 , 0 , 0 , 0 , 0 , 0 , 0 , 0 , 0 , 0 , 0 , 0 , 0 , 0 , 0 , 0 , 0 , 0 , 0 , 0 , 0 , 0 , 0 , 0 , 0 , 0 , 0 , 
1e+100 , 0.154783 , 0.120859 , 0 , 0 , 0 , 0 , 0 , 0 , 0 , 0 , 0 , 0 , 0 , 0 , 0 , 0 , 0 , 0 , 0 , 0 , 0 , 0 , 0 , 0 , 0 , 0 , 0 , 0 , 0 , 0 , 0 , 0 , 
1e+100 , 0.166254 , 0.154783 , 0.120859 , 0 , 0 , 0 , 0 , 0 , 0 , 0 , 0 , 0 , 0 , 0 , 0 , 0 , 0 , 0 , 0 , 0 , 0 , 0 , 0 , 0 , 0 , 0 , 0 , 0 , 0 , 0 , 0 , 0 , 
1e+100 , 0.166418 , 0.166254 , 0.154783 , 0.120859 , 0 , 0 , 0 , 0 , 0 , 0 , 0 , 0 , 0 , 0 , 0 , 0 , 0 , 0 , 0 , 0 , 0 , 0 , 0 , 0 , 0 , 0 , 0 , 0 , 0 , 0 , 0 , 0 , 
1e+100 , 0.161502 , 0.166418 , 0.166254 , 0.154783 , 0.120859 , 0 , 0 , 0 , 0 , 0 , 0 , 0 , 0 , 0 , 0 , 0 , 0 , 0 , 0 , 0 , 0 , 0 , 0 , 0 , 0 , 0 , 0 , 0 , 0 , 0 , 0 , 0 , 
1e+100 , 0.154851 , 0.161502 , 0.166418 , 0.166254 , 0.154783 , 0.120859 , 0 , 0 , 0 , 0 , 0 , 0 , 0 , 0 , 0 , 0 , 0 , 0 , 0 , 0 , 0 , 0 , 0 , 0 , 0 , 0 , 0 , 0 , 0 , 0 , 0 , 0 , 
1e+100 , 0.148151 , 0.154851 , 0.161502 , 0.166418 , 0.166254 , 0.154783 , 0.120859 , 0 , 0 , 0 , 0 , 0 , 0 , 0 , 0 , 0 , 0 , 0 , 0 , 0 , 0 , 0 , 0 , 0 , 0 , 0 , 0 , 0 , 0 , 0 , 0 , 0 , 
1e+100 , 0.142163 , 0.148151 , 0.154851 , 0.161502 , 0.166418 , 0.166254 , 0.154783 , 0.120859 , 0 , 0 , 0 , 0 , 0 , 0 , 0 , 0 , 0 , 0 , 0 , 0 , 0 , 0 , 0 , 0 , 0 , 0 , 0 , 0 , 0 , 0 , 0 , 0 , 
1e+100 , 0.137149 , 0.142163 , 0.148151 , 0.154851 , 0.161502 , 0.166418 , 0.166254 , 0.154783 , 0.120859 , 0 , 0 , 0 , 0 , 0 , 0 , 0 , 0 , 0 , 0 , 0 , 0 , 0 , 0 , 0 , 0 , 0 , 0 , 0 , 0 , 0 , 0 , 0 , 
1e+100 , 0.133121 , 0.137149 , 0.142163 , 0.148151 , 0.154851 , 0.161502 , 0.166418 , 0.166254 , 0.154783 , 0.120859 , 0 , 0 , 0 , 0 , 0 , 0 , 0 , 0 , 0 , 0 , 0 , 0 , 0 , 0 , 0 , 0 , 0 , 0 , 0 , 0 , 0 , 0 , 
1e+100 , 0.129975 , 0.133121 , 0.137149 , 0.142163 , 0.148151 , 0.154851 , 0.161502 , 0.166418 , 0.166254 , 0.154783 , 0.120859 , 0 , 0 , 0 , 0 , 0 , 0 , 0 , 0 , 0 , 0 , 0 , 0 , 0 , 0 , 0 , 0 , 0 , 0 , 0 , 0 , 0 , 
1e+100 , 0.127568 , 0.129975 , 0.133121 , 0.137149 , 0.142163 , 0.148151 , 0.154851 , 0.161502 , 0.166418 , 0.166254 , 0.154783 , 0.120859 , 0 , 0 , 0 , 0 , 0 , 0 , 0 , 0 , 0 , 0 , 0 , 0 , 0 , 0 , 0 , 0 , 0 , 0 , 0 , 0 , 
1e+100 , 0.125756 , 0.127568 , 0.129975 , 0.133121 , 0.137149 , 0.142163 , 0.148151 , 0.154851 , 0.161502 , 0.166418 , 0.166254 , 0.154783 , 0.120859 , 0 , 0 , 0 , 0 , 0 , 0 , 0 , 0 , 0 , 0 , 0 , 0 , 0 , 0 , 0 , 0 , 0 , 0 , 0 , 
1e+100 , 0.124409 , 0.125756 , 0.127568 , 0.129975 , 0.133121 , 0.137149 , 0.142163 , 0.148151 , 0.154851 , 0.161502 , 0.166418 , 0.166254 , 0.154783 , 0.120859 , 0 , 0 , 0 , 0 , 0 , 0 , 0 , 0 , 0 , 0 , 0 , 0 , 0 , 0 , 0 , 0 , 0 , 0 , 
1e+100 , 0.123417 , 0.124409 , 0.125756 , 0.127568 , 0.129975 , 0.133121 , 0.137149 , 0.142163 , 0.148151 , 0.154851 , 0.161502 , 0.166418 , 0.166254 , 0.154783 , 0.120859 , 0 , 0 , 0 , 0 , 0 , 0 , 0 , 0 , 0 , 0 , 0 , 0 , 0 , 0 , 0 , 0 , 0 , 
1e+100 , 0.122693 , 0.123417 , 0.124409 , 0.125756 , 0.127568 , 0.129975 , 0.133121 , 0.137149 , 0.142163 , 0.148151 , 0.154851 , 0.161502 , 0.166418 , 0.166254 , 0.154783 , 0.120859 , 0 , 0 , 0 , 0 , 0 , 0 , 0 , 0 , 0 , 0 , 0 , 0 , 0 , 0 , 0 , 0 , 
1e+100 , 0.122168 , 0.122693 , 0.123417 , 0.124409 , 0.125756 , 0.127568 , 0.129975 , 0.133121 , 0.137149 , 0.142163 , 0.148151 , 0.154851 , 0.161502 , 0.166418 , 0.166254 , 0.154783 , 0.120859 , 0 , 0 , 0 , 0 , 0 , 0 , 0 , 0 , 0 , 0 , 0 , 0 , 0 , 0 , 0 , 
1e+100 , 0.12179 , 0.122168 , 0.122693 , 0.123417 , 0.124409 , 0.125756 , 0.127568 , 0.129975 , 0.133121 , 0.137149 , 0.142163 , 0.148151 , 0.154851 , 0.161502 , 0.166418 , 0.166254 , 0.154783 , 0.120859 , 0 , 0 , 0 , 0 , 0 , 0 , 0 , 0 , 0 , 0 , 0 , 0 , 0 , 0 , 
1e+100 , 0.121518 , 0.12179 , 0.122168 , 0.122693 , 0.123417 , 0.124409 , 0.125756 , 0.127568 , 0.129975 , 0.133121 , 0.137149 , 0.142163 , 0.148151 , 0.154851 , 0.161502 , 0.166418 , 0.166254 , 0.154783 , 0.120859 , 0 , 0 , 0 , 0 , 0 , 0 , 0 , 0 , 0 , 0 , 0 , 0 , 0 , 
1e+100 , 0.121325 , 0.121518 , 0.12179 , 0.122168 , 0.122693 , 0.123417 , 0.124409 , 0.125756 , 0.127568 , 0.129975 , 0.133121 , 0.137149 , 0.142163 , 0.148151 , 0.154851 , 0.161502 , 0.166418 , 0.166254 , 0.154783 , 0.120859 , 0 , 0 , 0 , 0 , 0 , 0 , 0 , 0 , 0 , 0 , 0 , 0 , 
1e+100 , 0.121187 , 0.121325 , 0.121518 , 0.12179 , 0.122168 , 0.122693 , 0.123417 , 0.124409 , 0.125756 , 0.127568 , 0.129975 , 0.133121 , 0.137149 , 0.142163 , 0.148151 , 0.154851 , 0.161502 , 0.166418 , 0.166254 , 0.154783 , 0.120859 , 0 , 0 , 0 , 0 , 0 , 0 , 0 , 0 , 0 , 0 , 0 , 
1e+100 , 0.12109 , 0.121187 , 0.121325 , 0.121518 , 0.12179 , 0.122168 , 0.122693 , 0.123417 , 0.124409 , 0.125756 , 0.127568 , 0.129975 , 0.133121 , 0.137149 , 0.142163 , 0.148151 , 0.154851 , 0.161502 , 0.166418 , 0.166254 , 0.154783 , 0.120859 , 0 , 0 , 0 , 0 , 0 , 0 , 0 , 0 , 0 , 0 , 
1e+100 , 0.121021 , 0.12109 , 0.121187 , 0.121325 , 0.121518 , 0.12179 , 0.122168 , 0.122693 , 0.123417 , 0.124409 , 0.125756 , 0.127568 , 0.129975 , 0.133121 , 0.137149 , 0.142163 , 0.148151 , 0.154851 , 0.161502 , 0.166418 , 0.166254 , 0.154783 , 0.120859 , 0 , 0 , 0 , 0 , 0 , 0 , 0 , 0 , 0 , 
1e+100 , 0.120972 , 0.121021 , 0.12109 , 0.121187 , 0.121325 , 0.121518 , 0.12179 , 0.122168 , 0.122693 , 0.123417 , 0.124409 , 0.125756 , 0.127568 , 0.129975 , 0.133121 , 0.137149 , 0.142163 , 0.148151 , 0.154851 , 0.161502 , 0.166418 , 0.166254 , 0.154783 , 0.120859 , 0 , 0 , 0 , 0 , 0 , 0 , 0 , 0 , 
1e+100 , 0.120938 , 0.120972 , 0.121021 , 0.12109 , 0.121187 , 0.121325 , 0.121518 , 0.12179 , 0.122168 , 0.122693 , 0.123417 , 0.124409 , 0.125756 , 0.127568 , 0.129975 , 0.133121 , 0.137149 , 0.142163 , 0.148151 , 0.154851 , 0.161502 , 0.166418 , 0.166254 , 0.154783 , 0.120859 , 0 , 0 , 0 , 0 , 0 , 0 , 0 , 
1e+100 , 0.120914 , 0.120938 , 0.120972 , 0.121021 , 0.12109 , 0.121187 , 0.121325 , 0.121518 , 0.12179 , 0.122168 , 0.122693 , 0.123417 , 0.124409 , 0.125756 , 0.127568 , 0.129975 , 0.133121 , 0.137149 , 0.142163 , 0.148151 , 0.154851 , 0.161502 , 0.166418 , 0.166254 , 0.154783 , 0.120859 , 0 , 0 , 0 , 0 , 0 , 0 , 
1e+100 , 0.120898 , 0.120914 , 0.120938 , 0.120972 , 0.121021 , 0.12109 , 0.121187 , 0.121325 , 0.121518 , 0.12179 , 0.122168 , 0.122693 , 0.123417 , 0.124409 , 0.125756 , 0.127568 , 0.129975 , 0.133121 , 0.137149 , 0.142163 , 0.148151 , 0.154851 , 0.161502 , 0.166418 , 0.166254 , 0.154783 , 0.120859 , 0 , 0 , 0 , 0 , 0 , 
1e+100 , 0.120886 , 0.120898 , 0.120914 , 0.120938 , 0.120972 , 0.121021 , 0.12109 , 0.121187 , 0.121325 , 0.121518 , 0.12179 , 0.122168 , 0.122693 , 0.123417 , 0.124409 , 0.125756 , 0.127568 , 0.129975 , 0.133121 , 0.137149 , 0.142163 , 0.148151 , 0.154851 , 0.161502 , 0.166418 , 0.166254 , 0.154783 , 0.120859 , 0 , 0 , 0 , 0 , 
1e+100 , 0.120878 , 0.120886 , 0.120898 , 0.120914 , 0.120938 , 0.120972 , 0.121021 , 0.12109 , 0.121187 , 0.121325 , 0.121518 , 0.12179 , 0.122168 , 0.122693 , 0.123417 , 0.124409 , 0.125756 , 0.127568 , 0.129975 , 0.133121 , 0.137149 , 0.142163 , 0.148151 , 0.154851 , 0.161502 , 0.166418 , 0.166254 , 0.154783 , 0.120859 , 0 , 0 , 0 , 
1e+100 , 0.120872 , 0.120878 , 0.120886 , 0.120898 , 0.120914 , 0.120938 , 0.120972 , 0.121021 , 0.12109 , 0.121187 , 0.121325 , 0.121518 , 0.12179 , 0.122168 , 0.122693 , 0.123417 , 0.124409 , 0.125756 , 0.127568 , 0.129975 , 0.133121 , 0.137149 , 0.142163 , 0.148151 , 0.154851 , 0.161502 , 0.166418 , 0.166254 , 0.154783 , 0.120859 , 0 , 0 , 
1e+100 , 0.120868 , 0.120872 , 0.120878 , 0.120886 , 0.120898 , 0.120914 , 0.120938 , 0.120972 , 0.121021 , 0.12109 , 0.121187 , 0.121325 , 0.121518 , 0.12179 , 0.122168 , 0.122693 , 0.123417 , 0.124409 , 0.125756 , 0.127568 , 0.129975 , 0.133121 , 0.137149 , 0.142163 , 0.148151 , 0.154851 , 0.161502 , 0.166418 , 0.166254 , 0.154783 , 0.120859 , 0 , 
1e+100 , 0.120866 , 0.120868 , 0.120872 , 0.120878 , 0.120886 , 0.120898 , 0.120914 , 0.120938 , 0.120972 , 0.121021 , 0.12109 , 0.121187 , 0.121325 , 0.121518 , 0.12179 , 0.122168 , 0.122693 , 0.123417 , 0.124409 , 0.125756 , 0.127568 , 0.129975 , 0.133121 , 0.137149 , 0.142163 , 0.148151 , 0.154851 , 0.161502 , 0.166418 , 0.166254 , 0.154783 , 0.120859 , 

h*g ,
1e+200 , 0 , 0 , 0 , 0 , 0 , 0 , 0 , 0 , 0 , 0 , 0 , 0 , 0 , 0 , 0 , 0 , 0 , 0 , 0 , 0 , 0 , 0 , 0 , 0 , 0 , 0 , 0 , 0 , 0 , 0 , 0 , 0 , 
1e+200 , 0.126204 , 0 , 0 , 0 , 0 , 0 , 0 , 0 , 0 , 0 , 0 , 0 , 0 , 0 , 0 , 0 , 0 , 0 , 0 , 0 , 0 , 0 , 0 , 0 , 0 , 0 , 0 , 0 , 0 , 0 , 0 , 0 , 
1e+200 , 0.161627 , 0.126204 , 0 , 0 , 0 , 0 , 0 , 0 , 0 , 0 , 0 , 0 , 0 , 0 , 0 , 0 , 0 , 0 , 0 , 0 , 0 , 0 , 0 , 0 , 0 , 0 , 0 , 0 , 0 , 0 , 0 , 0 , 
1e+200 , 0.173606 , 0.161627 , 0.126204 , 0 , 0 , 0 , 0 , 0 , 0 , 0 , 0 , 0 , 0 , 0 , 0 , 0 , 0 , 0 , 0 , 0 , 0 , 0 , 0 , 0 , 0 , 0 , 0 , 0 , 0 , 0 , 0 , 0 , 
1e+200 , 0.171685 , 0.171516 , 0.144383 , 0.112739 , 0 , 0 , 0 , 0 , 0 , 0 , 0 , 0 , 0 , 0 , 0 , 0 , 0 , 0 , 0 , 0 , 0 , 0 , 0 , 0 , 0 , 0 , 0 , 0 , 0 , 0 , 0 , 0 , 
1e+200 , 0.164583 , 0.169593 , 0.152993 , 0.127138 , 0.0992735 , 0 , 0 , 0 , 0 , 0 , 0 , 0 , 0 , 0 , 0 , 0 , 0 , 0 , 0 , 0 , 0 , 0 , 0 , 0 , 0 , 0 , 0 , 0 , 0 , 0 , 0 , 0 , 
1e+200 , 0.158145 , 0.164938 , 0.154795 , 0.139494 , 0.138505 , 0.108149 , 0 , 0 , 0 , 0 , 0 , 0 , 0 , 0 , 0 , 0 , 0 , 0 , 0 , 0 , 0 , 0 , 0 , 0 , 0 , 0 , 0 , 0 , 0 , 0 , 0 , 0 , 
1e+200 , 0.151627 , 0.158485 , 0.151825 , 0.142568 , 0.151703 , 0.149871 , 0.117024 , 0 , 0 , 0 , 0 , 0 , 0 , 0 , 0 , 0 , 0 , 0 , 0 , 0 , 0 , 0 , 0 , 0 , 0 , 0 , 0 , 0 , 0 , 0 , 0 , 0 , 
1e+200 , 0.147396 , 0.153605 , 0.147969 , 0.141202 , 0.152925 , 0.160192 , 0.134327 , 0.104886 , 0 , 0 , 0 , 0 , 0 , 0 , 0 , 0 , 0 , 0 , 0 , 0 , 0 , 0 , 0 , 0 , 0 , 0 , 0 , 0 , 0 , 0 , 0 , 0 , 
1e+200 , 0.144029 , 0.149294 , 0.14386 , 0.138114 , 0.149448 , 0.159563 , 0.143496 , 0.118782 , 0.0927489 , 0 , 0 , 0 , 0 , 0 , 0 , 0 , 0 , 0 , 0 , 0 , 0 , 0 , 0 , 0 , 0 , 0 , 0 , 0 , 0 , 0 , 0 , 0 , 
1e+200 , 0.142137 , 0.146439 , 0.140566 , 0.134789 , 0.14441 , 0.154289 , 0.144581 , 0.130048 , 0.12466 , 0.0973382 , 0 , 0 , 0 , 0 , 0 , 0 , 0 , 0 , 0 , 0 , 0 , 0 , 0 , 0 , 0 , 0 , 0 , 0 , 0 , 0 , 0 , 0 , 
1e+200 , 0.141062 , 0.144477 , 0.138041 , 0.131885 , 0.139229 , 0.147396 , 0.141225 , 0.132641 , 0.136361 , 0.130537 , 0.101927 , 0 , 0 , 0 , 0 , 0 , 0 , 0 , 0 , 0 , 0 , 0 , 0 , 0 , 0 , 0 , 0 , 0 , 0 , 0 , 0 , 0 , 
1e+200 , 0.140385 , 0.143033 , 0.1361 , 0.129508 , 0.13461 , 0.140663 , 0.136364 , 0.131104 , 0.137869 , 0.140504 , 0.12233 , 0.095519 , 0 , 0 , 0 , 0 , 0 , 0 , 0 , 0 , 0 , 0 , 0 , 0 , 0 , 0 , 0 , 0 , 0 , 0 , 0 , 0 , 
1e+200 , 0.140298 , 0.14232 , 0.134946 , 0.127911 , 0.130835 , 0.134636 , 0.131378 , 0.127987 , 0.135129 , 0.140936 , 0.131689 , 0.114123 , 0.0891106 , 0 , 0 , 0 , 0 , 0 , 0 , 0 , 0 , 0 , 0 , 0 , 0 , 0 , 0 , 0 , 0 , 0 , 0 , 0 , 
1e+200 , 0.140121 , 0.141638 , 0.134068 , 0.126806 , 0.127893 , 0.129721 , 0.12705 , 0.124677 , 0.130898 , 0.137129 , 0.132943 , 0.124461 , 0.115063 , 0.0898449 , 0 , 0 , 0 , 0 , 0 , 0 , 0 , 0 , 0 , 0 , 0 , 0 , 0 , 0 , 0 , 0 , 0 , 0 , 
1e+200 , 0.140318 , 0.141446 , 0.133762 , 0.12634 , 0.125751 , 0.12575 , 0.123518 , 0.121775 , 0.126512 , 0.131823 , 0.130107 , 0.126465 , 0.125471 , 0.116004 , 0.0905792 , 0 , 0 , 0 , 0 , 0 , 0 , 0 , 0 , 0 , 0 , 0 , 0 , 0 , 0 , 0 , 0 , 0 , 
1e+200 , 0.140403 , 0.141232 , 0.133647 , 0.12628 , 0.124336 , 0.122847 , 0.120988 , 0.119671 , 0.122768 , 0.126608 , 0.125908 , 0.124614 , 0.126337 , 0.124144 , 0.116013 , 0.0905862 , 0 , 0 , 0 , 0 , 0 , 0 , 0 , 0 , 0 , 0 , 0 , 0 , 0 , 0 , 0 , 0 , 
1e+200 , 0.140707 , 0.141311 , 0.133889 , 0.126643 , 0.123471 , 0.12064 , 0.119201 , 0.118282 , 0.11976 , 0.121959 , 0.121569 , 0.121289 , 0.123325 , 0.123809 , 0.124154 , 0.116022 , 0.0905933 , 0 , 0 , 0 , 0 , 0 , 0 , 0 , 0 , 0 , 0 , 0 , 0 , 0 , 0 , 0 , 
1e+200 , 0.141128 , 0.141567 , 0.134427 , 0.127426 , 0.123253 , 0.119334 , 0.11834 , 0.117809 , 0.117782 , 0.118381 , 0.117937 , 0.117931 , 0.119051 , 0.119769 , 0.123528 , 0.12352 , 0.114697 , 0.0895586 , 0 , 0 , 0 , 0 , 0 , 0 , 0 , 0 , 0 , 0 , 0 , 0 , 0 , 0 , 
1e+200 , 0.14167 , 0.141986 , 0.135169 , 0.128461 , 0.123366 , 0.118458 , 0.117986 , 0.117907 , 0.116503 , 0.115606 , 0.115014 , 0.114979 , 0.114669 , 0.114469 , 0.119153 , 0.12254 , 0.122096 , 0.113371 , 0.0885239 , 0 , 0 , 0 , 0 , 0 , 0 , 0 , 0 , 0 , 0 , 0 , 0 , 0 , 
1e+200 , 0.142507 , 0.142734 , 0.136282 , 0.129913 , 0.124034 , 0.118291 , 0.118369 , 0.118769 , 0.116113 , 0.113854 , 0.113083 , 0.112872 , 0.110922 , 0.109261 , 0.113607 , 0.117865 , 0.119802 , 0.118034 , 0.106506 , 0.083163 , 0 , 0 , 0 , 0 , 0 , 0 , 0 , 0 , 0 , 0 , 0 , 0 , 
1e+200 , 0.143406 , 0.143569 , 0.137506 , 0.131506 , 0.124889 , 0.118369 , 0.119058 , 0.120006 , 0.116206 , 0.112708 , 0.111824 , 0.111448 , 0.107866 , 0.104601 , 0.10808 , 0.112 , 0.113919 , 0.114408 , 0.11066 , 0.0996401 , 0.0778021 , 0 , 0 , 0 , 0 , 0 , 0 , 0 , 0 , 0 , 0 , 0 , 
1e+200 , 0.144622 , 0.144739 , 0.139068 , 0.133446 , 0.126165 , 0.118955 , 0.120272 , 0.121793 , 0.116937 , 0.112305 , 0.111356 , 0.110841 , 0.105671 , 0.100778 , 0.103193 , 0.106217 , 0.106999 , 0.107399 , 0.106977 , 0.103183 , 0.109246 , 0.0853023 , 0 , 0 , 0 , 0 , 0 , 0 , 0 , 0 , 0 , 0 , 
1e+200 , 0.145871 , 0.145954 , 0.14069 , 0.135463 , 0.127544 , 0.119675 , 0.121662 , 0.123807 , 0.117964 , 0.112286 , 0.111354 , 0.110778 , 0.104124 , 0.0976877 , 0.0990531 , 0.101025 , 0.100236 , 0.0994971 , 0.100137 , 0.0994396 , 0.1135 , 0.118851 , 0.0928025 , 0 , 0 , 0 , 0 , 0 , 0 , 0 , 0 , 0 , 
1e+200 , 0.147332 , 0.147391 , 0.142535 , 0.137705 , 0.129188 , 0.120706 , 0.123373 , 0.126162 , 0.119387 , 0.11273 , 0.111865 , 0.111287 , 0.103225 , 0.0953243 , 0.0957072 , 0.0966206 , 0.0941505 , 0.0918612 , 0.0924786 , 0.092762 , 0.109131 , 0.122556 , 0.102955 , 0.0803903 , 0 , 0 , 0 , 0 , 0 , 0 , 0 , 0 , 
1e+200 , 0.14881 , 0.148852 , 0.14441 , 0.139988 , 0.130886 , 0.121809 , 0.125182 , 0.128647 , 0.120981 , 0.113401 , 0.112665 , 0.112154 , 0.102773 , 0.0935055 , 0.093019 , 0.0929655 , 0.0888675 , 0.0849522 , 0.0850963 , 0.0853554 , 0.101559 , 0.117569 , 0.105482 , 0.0870587 , 0.0679781 , 0 , 0 , 0 , 0 , 0 , 0 , 0 , 
1e+200 , 0.150376 , 0.150406 , 0.146385 , 0.142378 , 0.132712 , 0.123064 , 0.127151 , 0.131307 , 0.122782 , 0.114317 , 0.11375 , 0.113357 , 0.102717 , 0.0921542 , 0.0908962 , 0.0899763 , 0.0843497 , 0.0788615 , 0.0783983 , 0.0782134 , 0.0931939 , 0.109132 , 0.105685 , 0.0988181 , 0.0945783 , 0.0738497 , 0 , 0 , 0 , 0 , 0 , 0 , 
1e+200 , 0.151951 , 0.151972 , 0.148375 , 0.14479 , 0.134567 , 0.124358 , 0.129173 , 0.13404 , 0.124678 , 0.115359 , 0.115001 , 0.114776 , 0.102936 , 0.0911439 , 0.0892103 , 0.0875329 , 0.0804939 , 0.0735415 , 0.0724897 , 0.0717427 , 0.0851604 , 0.0998777 , 0.102659 , 0.104228 , 0.106895 , 0.102098 , 0.0797213 , 0 , 0 , 0 , 0 , 0 , 
1e+200 , 0.153534 , 0.153549 , 0.150386 , 0.147231 , 0.136463 , 0.125704 , 0.131255 , 0.136845 , 0.126664 , 0.116513 , 0.116392 , 0.116371 , 0.103368 , 0.0903966 , 0.0878619 , 0.0855169 , 0.0771663 , 0.0688585 , 0.0672947 , 0.0660028 , 0.0778635 , 0.0909891 , 0.0985142 , 0.106302 , 0.103878 , 0.0981209 , 0.0982328 , 0.0767032 , 0 , 0 , 0 , 0 , 
1e+200 , 0.155122 , 0.155132 , 0.152404 , 0.149683 , 0.138373 , 0.12707 , 0.133365 , 0.139688 , 0.128702 , 0.117736 , 0.117875 , 0.118089 , 0.103959 , 0.0898458 , 0.0867719 , 0.0838362 , 0.0742592 , 0.0646932 , 0.062711 , 0.0609487 , 0.0713987 , 0.082929 , 0.0943317 , 0.106865 , 0.0977791 , 0.0866624 , 0.0939692 , 0.0943675 , 0.0736851 , 0 , 0 , 0 , 
1e+200 , 0.156704 , 0.156712 , 0.154424 , 0.152141 , 0.140294 , 0.128452 , 0.135497 , 0.142562 , 0.130779 , 0.11901 , 0.119427 , 0.1199 , 0.104665 , 0.0894398 , 0.0858736 , 0.0824066 , 0.0716688 , 0.0609214 , 0.0586078 , 0.0564617 , 0.0656874 , 0.075772 , 0.0905936 , 0.106969 , 0.0908477 , 0.0728908 , 0.0785993 , 0.0820082 , 0.113589 , 0.0886938 , 0 , 0 , 
1e+200 , 0.158289 , 0.158295 , 0.156448 , 0.154605 , 0.142223 , 0.129844 , 0.137643 , 0.145457 , 0.132884 , 0.120321 , 0.12103 , 0.121779 , 0.105458 , 0.0891412 , 0.0851186 , 0.0811665 , 0.069317 , 0.0574464 , 0.054875 , 0.0524261 , 0.0606062 , 0.0694384 , 0.0874708 , 0.107182 , 0.0841383 , 0.0591389 , 0.0612718 , 0.062717 , 0.102654 , 0.132811 , 0.103703 , 0 , 
1e+200 , 0.158286 , 0.158289 , 0.156441 , 0.154595 , 0.14221 , 0.129826 , 0.137616 , 0.145416 , 0.132831 , 0.120253 , 0.120932 , 0.121641 , 0.10529 , 0.0889427 , 0.0848551 , 0.0808192 , 0.0689103 , 0.0569884 , 0.054287 , 0.0516814 , 0.059484 , 0.0677973 , 0.0849016 , 0.103402 , 0.0807375 , 0.0565801 , 0.0587483 , 0.0608644 , 0.102756 , 0.142653 , 0.132811 , 0.103703 , 

shifts ,
0 , 0 , 0 , 0 , 0 , 0 , 0 , 0 , 0 , 0 , 0 , 0 , 0 , 0 , 0 , 0 , 0 , 0 , 0 , 0 , 0 , 0 , 0 , 0 , 0 , 0 , 0 , 0 , 0 , 0 , 0 , 0 , 0 , 
0 , 0 , 0 , 0 , 0 , 0 , 0 , 0 , 0 , 0 , 0 , 0 , 0 , 0 , 0 , 0 , 0 , 0 , 0 , 0 , 0 , 0 , 0 , 0 , 0 , 0 , 0 , 0 , 0 , 0 , 0 , 0 , 0 , 
0 , 0 , 0 , 0 , 0 , 0 , 0 , 0 , 0 , 0 , 0 , 0 , 0 , 0 , 0 , 0 , 0 , 0 , 0 , 0 , 0 , 0 , 0 , 0 , 0 , 0 , 0 , 0 , 0 , 0 , 0 , 0 , 0 , 
0 , 0 , 0 , 0 , 0 , 0 , 0 , 0 , 0 , 0 , 0 , 0 , 0 , 0 , 0 , 0 , 0 , 0 , 0 , 0 , 0 , 0 , 0 , 0 , 0 , 0 , 0 , 0 , 0 , 0 , 0 , 0 , 0 , 
0 , 0 , 0 , 0 , 0 , 0 , 0 , 0 , 0 , 0 , 0 , 0 , 0 , 0 , 0 , 0 , 0 , 0 , 0 , 0 , 0 , 0 , 0 , 0 , 0 , 0 , 0 , 0 , 0 , 0 , 0 , 0 , 0 , 
0 , 0 , 0 , 0 , 0 , 0 , 0 , 0 , 0 , 0 , 0 , 0 , 0 , 0 , 0 , 0 , 0 , 0 , 0 , 0 , 0 , 0 , 0 , 0 , 0 , 0 , 0 , 0 , 0 , 0 , 0 , 0 , 0 , 
0 , 0 , 0 , 0 , 0 , 0 , 0 , 0 , 0 , 0 , 0 , 0 , 0 , 0 , 0 , 0 , 0 , 0 , 0 , 0 , 0 , 0 , 0 , 0 , 0 , 0 , 0 , 0 , 0 , 0 , 0 , 0 , 0 , 
0 , 0 , 0 , 0 , 0 , 0 , 0 , 0 , 0 , 0 , 0 , 0 , 0 , 0 , 0 , 0 , 0 , 0 , 0 , 0 , 0 , 0 , 0 , 0 , 0 , 0 , 0 , 0 , 0 , 0 , 0 , 0 , 0 , 
0 , 0 , 0 , 0 , 0 , 0 , 0 , 0 , 0 , 0 , 0 , 0 , 0 , 0 , 0 , 0 , 0 , 0 , 0 , 0 , 0 , 0 , 0 , 0 , 0 , 0 , 0 , 0 , 0 , 0 , 0 , 0 , 0 , 
0 , 0 , 0 , 0 , 0 , 0 , 0 , 0 , 0 , 0 , 0 , 0 , 0 , 0 , 0 , 0 , 0 , 0 , 0 , 0 , 0 , 0 , 0 , 0 , 0 , 0 , 0 , 0 , 0 , 0 , 0 , 0 , 0 , 
0 , 0 , 0 , 0 , 0 , 0 , 0 , 0 , 0 , 0 , 0 , 0 , 0 , 0 , 0 , 0 , 0 , 0 , 0 , 0 , 0 , 0 , 0 , 0 , 0 , 0 , 0 , 0 , 0 , 0 , 0 , 0 , 0 , 
0 , 0 , 0 , 0 , 0 , 0 , 0 , 0 , 0 , 0 , 0 , 0 , 0 , 0 , 0 , 0 , 0 , 0 , 0 , 0 , 0 , 0 , 0 , 0 , 0 , 0 , 0 , 0 , 0 , 0 , 0 , 0 , 0 , 
0 , 0 , 0 , 0 , 0 , 0 , 0 , 0 , 0 , 0 , 0 , 0 , 0 , 0 , 0 , 0 , 0 , 0 , 0 , 0 , 0 , 0 , 0 , 0 , 0 , 0 , 0 , 0 , 0 , 0 , 0 , 0 , 0 , 
0 , 0 , 0 , 0 , 0 , 0 , 0 , 0 , 0 , 0 , 0 , 0 , 0 , 0 , 0 , 0 , 0 , 0 , 0 , 0 , 0 , 0 , 0 , 0 , 0 , 0 , 0 , 0 , 0 , 0 , 0 , 0 , 0 , 
0 , 0 , 0 , 0 , 0 , 0 , 0 , 0 , 0 , 0 , 0 , 0 , 0 , 0 , 0 , 0 , 0 , 0 , 0 , 0 , 0 , 0 , 0 , 0 , 0 , 0 , 0 , 0 , 0 , 0 , 0 , 0 , 0 , 
0 , 0 , 0 , 0 , 0 , 0 , 0 , 0 , 0 , 0 , 0 , 0 , 0 , 0 , 0 , 0 , 0 , 0 , 0 , 0 , 0 , 0 , 0 , 0 , 0 , 0 , 0 , 0 , 0 , 0 , 0 , 0 , 0 , 
0 , 0 , 0 , 0 , 0 , 0 , 0 , 0 , 0 , 0 , 0 , 0 , 0 , 0 , 0 , 0 , 0 , 0 , 0 , 0 , 0 , 0 , 0 , 0 , 0 , 0 , 0 , 0 , 0 , 0 , 0 , 0 , 0 , 
0 , 0 , 0 , 0 , 0 , 0 , 0 , 0 , 0 , 0 , 0 , 0 , 0 , 0 , 0 , 0 , 0 , 0 , 0 , 0 , 0 , 0 , 0 , 0 , 0 , 0 , 0 , 0 , 0 , 0 , 0 , 0 , 0 , 
0 , 0 , 0 , 0 , 0 , 0 , 0 , 0 , 0 , 0 , 0 , 0 , 0 , 0 , 0 , 0 , 0 , 0 , 0 , 0 , 0 , 0 , 0 , 0 , 0 , 0 , 0 , 0 , 0 , 0 , 0 , 0 , 0 , 
0 , 0 , 0 , 0 , 0 , 0 , 0 , 0 , 0 , 0 , 0 , 0 , 0 , 0 , 0 , 0 , 0 , 0 , 0 , 0 , 0 , 0 , 0 , 0 , 0 , 0 , 0 , 0 , 0 , 0 , 0 , 0 , 0 , 
0 , 0 , 0 , 0 , 0 , 0 , 0 , 0 , 0 , 0 , 0 , 0 , 0 , 0 , 0 , 0 , 0 , 0 , 0 , 0 , 0 , 0 , 0 , 0 , 0 , 0 , 0 , 0 , 0 , 0 , 0 , 0 , 0 , 
0 , 0 , 0 , 0 , 0 , 0 , 0 , 0 , 0 , 0 , 0 , 0 , 0 , 0 , 0 , 0 , 0 , 0 , 0 , 0 , 0 , 0 , 0 , 0 , 0 , 0 , 0 , 0 , 0 , 0 , 0 , 0 , 0 , 
0 , 0 , 0 , 0 , 0 , 0 , 0 , 0 , 0 , 0 , 0 , 0 , 0 , 0 , 0 , 0 , 0 , 0 , 0 , 0 , 0 , 0 , 0 , 0 , 0 , 0 , 0 , 0 , 0 , 0 , 0 , 0 , 0 , 
0 , 0 , 0 , 0 , 0 , 0 , 0 , 0 , 0 , 0 , 0 , 0 , 0 , 0 , 0 , 0 , 0 , 0 , 0 , 0 , 0 , 0 , 0 , 0 , 0 , 0 , 0 , 0 , 0 , 0 , 0 , 0 , 0 , 
0 , 0 , 0 , 0 , 0 , 0 , 0 , 0 , 0 , 0 , 0 , 0 , 0 , 0 , 0 , 0 , 0 , 0 , 0 , 0 , 0 , 0 , 0 , 0 , 0 , 0 , 0 , 0 , 0 , 0 , 0 , 0 , 0 , 
0 , 0 , 0 , 0 , 0 , 0 , 0 , 0 , 0 , 0 , 0 , 0 , 0 , 0 , 0 , 0 , 0 , 0 , 0 , 0 , 0 , 0 , 0 , 0 , 0 , 0 , 0 , 0 , 0 , 0 , 0 , 0 , 0 , 
0 , 0 , 0 , 0 , 0 , 0 , 0 , 0 , 0 , 0 , 0 , 0 , 0 , 0 , 0 , 0 , 0 , 0 , 0 , 0 , 0 , 0 , 0 , 0 , 0 , 0 , 0 , 0 , 0 , 0 , 0 , 0 , 0 , 
0 , 0 , 0 , 0 , 0 , 0 , 0 , 0 , 0 , 0 , 0 , 0 , 0 , 0 , 0 , 0 , 0 , 0 , 0 , 0 , 0 , 0 , 0 , 0 , 0 , 0 , 0 , 0 , 0 , 0 , 0 , 0 , 0 , 
0 , 0 , 0 , 0 , 0 , 0 , 0 , 0 , 0 , 0 , 0 , 0 , 0 , 0 , 0 , 0 , 0 , 0 , 0 , 0 , 0 , 0 , 0 , 0 , 0 , 0 , 0 , 0 , 0 , 0 , 0 , 0 , 0 , 
0 , 0 , 0 , 0 , 0 , 0 , 0 , 0 , 0 , 0 , 0 , 0 , 0 , 0 , 0 , 0 , 0 , 0 , 0 , 0 , 0 , 0 , 0 , 0 , 0 , 0 , 0 , 0 , 0 , 0 , 0 , 0 , 0 , 
0 , 0 , 0 , 0 , 0 , 0 , 0 , 0 , 0 , 0 , 0 , 0 , 0 , 0 , 0 , 0 , 0 , 0 , 0 , 0 , 0 , 0 , 0 , 0 , 0 , 0 , 0 , 0 , 0 , 0 , 0 , 0 , 0 , 
0 , 0 , 0 , 0 , 0 , 0 , 0 , 0 , 0 , 0 , 0 , 0 , 0 , 0 , 0 , 0 , 0 , 0 , 0 , 0 , 0 , 0 , 0 , 0 , 0 , 0 , 0 , 0 , 0 , 0 , 0 , 0 , 0 , 
0 , 0 , 0 , 0 , 0 , 0 , 0 , 0 , 0 , 0 , 0 , 0 , 0 , 0 , 0 , 0 , 0 , 0 , 0 , 0 , 0 , 0 , 0 , 0 , 0 , 0 , 0 , 0 , 0 , 0 , 0 , 0 , 0 , 

