g ,
1e+100 , 0 , 0 , 0 , 0 , 0 , 0 , 0 , 0 , 0 , 0 , 0 , 0 , 0 , 0 , 0 , 0 , 0 , 0 , 0 , 0 , 0 , 0 , 0 , 0 , 0 , 0 , 0 , 0 , 0 , 0 , 0 , 0 , 
1e+100 , 1.0225 , 0 , 0 , 0 , 0 , 0 , 0 , 0 , 0 , 0 , 0 , 0 , 0 , 0 , 0 , 0 , 0 , 0 , 0 , 0 , 0 , 0 , 0 , 0 , 0 , 0 , 0 , 0 , 0 , 0 , 0 , 0 , 
1e+100 , 1.0225 , 1.0225 , 0 , 0 , 0 , 0 , 0 , 0 , 0 , 0 , 0 , 0 , 0 , 0 , 0 , 0 , 0 , 0 , 0 , 0 , 0 , 0 , 0 , 0 , 0 , 0 , 0 , 0 , 0 , 0 , 0 , 0 , 
1e+100 , 1.0225 , 1.0225 , 1.0225 , 0 , 0 , 0 , 0 , 0 , 0 , 0 , 0 , 0 , 0 , 0 , 0 , 0 , 0 , 0 , 0 , 0 , 0 , 0 , 0 , 0 , 0 , 0 , 0 , 0 , 0 , 0 , 0 , 0 , 
1e+100 , 1.02929 , 1.02929 , 0.920662 , 0.920662 , 0 , 0 , 0 , 0 , 0 , 0 , 0 , 0 , 0 , 0 , 0 , 0 , 0 , 0 , 0 , 0 , 0 , 0 , 0 , 0 , 0 , 0 , 0 , 0 , 0 , 0 , 0 , 0 , 
1e+100 , 1.03608 , 1.03608 , 0.927452 , 0.818823 , 0.818823 , 0 , 0 , 0 , 0 , 0 , 0 , 0 , 0 , 0 , 0 , 0 , 0 , 0 , 0 , 0 , 0 , 0 , 0 , 0 , 0 , 0 , 0 , 0 , 0 , 0 , 0 , 0 , 
1e+100 , 1.0434 , 1.0434 , 0.939726 , 0.836054 , 0.862889 , 0.862889 , 0 , 0 , 0 , 0 , 0 , 0 , 0 , 0 , 0 , 0 , 0 , 0 , 0 , 0 , 0 , 0 , 0 , 0 , 0 , 0 , 0 , 0 , 0 , 0 , 0 , 0 , 
1e+100 , 1.05072 , 1.05072 , 0.952001 , 0.853286 , 0.88012 , 0.906955 , 0.906955 , 0 , 0 , 0 , 0 , 0 , 0 , 0 , 0 , 0 , 0 , 0 , 0 , 0 , 0 , 0 , 0 , 0 , 0 , 0 , 0 , 0 , 0 , 0 , 0 , 0 , 
1e+100 , 1.05864 , 1.05864 , 0.964556 , 0.870476 , 0.892547 , 0.914619 , 0.860227 , 0.860227 , 0 , 0 , 0 , 0 , 0 , 0 , 0 , 0 , 0 , 0 , 0 , 0 , 0 , 0 , 0 , 0 , 0 , 0 , 0 , 0 , 0 , 0 , 0 , 0 , 
1e+100 , 1.06655 , 1.06655 , 0.97711 , 0.887666 , 0.904975 , 0.922283 , 0.867892 , 0.8135 , 0.8135 , 0 , 0 , 0 , 0 , 0 , 0 , 0 , 0 , 0 , 0 , 0 , 0 , 0 , 0 , 0 , 0 , 0 , 0 , 0 , 0 , 0 , 0 , 0 , 
1e+100 , 1.07497 , 1.07497 , 0.989877 , 0.904781 , 0.917382 , 0.929983 , 0.877023 , 0.824064 , 0.804863 , 0.804863 , 0 , 0 , 0 , 0 , 0 , 0 , 0 , 0 , 0 , 0 , 0 , 0 , 0 , 0 , 0 , 0 , 0 , 0 , 0 , 0 , 0 , 0 , 
1e+100 , 1.08339 , 1.08339 , 1.00264 , 0.921897 , 0.92979 , 0.937683 , 0.886155 , 0.834627 , 0.815426 , 0.796225 , 0.796225 , 0 , 0 , 0 , 0 , 0 , 0 , 0 , 0 , 0 , 0 , 0 , 0 , 0 , 0 , 0 , 0 , 0 , 0 , 0 , 0 , 0 , 
1e+100 , 1.09215 , 1.09215 , 1.01552 , 0.938892 , 0.942169 , 0.945445 , 0.89532 , 0.845195 , 0.825221 , 0.805246 , 0.776434 , 0.776434 , 0 , 0 , 0 , 0 , 0 , 0 , 0 , 0 , 0 , 0 , 0 , 0 , 0 , 0 , 0 , 0 , 0 , 0 , 0 , 0 , 
1e+100 , 1.10092 , 1.10092 , 1.0284 , 0.955888 , 0.954548 , 0.953208 , 0.904485 , 0.855763 , 0.835015 , 0.814267 , 0.785455 , 0.756643 , 0.756643 , 0 , 0 , 0 , 0 , 0 , 0 , 0 , 0 , 0 , 0 , 0 , 0 , 0 , 0 , 0 , 0 , 0 , 0 , 0 , 
1e+100 , 1.10993 , 1.10993 , 1.04134 , 0.972752 , 0.966907 , 0.961062 , 0.913704 , 0.866347 , 0.844823 , 0.823299 , 0.794032 , 0.764764 , 0.741291 , 0.741291 , 0 , 0 , 0 , 0 , 0 , 0 , 0 , 0 , 0 , 0 , 0 , 0 , 0 , 0 , 0 , 0 , 0 , 0 , 
1e+100 , 1.11894 , 1.11894 , 1.05428 , 0.989617 , 0.979267 , 0.968917 , 0.922924 , 0.876931 , 0.854631 , 0.832331 , 0.802608 , 0.772885 , 0.749412 , 0.725939 , 0.725939 , 0 , 0 , 0 , 0 , 0 , 0 , 0 , 0 , 0 , 0 , 0 , 0 , 0 , 0 , 0 , 0 , 0 , 
1e+100 , 1.12815 , 1.12815 , 1.06727 , 1.00638 , 0.991637 , 0.976897 , 0.932225 , 0.887552 , 0.864473 , 0.841394 , 0.811205 , 0.781016 , 0.756174 , 0.731331 , 0.719937 , 0.719937 , 0 , 0 , 0 , 0 , 0 , 0 , 0 , 0 , 0 , 0 , 0 , 0 , 0 , 0 , 0 , 0 , 
1e+100 , 1.13737 , 1.13737 , 1.08025 , 1.02314 , 1.00401 , 0.984877 , 0.941526 , 0.898174 , 0.874315 , 0.850456 , 0.819802 , 0.789147 , 0.762935 , 0.736723 , 0.72533 , 0.713936 , 0.713936 , 0 , 0 , 0 , 0 , 0 , 0 , 0 , 0 , 0 , 0 , 0 , 0 , 0 , 0 , 0 , 
1e+100 , 1.14677 , 1.14677 , 1.0933 , 1.03983 , 1.01642 , 0.993006 , 0.950928 , 0.908851 , 0.884209 , 0.859567 , 0.828433 , 0.7973 , 0.76971 , 0.74212 , 0.728041 , 0.713962 , 0.693534 , 0.693534 , 0 , 0 , 0 , 0 , 0 , 0 , 0 , 0 , 0 , 0 , 0 , 0 , 0 , 0 , 
1e+100 , 1.15618 , 1.15618 , 1.10635 , 1.05653 , 1.02883 , 1.00114 , 0.960331 , 0.919527 , 0.894102 , 0.868677 , 0.837065 , 0.805453 , 0.776485 , 0.747517 , 0.730753 , 0.713988 , 0.69356 , 0.673132 , 0.673132 , 0 , 0 , 0 , 0 , 0 , 0 , 0 , 0 , 0 , 0 , 0 , 0 , 0 , 
1e+100 , 1.16575 , 1.16575 , 1.11947 , 1.07319 , 1.0413 , 1.00941 , 0.969838 , 0.930262 , 0.90405 , 0.877838 , 0.845735 , 0.813632 , 0.783277 , 0.752923 , 0.73347 , 0.714018 , 0.69235 , 0.670682 , 0.655358 , 0.655358 , 0 , 0 , 0 , 0 , 0 , 0 , 0 , 0 , 0 , 0 , 0 , 0 , 
1e+100 , 1.17532 , 1.17532 , 1.13259 , 1.08986 , 1.05377 , 1.01769 , 0.979344 , 0.940998 , 0.913999 , 0.887 , 0.854406 , 0.821812 , 0.79007 , 0.758328 , 0.736188 , 0.714048 , 0.69114 , 0.668233 , 0.652909 , 0.637584 , 0.637584 , 0 , 0 , 0 , 0 , 0 , 0 , 0 , 0 , 0 , 0 , 0 , 
1e+100 , 1.18502 , 1.18502 , 1.14576 , 1.10651 , 1.0663 , 1.0261 , 0.988941 , 0.951785 , 0.923997 , 0.896208 , 0.863114 , 0.83002 , 0.796884 , 0.763749 , 0.738919 , 0.714089 , 0.689938 , 0.665788 , 0.649868 , 0.633949 , 0.636719 , 0.636719 , 0 , 0 , 0 , 0 , 0 , 0 , 0 , 0 , 0 , 0 , 
1e+100 , 1.19472 , 1.19472 , 1.15894 , 1.12316 , 1.07883 , 1.0345 , 0.998537 , 0.962573 , 0.933995 , 0.905417 , 0.871822 , 0.838228 , 0.803699 , 0.76917 , 0.74165 , 0.71413 , 0.688736 , 0.663343 , 0.646828 , 0.630313 , 0.633084 , 0.635855 , 0.635855 , 0 , 0 , 0 , 0 , 0 , 0 , 0 , 0 , 0 , 
1e+100 , 1.20451 , 1.20451 , 1.17215 , 1.1398 , 1.0914 , 1.043 , 1.0082 , 0.973397 , 0.944028 , 0.914659 , 0.880559 , 0.846458 , 0.810532 , 0.774606 , 0.744395 , 0.714185 , 0.687545 , 0.660905 , 0.643792 , 0.626678 , 0.627611 , 0.628543 , 0.629295 , 0.629295 , 0 , 0 , 0 , 0 , 0 , 0 , 0 , 0 , 
1e+100 , 1.21429 , 1.21429 , 1.18537 , 1.15644 , 1.10397 , 1.0515 , 1.01786 , 0.984221 , 0.954061 , 0.923902 , 0.889295 , 0.854689 , 0.817365 , 0.780042 , 0.747141 , 0.71424 , 0.686354 , 0.658467 , 0.640755 , 0.623043 , 0.622137 , 0.621232 , 0.621984 , 0.622736 , 0.622736 , 0 , 0 , 0 , 0 , 0 , 0 , 0 , 
1e+100 , 1.22411 , 1.22411 , 1.1986 , 1.17308 , 1.11657 , 1.06006 , 1.02756 , 0.995064 , 0.964114 , 0.933165 , 0.898049 , 0.862933 , 0.824212 , 0.78549 , 0.749899 , 0.714308 , 0.685172 , 0.656036 , 0.637723 , 0.619409 , 0.616665 , 0.613921 , 0.614167 , 0.614413 , 0.616199 , 0.616199 , 0 , 0 , 0 , 0 , 0 , 0 , 
1e+100 , 1.23394 , 1.23394 , 1.21183 , 1.18971 , 1.12917 , 1.06862 , 1.03726 , 1.00591 , 0.974168 , 0.942427 , 0.906803 , 0.871178 , 0.831058 , 0.790938 , 0.752657 , 0.714377 , 0.683991 , 0.653605 , 0.63469 , 0.615775 , 0.611192 , 0.60661 , 0.60635 , 0.606091 , 0.607877 , 0.609663 , 0.609663 , 0 , 0 , 0 , 0 , 0 , 
1e+100 , 1.24377 , 1.24377 , 1.22506 , 1.20635 , 1.14178 , 1.07721 , 1.04698 , 1.01676 , 0.984229 , 0.951699 , 0.915565 , 0.879431 , 0.837912 , 0.796394 , 0.755424 , 0.714454 , 0.682817 , 0.65118 , 0.631661 , 0.612142 , 0.605721 , 0.5993 , 0.598534 , 0.597768 , 0.598934 , 0.6001 , 0.605466 , 0.605466 , 0 , 0 , 0 , 0 , 
1e+100 , 1.25361 , 1.25361 , 1.23829 , 1.22298 , 1.15438 , 1.08579 , 1.0567 , 1.02761 , 0.994291 , 0.96097 , 0.924327 , 0.887683 , 0.844766 , 0.801849 , 0.758191 , 0.714532 , 0.681644 , 0.648755 , 0.628632 , 0.608509 , 0.600249 , 0.591989 , 0.590717 , 0.589445 , 0.589991 , 0.590537 , 0.595903 , 0.60127 , 0.60127 , 0 , 0 , 0 , 
1e+100 , 1.26344 , 1.26344 , 1.25152 , 1.23961 , 1.167 , 1.09439 , 1.06643 , 1.03847 , 1.00436 , 0.970246 , 0.933093 , 0.895939 , 0.851625 , 0.80731 , 0.760963 , 0.714615 , 0.680475 , 0.646334 , 0.625606 , 0.604878 , 0.594779 , 0.58468 , 0.582902 , 0.581123 , 0.581049 , 0.580975 , 0.58557 , 0.590164 , 0.601766 , 0.601766 , 0 , 0 , 
1e+100 , 1.27328 , 1.27328 , 1.26476 , 1.25624 , 1.17961 , 1.10298 , 1.07615 , 1.04932 , 1.01442 , 0.979521 , 0.941858 , 0.904196 , 0.858483 , 0.812771 , 0.763735 , 0.714698 , 0.679306 , 0.643913 , 0.62258 , 0.601247 , 0.589309 , 0.577371 , 0.575086 , 0.572801 , 0.572107 , 0.571412 , 0.575236 , 0.579059 , 0.590661 , 0.602262 , 0.602262 , 0 , 
1e+100 , 1.27328 , 1.27328 , 1.26476 , 1.25624 , 1.17961 , 1.10298 , 1.07615 , 1.04932 , 1.01442 , 0.979521 , 0.941858 , 0.904196 , 0.858483 , 0.812771 , 0.763735 , 0.714698 , 0.679306 , 0.643913 , 0.62258 , 0.601247 , 0.589309 , 0.577371 , 0.575086 , 0.572801 , 0.572107 , 0.571412 , 0.575236 , 0.579059 , 0.590661 , 0.602262 , 0.602262 , 0.602262 , 

h ,
1e+100 , 0 , 0 , 0 , 0 , 0 , 0 , 0 , 0 , 0 , 0 , 0 , 0 , 0 , 0 , 0 , 0 , 0 , 0 , 0 , 0 , 0 , 0 , 0 , 0 , 0 , 0 , 0 , 0 , 0 , 0 , 0 , 0 , 
1e+100 , 0.120859 , 0 , 0 , 0 , 0 , 0 , 0 , 0 , 0 , 0 , 0 , 0 , 0 , 0 , 0 , 0 , 0 , 0 , 0 , 0 , 0 , 0 , 0 , 0 , 0 , 0 , 0 , 0 , 0 , 0 , 0 , 0 , 
1e+100 , 0.154783 , 0.120859 , 0 , 0 , 0 , 0 , 0 , 0 , 0 , 0 , 0 , 0 , 0 , 0 , 0 , 0 , 0 , 0 , 0 , 0 , 0 , 0 , 0 , 0 , 0 , 0 , 0 , 0 , 0 , 0 , 0 , 0 , 
1e+100 , 0.166254 , 0.154783 , 0.120859 , 0 , 0 , 0 , 0 , 0 , 0 , 0 , 0 , 0 , 0 , 0 , 0 , 0 , 0 , 0 , 0 , 0 , 0 , 0 , 0 , 0 , 0 , 0 , 0 , 0 , 0 , 0 , 0 , 0 , 
1e+100 , 0.166418 , 0.166254 , 0.154783 , 0.120859 , 0 , 0 , 0 , 0 , 0 , 0 , 0 , 0 , 0 , 0 , 0 , 0 , 0 , 0 , 0 , 0 , 0 , 0 , 0 , 0 , 0 , 0 , 0 , 0 , 0 , 0 , 0 , 0 , 
1e+100 , 0.161502 , 0.166418 , 0.166254 , 0.154783 , 0.120859 , 0 , 0 , 0 , 0 , 0 , 0 , 0 , 0 , 0 , 0 , 0 , 0 , 0 , 0 , 0 , 0 , 0 , 0 , 0 , 0 , 0 , 0 , 0 , 0 , 0 , 0 , 0 , 
1e+100 , 0.154851 , 0.161502 , 0.166418 , 0.166254 , 0.154783 , 0.120859 , 0 , 0 , 0 , 0 , 0 , 0 , 0 , 0 , 0 , 0 , 0 , 0 , 0 , 0 , 0 , 0 , 0 , 0 , 0 , 0 , 0 , 0 , 0 , 0 , 0 , 0 , 
1e+100 , 0.148151 , 0.154851 , 0.161502 , 0.166418 , 0.166254 , 0.154783 , 0.120859 , 0 , 0 , 0 , 0 , 0 , 0 , 0 , 0 , 0 , 0 , 0 , 0 , 0 , 0 , 0 , 0 , 0 , 0 , 0 , 0 , 0 , 0 , 0 , 0 , 0 , 
1e+100 , 0.142163 , 0.148151 , 0.154851 , 0.161502 , 0.166418 , 0.166254 , 0.154783 , 0.120859 , 0 , 0 , 0 , 0 , 0 , 0 , 0 , 0 , 0 , 0 , 0 , 0 , 0 , 0 , 0 , 0 , 0 , 0 , 0 , 0 , 0 , 0 , 0 , 0 , 
1e+100 , 0.137149 , 0.142163 , 0.148151 , 0.154851 , 0.161502 , 0.166418 , 0.166254 , 0.154783 , 0.120859 , 0 , 0 , 0 , 0 , 0 , 0 , 0 , 0 , 0 , 0 , 0 , 0 , 0 , 0 , 0 , 0 , 0 , 0 , 0 , 0 , 0 , 0 , 0 , 
1e+100 , 0.133121 , 0.137149 , 0.142163 , 0.148151 , 0.154851 , 0.161502 , 0.166418 , 0.166254 , 0.154783 , 0.120859 , 0 , 0 , 0 , 0 , 0 , 0 , 0 , 0 , 0 , 0 , 0 , 0 , 0 , 0 , 0 , 0 , 0 , 0 , 0 , 0 , 0 , 0 , 
1e+100 , 0.129975 , 0.133121 , 0.137149 , 0.142163 , 0.148151 , 0.154851 , 0.161502 , 0.166418 , 0.166254 , 0.154783 , 0.120859 , 0 , 0 , 0 , 0 , 0 , 0 , 0 , 0 , 0 , 0 , 0 , 0 , 0 , 0 , 0 , 0 , 0 , 0 , 0 , 0 , 0 , 
1e+100 , 0.127568 , 0.129975 , 0.133121 , 0.137149 , 0.142163 , 0.148151 , 0.154851 , 0.161502 , 0.166418 , 0.166254 , 0.154783 , 0.120859 , 0 , 0 , 0 , 0 , 0 , 0 , 0 , 0 , 0 , 0 , 0 , 0 , 0 , 0 , 0 , 0 , 0 , 0 , 0 , 0 , 
1e+100 , 0.125756 , 0.127568 , 0.129975 , 0.133121 , 0.137149 , 0.142163 , 0.148151 , 0.154851 , 0.161502 , 0.166418 , 0.166254 , 0.154783 , 0.120859 , 0 , 0 , 0 , 0 , 0 , 0 , 0 , 0 , 0 , 0 , 0 , 0 , 0 , 0 , 0 , 0 , 0 , 0 , 0 , 
1e+100 , 0.124409 , 0.125756 , 0.127568 , 0.129975 , 0.133121 , 0.137149 , 0.142163 , 0.148151 , 0.154851 , 0.161502 , 0.166418 , 0.166254 , 0.154783 , 0.120859 , 0 , 0 , 0 , 0 , 0 , 0 , 0 , 0 , 0 , 0 , 0 , 0 , 0 , 0 , 0 , 0 , 0 , 0 , 
1e+100 , 0.123417 , 0.124409 , 0.125756 , 0.127568 , 0.129975 , 0.133121 , 0.137149 , 0.142163 , 0.148151 , 0.154851 , 0.161502 , 0.166418 , 0.166254 , 0.154783 , 0.120859 , 0 , 0 , 0 , 0 , 0 , 0 , 0 , 0 , 0 , 0 , 0 , 0 , 0 , 0 , 0 , 0 , 0 , 
1e+100 , 0.122693 , 0.123417 , 0.124409 , 0.125756 , 0.127568 , 0.129975 , 0.133121 , 0.137149 , 0.142163 , 0.148151 , 0.154851 , 0.161502 , 0.166418 , 0.166254 , 0.154783 , 0.120859 , 0 , 0 , 0 , 0 , 0 , 0 , 0 , 0 , 0 , 0 , 0 , 0 , 0 , 0 , 0 , 0 , 
1e+100 , 0.122168 , 0.122693 , 0.123417 , 0.124409 , 0.125756 , 0.127568 , 0.129975 , 0.133121 , 0.137149 , 0.142163 , 0.148151 , 0.154851 , 0.161502 , 0.166418 , 0.166254 , 0.154783 , 0.120859 , 0 , 0 , 0 , 0 , 0 , 0 , 0 , 0 , 0 , 0 , 0 , 0 , 0 , 0 , 0 , 
1e+100 , 0.12179 , 0.122168 , 0.122693 , 0.123417 , 0.124409 , 0.125756 , 0.127568 , 0.129975 , 0.133121 , 0.137149 , 0.142163 , 0.148151 , 0.154851 , 0.161502 , 0.166418 , 0.166254 , 0.154783 , 0.120859 , 0 , 0 , 0 , 0 , 0 , 0 , 0 , 0 , 0 , 0 , 0 , 0 , 0 , 0 , 
1e+100 , 0.121518 , 0.12179 , 0.122168 , 0.122693 , 0.123417 , 0.124409 , 0.125756 , 0.127568 , 0.129975 , 0.133121 , 0.137149 , 0.142163 , 0.148151 , 0.154851 , 0.161502 , 0.166418 , 0.166254 , 0.154783 , 0.120859 , 0 , 0 , 0 , 0 , 0 , 0 , 0 , 0 , 0 , 0 , 0 , 0 , 0 , 
1e+100 , 0.121325 , 0.121518 , 0.12179 , 0.122168 , 0.122693 , 0.123417 , 0.124409 , 0.125756 , 0.127568 , 0.129975 , 0.133121 , 0.137149 , 0.142163 , 0.148151 , 0.154851 , 0.161502 , 0.166418 , 0.166254 , 0.154783 , 0.120859 , 0 , 0 , 0 , 0 , 0 , 0 , 0 , 0 , 0 , 0 , 0 , 0 , 
1e+100 , 0.121187 , 0.121325 , 0.121518 , 0.12179 , 0.122168 , 0.122693 , 0.123417 , 0.124409 , 0.125756 , 0.127568 , 0.129975 , 0.133121 , 0.137149 , 0.142163 , 0.148151 , 0.154851 , 0.161502 , 0.166418 , 0.166254 , 0.154783 , 0.120859 , 0 , 0 , 0 , 0 , 0 , 0 , 0 , 0 , 0 , 0 , 0 , 
1e+100 , 0.12109 , 0.121187 , 0.121325 , 0.121518 , 0.12179 , 0.122168 , 0.122693 , 0.123417 , 0.124409 , 0.125756 , 0.127568 , 0.129975 , 0.133121 , 0.137149 , 0.142163 , 0.148151 , 0.154851 , 0.161502 , 0.166418 , 0.166254 , 0.154783 , 0.120859 , 0 , 0 , 0 , 0 , 0 , 0 , 0 , 0 , 0 , 0 , 
1e+100 , 0.121021 , 0.12109 , 0.121187 , 0.121325 , 0.121518 , 0.12179 , 0.122168 , 0.122693 , 0.123417 , 0.124409 , 0.125756 , 0.127568 , 0.129975 , 0.133121 , 0.137149 , 0.142163 , 0.148151 , 0.154851 , 0.161502 , 0.166418 , 0.166254 , 0.154783 , 0.120859 , 0 , 0 , 0 , 0 , 0 , 0 , 0 , 0 , 0 , 
1e+100 , 0.120972 , 0.121021 , 0.12109 , 0.121187 , 0.121325 , 0.121518 , 0.12179 , 0.122168 , 0.122693 , 0.123417 , 0.124409 , 0.125756 , 0.127568 , 0.129975 , 0.133121 , 0.137149 , 0.142163 , 0.148151 , 0.154851 , 0.161502 , 0.166418 , 0.166254 , 0.154783 , 0.120859 , 0 , 0 , 0 , 0 , 0 , 0 , 0 , 0 , 
1e+100 , 0.120938 , 0.120972 , 0.121021 , 0.12109 , 0.121187 , 0.121325 , 0.121518 , 0.12179 , 0.122168 , 0.122693 , 0.123417 , 0.124409 , 0.125756 , 0.127568 , 0.129975 , 0.133121 , 0.137149 , 0.142163 , 0.148151 , 0.154851 , 0.161502 , 0.166418 , 0.166254 , 0.154783 , 0.120859 , 0 , 0 , 0 , 0 , 0 , 0 , 0 , 
1e+100 , 0.120914 , 0.120938 , 0.120972 , 0.121021 , 0.12109 , 0.121187 , 0.121325 , 0.121518 , 0.12179 , 0.122168 , 0.122693 , 0.123417 , 0.124409 , 0.125756 , 0.127568 , 0.129975 , 0.133121 , 0.137149 , 0.142163 , 0.148151 , 0.154851 , 0.161502 , 0.166418 , 0.166254 , 0.154783 , 0.120859 , 0 , 0 , 0 , 0 , 0 , 0 , 
1e+100 , 0.120898 , 0.120914 , 0.120938 , 0.120972 , 0.121021 , 0.12109 , 0.121187 , 0.121325 , 0.121518 , 0.12179 , 0.122168 , 0.122693 , 0.123417 , 0.124409 , 0.125756 , 0.127568 , 0.129975 , 0.133121 , 0.137149 , 0.142163 , 0.148151 , 0.154851 , 0.161502 , 0.166418 , 0.166254 , 0.154783 , 0.120859 , 0 , 0 , 0 , 0 , 0 , 
1e+100 , 0.120886 , 0.120898 , 0.120914 , 0.120938 , 0.120972 , 0.121021 , 0.12109 , 0.121187 , 0.121325 , 0.121518 , 0.12179 , 0.122168 , 0.122693 , 0.123417 , 0.124409 , 0.125756 , 0.127568 , 0.129975 , 0.133121 , 0.137149 , 0.142163 , 0.148151 , 0.154851 , 0.161502 , 0.166418 , 0.166254 , 0.154783 , 0.120859 , 0 , 0 , 0 , 0 , 
1e+100 , 0.120878 , 0.120886 , 0.120898 , 0.120914 , 0.120938 , 0.120972 , 0.121021 , 0.12109 , 0.121187 , 0.121325 , 0.121518 , 0.12179 , 0.122168 , 0.122693 , 0.123417 , 0.124409 , 0.125756 , 0.127568 , 0.129975 , 0.133121 , 0.137149 , 0.142163 , 0.148151 , 0.154851 , 0.161502 , 0.166418 , 0.166254 , 0.154783 , 0.120859 , 0 , 0 , 0 , 
1e+100 , 0.120872 , 0.120878 , 0.120886 , 0.120898 , 0.120914 , 0.120938 , 0.120972 , 0.121021 , 0.12109 , 0.121187 , 0.121325 , 0.121518 , 0.12179 , 0.122168 , 0.122693 , 0.123417 , 0.124409 , 0.125756 , 0.127568 , 0.129975 , 0.133121 , 0.137149 , 0.142163 , 0.148151 , 0.154851 , 0.161502 , 0.166418 , 0.166254 , 0.154783 , 0.120859 , 0 , 0 , 
1e+100 , 0.120868 , 0.120872 , 0.120878 , 0.120886 , 0.120898 , 0.120914 , 0.120938 , 0.120972 , 0.121021 , 0.12109 , 0.121187 , 0.121325 , 0.121518 , 0.12179 , 0.122168 , 0.122693 , 0.123417 , 0.124409 , 0.125756 , 0.127568 , 0.129975 , 0.133121 , 0.137149 , 0.142163 , 0.148151 , 0.154851 , 0.161502 , 0.166418 , 0.166254 , 0.154783 , 0.120859 , 0 , 
1e+100 , 0.120866 , 0.120868 , 0.120872 , 0.120878 , 0.120886 , 0.120898 , 0.120914 , 0.120938 , 0.120972 , 0.121021 , 0.12109 , 0.121187 , 0.121325 , 0.121518 , 0.12179 , 0.122168 , 0.122693 , 0.123417 , 0.124409 , 0.125756 , 0.127568 , 0.129975 , 0.133121 , 0.137149 , 0.142163 , 0.148151 , 0.154851 , 0.161502 , 0.166418 , 0.166254 , 0.154783 , 0.120859 , 

h*g ,
1e+200 , 0 , 0 , 0 , 0 , 0 , 0 , 0 , 0 , 0 , 0 , 0 , 0 , 0 , 0 , 0 , 0 , 0 , 0 , 0 , 0 , 0 , 0 , 0 , 0 , 0 , 0 , 0 , 0 , 0 , 0 , 0 , 0 , 
1e+200 , 0.123579 , 0 , 0 , 0 , 0 , 0 , 0 , 0 , 0 , 0 , 0 , 0 , 0 , 0 , 0 , 0 , 0 , 0 , 0 , 0 , 0 , 0 , 0 , 0 , 0 , 0 , 0 , 0 , 0 , 0 , 0 , 0 , 
1e+200 , 0.158266 , 0.123579 , 0 , 0 , 0 , 0 , 0 , 0 , 0 , 0 , 0 , 0 , 0 , 0 , 0 , 0 , 0 , 0 , 0 , 0 , 0 , 0 , 0 , 0 , 0 , 0 , 0 , 0 , 0 , 0 , 0 , 0 , 
1e+200 , 0.169995 , 0.158266 , 0.123579 , 0 , 0 , 0 , 0 , 0 , 0 , 0 , 0 , 0 , 0 , 0 , 0 , 0 , 0 , 0 , 0 , 0 , 0 , 0 , 0 , 0 , 0 , 0 , 0 , 0 , 0 , 0 , 0 , 0 , 
1e+200 , 0.171293 , 0.171124 , 0.142503 , 0.111271 , 0 , 0 , 0 , 0 , 0 , 0 , 0 , 0 , 0 , 0 , 0 , 0 , 0 , 0 , 0 , 0 , 0 , 0 , 0 , 0 , 0 , 0 , 0 , 0 , 0 , 0 , 0 , 0 , 
1e+200 , 0.167329 , 0.172423 , 0.154193 , 0.12674 , 0.0989625 , 0 , 0 , 0 , 0 , 0 , 0 , 0 , 0 , 0 , 0 , 0 , 0 , 0 , 0 , 0 , 0 , 0 , 0 , 0 , 0 , 0 , 0 , 0 , 0 , 0 , 0 , 0 , 
1e+200 , 0.161571 , 0.168511 , 0.156388 , 0.138998 , 0.133561 , 0.104288 , 0 , 0 , 0 , 0 , 0 , 0 , 0 , 0 , 0 , 0 , 0 , 0 , 0 , 0 , 0 , 0 , 0 , 0 , 0 , 0 , 0 , 0 , 0 , 0 , 0 , 0 , 
1e+200 , 0.155664 , 0.162704 , 0.15375 , 0.142002 , 0.146324 , 0.140381 , 0.109614 , 0 , 0 , 0 , 0 , 0 , 0 , 0 , 0 , 0 , 0 , 0 , 0 , 0 , 0 , 0 , 0 , 0 , 0 , 0 , 0 , 0 , 0 , 0 , 0 , 0 , 
1e+200 , 0.150498 , 0.156838 , 0.149362 , 0.140584 , 0.148536 , 0.152059 , 0.133149 , 0.103967 , 0 , 0 , 0 , 0 , 0 , 0 , 0 , 0 , 0 , 0 , 0 , 0 , 0 , 0 , 0 , 0 , 0 , 0 , 0 , 0 , 0 , 0 , 0 , 0 , 
1e+200 , 0.146277 , 0.151624 , 0.14476 , 0.137456 , 0.146156 , 0.153485 , 0.144291 , 0.125916 , 0.0983191 , 0 , 0 , 0 , 0 , 0 , 0 , 0 , 0 , 0 , 0 , 0 , 0 , 0 , 0 , 0 , 0 , 0 , 0 , 0 , 0 , 0 , 0 , 0 , 
1e+200 , 0.143101 , 0.147431 , 0.140724 , 0.134044 , 0.142057 , 0.150195 , 0.145953 , 0.137004 , 0.124579 , 0.0972752 , 0 , 0 , 0 , 0 , 0 , 0 , 0 , 0 , 0 , 0 , 0 , 0 , 0 , 0 , 0 , 0 , 0 , 0 , 0 , 0 , 0 , 0 , 
1e+200 , 0.140813 , 0.144222 , 0.137512 , 0.131059 , 0.137749 , 0.145201 , 0.143116 , 0.138897 , 0.135568 , 0.123242 , 0.0962313 , 0 , 0 , 0 , 0 , 0 , 0 , 0 , 0 , 0 , 0 , 0 , 0 , 0 , 0 , 0 , 0 , 0 , 0 , 0 , 0 , 0 , 
1e+200 , 0.139324 , 0.141952 , 0.135187 , 0.128768 , 0.133941 , 0.140068 , 0.138641 , 0.136501 , 0.137332 , 0.133876 , 0.120179 , 0.0938394 , 0 , 0 , 0 , 0 , 0 , 0 , 0 , 0 , 0 , 0 , 0 , 0 , 0 , 0 , 0 , 0 , 0 , 0 , 0 , 0 , 
1e+200 , 0.138447 , 0.140442 , 0.133666 , 0.127248 , 0.130915 , 0.135511 , 0.134 , 0.132516 , 0.134857 , 0.135509 , 0.130585 , 0.117116 , 0.0914474 , 0 , 0 , 0 , 0 , 0 , 0 , 0 , 0 , 0 , 0 , 0 , 0 , 0 , 0 , 0 , 0 , 0 , 0 , 0 , 
1e+200 , 0.138085 , 0.13958 , 0.132842 , 0.126433 , 0.128715 , 0.131809 , 0.129895 , 0.12835 , 0.130822 , 0.132965 , 0.132141 , 0.127145 , 0.114739 , 0.089592 , 0 , 0 , 0 , 0 , 0 , 0 , 0 , 0 , 0 , 0 , 0 , 0 , 0 , 0 , 0 , 0 , 0 , 0 , 
1e+200 , 0.138096 , 0.139206 , 0.132582 , 0.126244 , 0.12728 , 0.128983 , 0.126578 , 0.124667 , 0.126614 , 0.128887 , 0.129623 , 0.128622 , 0.124593 , 0.112363 , 0.0877365 , 0 , 0 , 0 , 0 , 0 , 0 , 0 , 0 , 0 , 0 , 0 , 0 , 0 , 0 , 0 , 0 , 0 , 
1e+200 , 0.138416 , 0.139233 , 0.132777 , 0.126558 , 0.126501 , 0.126972 , 0.124098 , 0.121727 , 0.122896 , 0.124653 , 0.125616 , 0.126136 , 0.125841 , 0.121587 , 0.111434 , 0.0870112 , 0 , 0 , 0 , 0 , 0 , 0 , 0 , 0 , 0 , 0 , 0 , 0 , 0 , 0 , 0 , 0 , 
1e+200 , 0.13895 , 0.139547 , 0.133321 , 0.127287 , 0.12626 , 0.125639 , 0.122375 , 0.119566 , 0.119912 , 0.120903 , 0.121454 , 0.1222 , 0.123216 , 0.122604 , 0.120589 , 0.110505 , 0.0862859 , 0 , 0 , 0 , 0 , 0 , 0 , 0 , 0 , 0 , 0 , 0 , 0 , 0 , 0 , 0 , 
1e+200 , 0.139665 , 0.140099 , 0.13414 , 0.128333 , 0.126451 , 0.124877 , 0.121308 , 0.118128 , 0.117707 , 0.117889 , 0.117772 , 0.118121 , 0.11919 , 0.119854 , 0.121159 , 0.118699 , 0.107347 , 0.0838201 , 0 , 0 , 0 , 0 , 0 , 0 , 0 , 0 , 0 , 0 , 0 , 0 , 0 , 0 , 
1e+200 , 0.140497 , 0.14081 , 0.135161 , 0.129628 , 0.126975 , 0.12455 , 0.120767 , 0.117302 , 0.116211 , 0.115639 , 0.114803 , 0.114505 , 0.115037 , 0.115754 , 0.118018 , 0.118821 , 0.115307 , 0.104189 , 0.0813543 , 0 , 0 , 0 , 0 , 0 , 0 , 0 , 0 , 0 , 0 , 0 , 0 , 0 , 
1e+200 , 0.141434 , 0.14166 , 0.13634 , 0.13111 , 0.12776 , 0.124578 , 0.120656 , 0.116986 , 0.115328 , 0.114097 , 0.112585 , 0.111589 , 0.111353 , 0.111546 , 0.113579 , 0.115316 , 0.11522 , 0.111504 , 0.101438 , 0.0792062 , 0 , 0 , 0 , 0 , 0 , 0 , 0 , 0 , 0 , 0 , 0 , 0 , 
1e+200 , 0.142434 , 0.142595 , 0.13763 , 0.132733 , 0.128737 , 0.124863 , 0.120867 , 0.117068 , 0.114941 , 0.113153 , 0.111051 , 0.1094 , 0.108357 , 0.107806 , 0.109067 , 0.110571 , 0.111621 , 0.111206 , 0.108549 , 0.0986872 , 0.077058 , 0 , 0 , 0 , 0 , 0 , 0 , 0 , 0 , 0 , 0 , 0 , 
1e+200 , 0.143494 , 0.143609 , 0.13901 , 0.134461 , 0.129864 , 0.125356 , 0.121336 , 0.117466 , 0.114953 , 0.112704 , 0.110106 , 0.107882 , 0.106082 , 0.104747 , 0.105047 , 0.105793 , 0.106838 , 0.107526 , 0.10815 , 0.105397 , 0.0985534 , 0.0769535 , 0 , 0 , 0 , 0 , 0 , 0 , 0 , 0 , 0 , 0 , 
1e+200 , 0.144586 , 0.144669 , 0.140449 , 0.136267 , 0.131098 , 0.125992 , 0.121989 , 0.118101 , 0.115271 , 0.112642 , 0.109637 , 0.106931 , 0.104461 , 0.102393 , 0.101717 , 0.101523 , 0.102037 , 0.102719 , 0.104464 , 0.104896 , 0.105253 , 0.0984196 , 0.076849 , 0 , 0 , 0 , 0 , 0 , 0 , 0 , 0 , 0 , 
1e+200 , 0.145712 , 0.14577 , 0.141936 , 0.138129 , 0.132414 , 0.126744 , 0.122788 , 0.118918 , 0.115825 , 0.112884 , 0.109549 , 0.106447 , 0.103398 , 0.100679 , 0.0990945 , 0.0979498 , 0.0977432 , 0.0979136 , 0.0996917 , 0.10121 , 0.104446 , 0.104498 , 0.0974043 , 0.0760563 , 0 , 0 , 0 , 0 , 0 , 0 , 0 , 0 , 
1e+200 , 0.146854 , 0.146896 , 0.143454 , 0.140033 , 0.133787 , 0.127573 , 0.123689 , 0.119868 , 0.116556 , 0.113356 , 0.109754 , 0.106331 , 0.102789 , 0.0995085 , 0.0971094 , 0.0950802 , 0.0941328 , 0.0936094 , 0.0949284 , 0.0964788 , 0.100477 , 0.103384 , 0.103408 , 0.0963891 , 0.0752636 , 0 , 0 , 0 , 0 , 0 , 0 , 0 , 
1e+200 , 0.148013 , 0.148042 , 0.144997 , 0.141967 , 0.135205 , 0.128466 , 0.124669 , 0.120919 , 0.117419 , 0.114003 , 0.110184 , 0.1065 , 0.102539 , 0.0987801 , 0.0956632 , 0.092842 , 0.0912107 , 0.0899748 , 0.0906603 , 0.0917659 , 0.0954911 , 0.0991497 , 0.102209 , 0.102149 , 0.0953773 , 0.0744735 , 0 , 0 , 0 , 0 , 0 , 0 , 
1e+200 , 0.14918 , 0.149201 , 0.146556 , 0.143922 , 0.136653 , 0.129399 , 0.125703 , 0.122042 , 0.118379 , 0.114778 , 0.110782 , 0.106887 , 0.102567 , 0.0983995 , 0.0946512 , 0.0911317 , 0.0889015 , 0.0870085 , 0.0870472 , 0.0875402 , 0.0905486 , 0.0939341 , 0.097927 , 0.100865 , 0.101062 , 0.0943655 , 0.0736835 , 0 , 0 , 0 , 0 , 0 , 
1e+200 , 0.150355 , 0.150369 , 0.148127 , 0.145893 , 0.138123 , 0.130364 , 0.126779 , 0.123218 , 0.119411 , 0.115649 , 0.111506 , 0.107438 , 0.102806 , 0.0982883 , 0.0939813 , 0.089847 , 0.0871057 , 0.084637 , 0.0840872 , 0.0839547 , 0.0861109 , 0.0887867 , 0.0926835 , 0.0965409 , 0.0996735 , 0.0997692 , 0.0937159 , 0.0731763 , 0 , 0 , 0 , 0 , 
1e+200 , 0.151533 , 0.151543 , 0.149706 , 0.147875 , 0.139609 , 0.131351 , 0.127883 , 0.124433 , 0.120495 , 0.11659 , 0.112323 , 0.10811 , 0.103203 , 0.0983811 , 0.0935735 , 0.088894 , 0.0857209 , 0.0827605 , 0.0817063 , 0.0810052 , 0.0823237 , 0.0841588 , 0.0875152 , 0.0912761 , 0.095285 , 0.0982761 , 0.0990715 , 0.0930664 , 0.0726691 , 0 , 0 , 0 , 
1e+200 , 0.152715 , 0.152722 , 0.151292 , 0.149866 , 0.141107 , 0.132353 , 0.129008 , 0.125676 , 0.121617 , 0.117581 , 0.113207 , 0.108873 , 0.103719 , 0.0986273 , 0.0933646 , 0.0881955 , 0.084657 , 0.0812805 , 0.0798074 , 0.0786189 , 0.0791775 , 0.0801883 , 0.0828668 , 0.0860938 , 0.0899759 , 0.0938288 , 0.0974495 , 0.0981174 , 0.0931432 , 0.072729 , 0 , 0 , 
1e+200 , 0.153899 , 0.153904 , 0.152881 , 0.151861 , 0.142612 , 0.133366 , 0.130148 , 0.126939 , 0.122766 , 0.11861 , 0.114141 , 0.109701 , 0.104321 , 0.098987 , 0.0933038 , 0.0876883 , 0.0838377 , 0.0801084 , 0.0782932 , 0.0767 , 0.0765953 , 0.07686 , 0.0788725 , 0.0814309 , 0.084758 , 0.0884837 , 0.092902 , 0.096366 , 0.0981999 , 0.0932199 , 0.072789 , 0 , 
1e+200 , 0.153895 , 0.153899 , 0.152874 , 0.151851 , 0.142598 , 0.133348 , 0.130122 , 0.126903 , 0.122717 , 0.118542 , 0.114049 , 0.109577 , 0.104155 , 0.0987666 , 0.0930149 , 0.0873131 , 0.0833459 , 0.0794697 , 0.0774544 , 0.0756105 , 0.075177 , 0.0750436 , 0.0765559 , 0.0785591 , 0.0813322 , 0.0846552 , 0.0890758 , 0.0935195 , 0.0982967 , 0.100129 , 0.0932199 , 0.072789 , 

shifts ,
0 , 0 , 0 , 0 , 0 , 0 , 0 , 0 , 0 , 0 , 0 , 0 , 0 , 0 , 0 , 0 , 0 , 0 , 0 , 0 , 0 , 0 , 0 , 0 , 0 , 0 , 0 , 0 , 0 , 0 , 0 , 0 , 0 , 
0 , 0 , 0 , 0 , 0 , 0 , 0 , 0 , 0 , 0 , 0 , 0 , 0 , 0 , 0 , 0 , 0 , 0 , 0 , 0 , 0 , 0 , 0 , 0 , 0 , 0 , 0 , 0 , 0 , 0 , 0 , 0 , 0 , 
0 , 0 , 0 , 0 , 0 , 0 , 0 , 0 , 0 , 0 , 0 , 0 , 0 , 0 , 0 , 0 , 0 , 0 , 0 , 0 , 0 , 0 , 0 , 0 , 0 , 0 , 0 , 0 , 0 , 0 , 0 , 0 , 0 , 
0 , 0 , 0 , 0 , 0 , 0 , 0 , 0 , 0 , 0 , 0 , 0 , 0 , 0 , 0 , 0 , 0 , 0 , 0 , 0 , 0 , 0 , 0 , 0 , 0 , 0 , 0 , 0 , 0 , 0 , 0 , 0 , 0 , 
0 , 0 , 0 , 0 , 0 , 0 , 0 , 0 , 0 , 0 , 0 , 0 , 0 , 0 , 0 , 0 , 0 , 0 , 0 , 0 , 0 , 0 , 0 , 0 , 0 , 0 , 0 , 0 , 0 , 0 , 0 , 0 , 0 , 
0 , 0 , 0 , 0 , 0 , 0 , 0 , 0 , 0 , 0 , 0 , 0 , 0 , 0 , 0 , 0 , 0 , 0 , 0 , 0 , 0 , 0 , 0 , 0 , 0 , 0 , 0 , 0 , 0 , 0 , 0 , 0 , 0 , 
0 , 0 , 0 , 0 , 0 , 0 , 0 , 0 , 0 , 0 , 0 , 0 , 0 , 0 , 0 , 0 , 0 , 0 , 0 , 0 , 0 , 0 , 0 , 0 , 0 , 0 , 0 , 0 , 0 , 0 , 0 , 0 , 0 , 
0 , 0 , 0 , 0 , 0 , 0 , 0 , 0 , 0 , 0 , 0 , 0 , 0 , 0 , 0 , 0 , 0 , 0 , 0 , 0 , 0 , 0 , 0 , 0 , 0 , 0 , 0 , 0 , 0 , 0 , 0 , 0 , 0 , 
0 , 0 , 0 , 0 , 0 , 0 , 0 , 0 , 0 , 0 , 0 , 0 , 0 , 0 , 0 , 0 , 0 , 0 , 0 , 0 , 0 , 0 , 0 , 0 , 0 , 0 , 0 , 0 , 0 , 0 , 0 , 0 , 0 , 
0 , 0 , 0 , 0 , 0 , 0 , 0 , 0 , 0 , 0 , 0 , 0 , 0 , 0 , 0 , 0 , 0 , 0 , 0 , 0 , 0 , 0 , 0 , 0 , 0 , 0 , 0 , 0 , 0 , 0 , 0 , 0 , 0 , 
0 , 0 , 0 , 0 , 0 , 0 , 0 , 0 , 0 , 0 , 0 , 0 , 0 , 0 , 0 , 0 , 0 , 0 , 0 , 0 , 0 , 0 , 0 , 0 , 0 , 0 , 0 , 0 , 0 , 0 , 0 , 0 , 0 , 
0 , 0 , 0 , 0 , 0 , 0 , 0 , 0 , 0 , 0 , 0 , 0 , 0 , 0 , 0 , 0 , 0 , 0 , 0 , 0 , 0 , 0 , 0 , 0 , 0 , 0 , 0 , 0 , 0 , 0 , 0 , 0 , 0 , 
0 , 0 , 0 , 0 , 0 , 0 , 0 , 0 , 0 , 0 , 0 , 0 , 0 , 0 , 0 , 0 , 0 , 0 , 0 , 0 , 0 , 0 , 0 , 0 , 0 , 0 , 0 , 0 , 0 , 0 , 0 , 0 , 0 , 
0 , 0 , 0 , 0 , 0 , 0 , 0 , 0 , 0 , 0 , 0 , 0 , 0 , 0 , 0 , 0 , 0 , 0 , 0 , 0 , 0 , 0 , 0 , 0 , 0 , 0 , 0 , 0 , 0 , 0 , 0 , 0 , 0 , 
0 , 0 , 0 , 0 , 0 , 0 , 0 , 0 , 0 , 0 , 0 , 0 , 0 , 0 , 0 , 0 , 0 , 0 , 0 , 0 , 0 , 0 , 0 , 0 , 0 , 0 , 0 , 0 , 0 , 0 , 0 , 0 , 0 , 
0 , 0 , 0 , 0 , 0 , 0 , 0 , 0 , 0 , 0 , 0 , 0 , 0 , 0 , 0 , 0 , 0 , 0 , 0 , 0 , 0 , 0 , 0 , 0 , 0 , 0 , 0 , 0 , 0 , 0 , 0 , 0 , 0 , 
0 , 0 , 0 , 0 , 0 , 0 , 0 , 0 , 0 , 0 , 0 , 0 , 0 , 0 , 0 , 0 , 0 , 0 , 0 , 0 , 0 , 0 , 0 , 0 , 0 , 0 , 0 , 0 , 0 , 0 , 0 , 0 , 0 , 
0 , 0 , 0 , 0 , 0 , 0 , 0 , 0 , 0 , 0 , 0 , 0 , 0 , 0 , 0 , 0 , 0 , 0 , 0 , 0 , 0 , 0 , 0 , 0 , 0 , 0 , 0 , 0 , 0 , 0 , 0 , 0 , 0 , 
0 , 0 , 0 , 0 , 0 , 0 , 0 , 0 , 0 , 0 , 0 , 0 , 0 , 0 , 0 , 0 , 0 , 0 , 0 , 0 , 0 , 0 , 0 , 0 , 0 , 0 , 0 , 0 , 0 , 0 , 0 , 0 , 0 , 
0 , 0 , 0 , 0 , 0 , 0 , 0 , 0 , 0 , 0 , 0 , 0 , 0 , 0 , 0 , 0 , 0 , 0 , 0 , 0 , 0 , 0 , 0 , 0 , 0 , 0 , 0 , 0 , 0 , 0 , 0 , 0 , 0 , 
0 , 0 , 0 , 0 , 0 , 0 , 0 , 0 , 0 , 0 , 0 , 0 , 0 , 0 , 0 , 0 , 0 , 0 , 0 , 0 , 0 , 0 , 0 , 0 , 0 , 0 , 0 , 0 , 0 , 0 , 0 , 0 , 0 , 
0 , 0 , 0 , 0 , 0 , 0 , 0 , 0 , 0 , 0 , 0 , 0 , 0 , 0 , 0 , 0 , 0 , 0 , 0 , 0 , 0 , 0 , 0 , 0 , 0 , 0 , 0 , 0 , 0 , 0 , 0 , 0 , 0 , 
0 , 0 , 0 , 0 , 0 , 0 , 0 , 0 , 0 , 0 , 0 , 0 , 0 , 0 , 0 , 0 , 0 , 0 , 0 , 0 , 0 , 0 , 0 , 0 , 0 , 0 , 0 , 0 , 0 , 0 , 0 , 0 , 0 , 
0 , 0 , 0 , 0 , 0 , 0 , 0 , 0 , 0 , 0 , 0 , 0 , 0 , 0 , 0 , 0 , 0 , 0 , 0 , 0 , 0 , 0 , 0 , 0 , 0 , 0 , 0 , 0 , 0 , 0 , 0 , 0 , 0 , 
0 , 0 , 0 , 0 , 0 , 0 , 0 , 0 , 0 , 0 , 0 , 0 , 0 , 0 , 0 , 0 , 0 , 0 , 0 , 0 , 0 , 0 , 0 , 0 , 0 , 0 , 0 , 0 , 0 , 0 , 0 , 0 , 0 , 
0 , 0 , 0 , 0 , 0 , 0 , 0 , 0 , 0 , 0 , 0 , 0 , 0 , 0 , 0 , 0 , 0 , 0 , 0 , 0 , 0 , 0 , 0 , 0 , 0 , 0 , 0 , 0 , 0 , 0 , 0 , 0 , 0 , 
0 , 0 , 0 , 0 , 0 , 0 , 0 , 0 , 0 , 0 , 0 , 0 , 0 , 0 , 0 , 0 , 0 , 0 , 0 , 0 , 0 , 0 , 0 , 0 , 0 , 0 , 0 , 0 , 0 , 0 , 0 , 0 , 0 , 
0 , 0 , 0 , 0 , 0 , 0 , 0 , 0 , 0 , 0 , 0 , 0 , 0 , 0 , 0 , 0 , 0 , 0 , 0 , 0 , 0 , 0 , 0 , 0 , 0 , 0 , 0 , 0 , 0 , 0 , 0 , 0 , 0 , 
0 , 0 , 0 , 0 , 0 , 0 , 0 , 0 , 0 , 0 , 0 , 0 , 0 , 0 , 0 , 0 , 0 , 0 , 0 , 0 , 0 , 0 , 0 , 0 , 0 , 0 , 0 , 0 , 0 , 0 , 0 , 0 , 0 , 
0 , 0 , 0 , 0 , 0 , 0 , 0 , 0 , 0 , 0 , 0 , 0 , 0 , 0 , 0 , 0 , 0 , 0 , 0 , 0 , 0 , 0 , 0 , 0 , 0 , 0 , 0 , 0 , 0 , 0 , 0 , 0 , 0 , 
0 , 0 , 0 , 0 , 0 , 0 , 0 , 0 , 0 , 0 , 0 , 0 , 0 , 0 , 0 , 0 , 0 , 0 , 0 , 0 , 0 , 0 , 0 , 0 , 0 , 0 , 0 , 0 , 0 , 0 , 0 , 0 , 0 , 
0 , 0 , 0 , 0 , 0 , 0 , 0 , 0 , 0 , 0 , 0 , 0 , 0 , 0 , 0 , 0 , 0 , 0 , 0 , 0 , 0 , 0 , 0 , 0 , 0 , 0 , 0 , 0 , 0 , 0 , 0 , 0 , 0 , 
0 , 0 , 0 , 0 , 0 , 0 , 0 , 0 , 0 , 0 , 0 , 0 , 0 , 0 , 0 , 0 , 0 , 0 , 0 , 0 , 0 , 0 , 0 , 0 , 0 , 0 , 0 , 0 , 0 , 0 , 0 , 0 , 0 , 

