g ,
1e+100 , 0 , 0 , 0 , 0 , 0 , 0 , 0 , 0 , 0 , 0 , 0 , 0 , 0 , 0 , 0 , 0 , 0 , 0 , 0 , 0 , 0 , 0 , 0 , 0 , 0 , 0 , 0 , 0 , 0 , 0 , 0 , 0 , 
1e+100 , 1.07643 , 0 , 0 , 0 , 0 , 0 , 0 , 0 , 0 , 0 , 0 , 0 , 0 , 0 , 0 , 0 , 0 , 0 , 0 , 0 , 0 , 0 , 0 , 0 , 0 , 0 , 0 , 0 , 0 , 0 , 0 , 0 , 
1e+100 , 1.07643 , 1.07643 , 0 , 0 , 0 , 0 , 0 , 0 , 0 , 0 , 0 , 0 , 0 , 0 , 0 , 0 , 0 , 0 , 0 , 0 , 0 , 0 , 0 , 0 , 0 , 0 , 0 , 0 , 0 , 0 , 0 , 0 , 
1e+100 , 1.07643 , 1.07643 , 1.07643 , 0 , 0 , 0 , 0 , 0 , 0 , 0 , 0 , 0 , 0 , 0 , 0 , 0 , 0 , 0 , 0 , 0 , 0 , 0 , 0 , 0 , 0 , 0 , 0 , 0 , 0 , 0 , 0 , 0 , 
1e+100 , 1.00385 , 1.00385 , 1.01115 , 1.01115 , 0 , 0 , 0 , 0 , 0 , 0 , 0 , 0 , 0 , 0 , 0 , 0 , 0 , 0 , 0 , 0 , 0 , 0 , 0 , 0 , 0 , 0 , 0 , 0 , 0 , 0 , 0 , 0 , 
1e+100 , 0.931272 , 0.931272 , 0.93857 , 0.945868 , 0.945868 , 0 , 0 , 0 , 0 , 0 , 0 , 0 , 0 , 0 , 0 , 0 , 0 , 0 , 0 , 0 , 0 , 0 , 0 , 0 , 0 , 0 , 0 , 0 , 0 , 0 , 0 , 0 , 
1e+100 , 0.972336 , 0.972336 , 0.935425 , 0.898514 , 0.97142 , 0.97142 , 0 , 0 , 0 , 0 , 0 , 0 , 0 , 0 , 0 , 0 , 0 , 0 , 0 , 0 , 0 , 0 , 0 , 0 , 0 , 0 , 0 , 0 , 0 , 0 , 0 , 0 , 
1e+100 , 1.0134 , 1.0134 , 0.93228 , 0.851161 , 0.924066 , 0.996972 , 0.996972 , 0 , 0 , 0 , 0 , 0 , 0 , 0 , 0 , 0 , 0 , 0 , 0 , 0 , 0 , 0 , 0 , 0 , 0 , 0 , 0 , 0 , 0 , 0 , 0 , 0 , 
1e+100 , 1.04947 , 1.04947 , 0.944865 , 0.840262 , 0.892119 , 0.943976 , 0.932991 , 0.932991 , 0 , 0 , 0 , 0 , 0 , 0 , 0 , 0 , 0 , 0 , 0 , 0 , 0 , 0 , 0 , 0 , 0 , 0 , 0 , 0 , 0 , 0 , 0 , 0 , 
1e+100 , 1.08554 , 1.08554 , 0.95745 , 0.829364 , 0.860172 , 0.890981 , 0.879995 , 0.86901 , 0.86901 , 0 , 0 , 0 , 0 , 0 , 0 , 0 , 0 , 0 , 0 , 0 , 0 , 0 , 0 , 0 , 0 , 0 , 0 , 0 , 0 , 0 , 0 , 0 , 
1e+100 , 1.11546 , 1.11546 , 0.993943 , 0.872427 , 0.875047 , 0.877667 , 0.86491 , 0.852154 , 0.849382 , 0.849382 , 0 , 0 , 0 , 0 , 0 , 0 , 0 , 0 , 0 , 0 , 0 , 0 , 0 , 0 , 0 , 0 , 0 , 0 , 0 , 0 , 0 , 0 , 
1e+100 , 1.14538 , 1.14538 , 1.03044 , 0.91549 , 0.889922 , 0.864353 , 0.849826 , 0.835298 , 0.832526 , 0.829754 , 0.829754 , 0 , 0 , 0 , 0 , 0 , 0 , 0 , 0 , 0 , 0 , 0 , 0 , 0 , 0 , 0 , 0 , 0 , 0 , 0 , 0 , 0 , 
1e+100 , 1.14734 , 1.14734 , 1.05252 , 0.957702 , 0.91825 , 0.878798 , 0.855072 , 0.831346 , 0.825796 , 0.820247 , 0.810693 , 0.810693 , 0 , 0 , 0 , 0 , 0 , 0 , 0 , 0 , 0 , 0 , 0 , 0 , 0 , 0 , 0 , 0 , 0 , 0 , 0 , 0 , 
1e+100 , 1.14931 , 1.14931 , 1.07461 , 0.999914 , 0.946578 , 0.893242 , 0.860318 , 0.827393 , 0.819067 , 0.81074 , 0.801186 , 0.791632 , 0.791632 , 0 , 0 , 0 , 0 , 0 , 0 , 0 , 0 , 0 , 0 , 0 , 0 , 0 , 0 , 0 , 0 , 0 , 0 , 0 , 
1e+100 , 1.1389 , 1.1389 , 1.07814 , 1.01738 , 0.966746 , 0.916116 , 0.878041 , 0.839967 , 0.825156 , 0.810345 , 0.79919 , 0.788035 , 0.784412 , 0.784412 , 0 , 0 , 0 , 0 , 0 , 0 , 0 , 0 , 0 , 0 , 0 , 0 , 0 , 0 , 0 , 0 , 0 , 0 , 
1e+100 , 1.1285 , 1.1285 , 1.08167 , 1.03484 , 0.986913 , 0.93899 , 0.895765 , 0.85254 , 0.831245 , 0.809951 , 0.797194 , 0.784438 , 0.780815 , 0.777192 , 0.777192 , 0 , 0 , 0 , 0 , 0 , 0 , 0 , 0 , 0 , 0 , 0 , 0 , 0 , 0 , 0 , 0 , 0 , 
1e+100 , 1.11808 , 1.11808 , 1.07596 , 1.03384 , 0.993883 , 0.953928 , 0.912274 , 0.870621 , 0.844819 , 0.819017 , 0.801765 , 0.784513 , 0.778349 , 0.772185 , 0.780764 , 0.780764 , 0 , 0 , 0 , 0 , 0 , 0 , 0 , 0 , 0 , 0 , 0 , 0 , 0 , 0 , 0 , 0 , 
1e+100 , 1.10766 , 1.10766 , 1.07025 , 1.03284 , 1.00085 , 0.968866 , 0.928784 , 0.888702 , 0.858392 , 0.828083 , 0.806335 , 0.784587 , 0.775882 , 0.767177 , 0.775757 , 0.784336 , 0.784336 , 0 , 0 , 0 , 0 , 0 , 0 , 0 , 0 , 0 , 0 , 0 , 0 , 0 , 0 , 0 , 
1e+100 , 1.11257 , 1.11257 , 1.07311 , 1.03365 , 1.00642 , 0.979195 , 0.943185 , 0.907174 , 0.875618 , 0.844061 , 0.817127 , 0.790193 , 0.776342 , 0.76249 , 0.765253 , 0.768017 , 0.767122 , 0.767122 , 0 , 0 , 0 , 0 , 0 , 0 , 0 , 0 , 0 , 0 , 0 , 0 , 0 , 0 , 
1e+100 , 1.11749 , 1.11749 , 1.07598 , 1.03446 , 1.01199 , 0.989525 , 0.957585 , 0.925645 , 0.892843 , 0.86004 , 0.82792 , 0.795799 , 0.776801 , 0.757803 , 0.75475 , 0.751698 , 0.750803 , 0.749909 , 0.749909 , 0 , 0 , 0 , 0 , 0 , 0 , 0 , 0 , 0 , 0 , 0 , 0 , 0 , 
1e+100 , 1.13807 , 1.13807 , 1.09215 , 1.04623 , 1.02299 , 0.999753 , 0.969881 , 0.940009 , 0.907116 , 0.874223 , 0.837348 , 0.800472 , 0.774431 , 0.748389 , 0.739162 , 0.729935 , 0.726123 , 0.722311 , 0.723982 , 0.723982 , 0 , 0 , 0 , 0 , 0 , 0 , 0 , 0 , 0 , 0 , 0 , 0 , 
1e+100 , 1.15865 , 1.15865 , 1.10832 , 1.05799 , 1.03398 , 1.00998 , 0.982178 , 0.954373 , 0.92139 , 0.888407 , 0.846776 , 0.805145 , 0.77206 , 0.738976 , 0.723574 , 0.708172 , 0.701442 , 0.694712 , 0.696384 , 0.698055 , 0.698055 , 0 , 0 , 0 , 0 , 0 , 0 , 0 , 0 , 0 , 0 , 0 , 
1e+100 , 1.18878 , 1.18878 , 1.13583 , 1.08289 , 1.05464 , 1.02639 , 0.99796 , 0.969535 , 0.936198 , 0.902862 , 0.858418 , 0.813974 , 0.774099 , 0.734225 , 0.711396 , 0.688568 , 0.678802 , 0.669037 , 0.670828 , 0.67262 , 0.686893 , 0.686893 , 0 , 0 , 0 , 0 , 0 , 0 , 0 , 0 , 0 , 0 , 
1e+100 , 1.2189 , 1.2189 , 1.16334 , 1.10778 , 1.07529 , 1.04279 , 1.01374 , 0.984697 , 0.951007 , 0.917317 , 0.87006 , 0.822803 , 0.776138 , 0.729474 , 0.699218 , 0.668963 , 0.656162 , 0.643361 , 0.645273 , 0.647184 , 0.661458 , 0.675731 , 0.675731 , 0 , 0 , 0 , 0 , 0 , 0 , 0 , 0 , 0 , 
1e+100 , 1.23839 , 1.23839 , 1.18635 , 1.13432 , 1.09837 , 1.06243 , 1.0312 , 0.999968 , 0.965857 , 0.931745 , 0.883758 , 0.835771 , 0.784755 , 0.733739 , 0.696142 , 0.658544 , 0.640188 , 0.621831 , 0.621859 , 0.621886 , 0.635272 , 0.648659 , 0.660581 , 0.660581 , 0 , 0 , 0 , 0 , 0 , 0 , 0 , 0 , 
1e+100 , 1.25787 , 1.25787 , 1.20937 , 1.16086 , 1.12146 , 1.08206 , 1.04865 , 1.01524 , 0.980707 , 0.946174 , 0.897456 , 0.848738 , 0.793372 , 0.738005 , 0.693066 , 0.648126 , 0.624214 , 0.600301 , 0.598445 , 0.596588 , 0.609087 , 0.621587 , 0.633509 , 0.645432 , 0.645432 , 0 , 0 , 0 , 0 , 0 , 0 , 0 , 
1e+100 , 1.26014 , 1.26014 , 1.22013 , 1.18012 , 1.1411 , 1.10207 , 1.0669 , 1.03174 , 0.996749 , 0.961759 , 0.913875 , 0.86599 , 0.809368 , 0.752746 , 0.702494 , 0.652242 , 0.621226 , 0.59021 , 0.583403 , 0.576596 , 0.587209 , 0.597822 , 0.610051 , 0.62228 , 0.636075 , 0.636075 , 0 , 0 , 0 , 0 , 0 , 0 , 
1e+100 , 1.26241 , 1.26241 , 1.2309 , 1.19939 , 1.16073 , 1.12207 , 1.08516 , 1.04824 , 1.01279 , 0.977344 , 0.930293 , 0.883243 , 0.825364 , 0.767486 , 0.711922 , 0.656359 , 0.618239 , 0.58012 , 0.568362 , 0.556605 , 0.565331 , 0.574057 , 0.586593 , 0.599129 , 0.612924 , 0.626719 , 0.626719 , 0 , 0 , 0 , 0 , 0 , 
1e+100 , 1.24398 , 1.24398 , 1.22506 , 1.20614 , 1.17242 , 1.13871 , 1.10201 , 1.06532 , 1.02965 , 0.993981 , 0.948961 , 0.903941 , 0.847677 , 0.791414 , 0.733549 , 0.675685 , 0.630884 , 0.586083 , 0.566279 , 0.546476 , 0.55027 , 0.554065 , 0.565565 , 0.577065 , 0.590168 , 0.603272 , 0.621074 , 0.621074 , 0 , 0 , 0 , 0 , 
1e+100 , 1.22556 , 1.22556 , 1.21922 , 1.21288 , 1.18411 , 1.15534 , 1.11887 , 1.0824 , 1.04651 , 1.01062 , 0.967628 , 0.924639 , 0.869991 , 0.815343 , 0.755177 , 0.69501 , 0.643528 , 0.592046 , 0.564196 , 0.536346 , 0.535209 , 0.534072 , 0.544537 , 0.555001 , 0.567413 , 0.579824 , 0.597627 , 0.61543 , 0.61543 , 0 , 0 , 0 , 
1e+100 , 1.19461 , 1.19461 , 1.20314 , 1.21166 , 1.19128 , 1.17091 , 1.13648 , 1.10205 , 1.06623 , 1.03041 , 0.990124 , 0.949841 , 0.89876 , 0.847679 , 0.787669 , 0.72766 , 0.670673 , 0.613687 , 0.575984 , 0.538281 , 0.528821 , 0.519361 , 0.527376 , 0.535392 , 0.546848 , 0.558304 , 0.574375 , 0.590445 , 0.614508 , 0.614508 , 0 , 0 , 
1e+100 , 1.16366 , 1.16366 , 1.18705 , 1.21044 , 1.19846 , 1.18647 , 1.15409 , 1.1217 , 1.08595 , 1.0502 , 1.01262 , 0.975043 , 0.927529 , 0.880016 , 0.820162 , 0.760309 , 0.697818 , 0.635327 , 0.587772 , 0.540216 , 0.522433 , 0.504649 , 0.510216 , 0.515782 , 0.526283 , 0.536784 , 0.551122 , 0.565461 , 0.589524 , 0.613586 , 0.613586 , 0 , 
1e+100 , 1.16366 , 1.16366 , 1.18705 , 1.21044 , 1.19846 , 1.18647 , 1.15409 , 1.1217 , 1.08595 , 1.0502 , 1.01262 , 0.975043 , 0.927529 , 0.880016 , 0.820162 , 0.760309 , 0.697818 , 0.635327 , 0.587772 , 0.540216 , 0.522433 , 0.504649 , 0.510216 , 0.515782 , 0.526283 , 0.536784 , 0.551122 , 0.565461 , 0.589524 , 0.613586 , 0.613586 , 0.613586 , 

h ,
1e+100 , 0 , 0 , 0 , 0 , 0 , 0 , 0 , 0 , 0 , 0 , 0 , 0 , 0 , 0 , 0 , 0 , 0 , 0 , 0 , 0 , 0 , 0 , 0 , 0 , 0 , 0 , 0 , 0 , 0 , 0 , 0 , 0 , 
1e+100 , 0.120859 , 0 , 0 , 0 , 0 , 0 , 0 , 0 , 0 , 0 , 0 , 0 , 0 , 0 , 0 , 0 , 0 , 0 , 0 , 0 , 0 , 0 , 0 , 0 , 0 , 0 , 0 , 0 , 0 , 0 , 0 , 0 , 
1e+100 , 0.154783 , 0.120859 , 0 , 0 , 0 , 0 , 0 , 0 , 0 , 0 , 0 , 0 , 0 , 0 , 0 , 0 , 0 , 0 , 0 , 0 , 0 , 0 , 0 , 0 , 0 , 0 , 0 , 0 , 0 , 0 , 0 , 0 , 
1e+100 , 0.166254 , 0.154783 , 0.120859 , 0 , 0 , 0 , 0 , 0 , 0 , 0 , 0 , 0 , 0 , 0 , 0 , 0 , 0 , 0 , 0 , 0 , 0 , 0 , 0 , 0 , 0 , 0 , 0 , 0 , 0 , 0 , 0 , 0 , 
1e+100 , 0.166418 , 0.166254 , 0.154783 , 0.120859 , 0 , 0 , 0 , 0 , 0 , 0 , 0 , 0 , 0 , 0 , 0 , 0 , 0 , 0 , 0 , 0 , 0 , 0 , 0 , 0 , 0 , 0 , 0 , 0 , 0 , 0 , 0 , 0 , 
1e+100 , 0.161502 , 0.166418 , 0.166254 , 0.154783 , 0.120859 , 0 , 0 , 0 , 0 , 0 , 0 , 0 , 0 , 0 , 0 , 0 , 0 , 0 , 0 , 0 , 0 , 0 , 0 , 0 , 0 , 0 , 0 , 0 , 0 , 0 , 0 , 0 , 
1e+100 , 0.154851 , 0.161502 , 0.166418 , 0.166254 , 0.154783 , 0.120859 , 0 , 0 , 0 , 0 , 0 , 0 , 0 , 0 , 0 , 0 , 0 , 0 , 0 , 0 , 0 , 0 , 0 , 0 , 0 , 0 , 0 , 0 , 0 , 0 , 0 , 0 , 
1e+100 , 0.148151 , 0.154851 , 0.161502 , 0.166418 , 0.166254 , 0.154783 , 0.120859 , 0 , 0 , 0 , 0 , 0 , 0 , 0 , 0 , 0 , 0 , 0 , 0 , 0 , 0 , 0 , 0 , 0 , 0 , 0 , 0 , 0 , 0 , 0 , 0 , 0 , 
1e+100 , 0.142163 , 0.148151 , 0.154851 , 0.161502 , 0.166418 , 0.166254 , 0.154783 , 0.120859 , 0 , 0 , 0 , 0 , 0 , 0 , 0 , 0 , 0 , 0 , 0 , 0 , 0 , 0 , 0 , 0 , 0 , 0 , 0 , 0 , 0 , 0 , 0 , 0 , 
1e+100 , 0.137149 , 0.142163 , 0.148151 , 0.154851 , 0.161502 , 0.166418 , 0.166254 , 0.154783 , 0.120859 , 0 , 0 , 0 , 0 , 0 , 0 , 0 , 0 , 0 , 0 , 0 , 0 , 0 , 0 , 0 , 0 , 0 , 0 , 0 , 0 , 0 , 0 , 0 , 
1e+100 , 0.133121 , 0.137149 , 0.142163 , 0.148151 , 0.154851 , 0.161502 , 0.166418 , 0.166254 , 0.154783 , 0.120859 , 0 , 0 , 0 , 0 , 0 , 0 , 0 , 0 , 0 , 0 , 0 , 0 , 0 , 0 , 0 , 0 , 0 , 0 , 0 , 0 , 0 , 0 , 
1e+100 , 0.129975 , 0.133121 , 0.137149 , 0.142163 , 0.148151 , 0.154851 , 0.161502 , 0.166418 , 0.166254 , 0.154783 , 0.120859 , 0 , 0 , 0 , 0 , 0 , 0 , 0 , 0 , 0 , 0 , 0 , 0 , 0 , 0 , 0 , 0 , 0 , 0 , 0 , 0 , 0 , 
1e+100 , 0.127568 , 0.129975 , 0.133121 , 0.137149 , 0.142163 , 0.148151 , 0.154851 , 0.161502 , 0.166418 , 0.166254 , 0.154783 , 0.120859 , 0 , 0 , 0 , 0 , 0 , 0 , 0 , 0 , 0 , 0 , 0 , 0 , 0 , 0 , 0 , 0 , 0 , 0 , 0 , 0 , 
1e+100 , 0.125756 , 0.127568 , 0.129975 , 0.133121 , 0.137149 , 0.142163 , 0.148151 , 0.154851 , 0.161502 , 0.166418 , 0.166254 , 0.154783 , 0.120859 , 0 , 0 , 0 , 0 , 0 , 0 , 0 , 0 , 0 , 0 , 0 , 0 , 0 , 0 , 0 , 0 , 0 , 0 , 0 , 
1e+100 , 0.124409 , 0.125756 , 0.127568 , 0.129975 , 0.133121 , 0.137149 , 0.142163 , 0.148151 , 0.154851 , 0.161502 , 0.166418 , 0.166254 , 0.154783 , 0.120859 , 0 , 0 , 0 , 0 , 0 , 0 , 0 , 0 , 0 , 0 , 0 , 0 , 0 , 0 , 0 , 0 , 0 , 0 , 
1e+100 , 0.123417 , 0.124409 , 0.125756 , 0.127568 , 0.129975 , 0.133121 , 0.137149 , 0.142163 , 0.148151 , 0.154851 , 0.161502 , 0.166418 , 0.166254 , 0.154783 , 0.120859 , 0 , 0 , 0 , 0 , 0 , 0 , 0 , 0 , 0 , 0 , 0 , 0 , 0 , 0 , 0 , 0 , 0 , 
1e+100 , 0.122693 , 0.123417 , 0.124409 , 0.125756 , 0.127568 , 0.129975 , 0.133121 , 0.137149 , 0.142163 , 0.148151 , 0.154851 , 0.161502 , 0.166418 , 0.166254 , 0.154783 , 0.120859 , 0 , 0 , 0 , 0 , 0 , 0 , 0 , 0 , 0 , 0 , 0 , 0 , 0 , 0 , 0 , 0 , 
1e+100 , 0.122168 , 0.122693 , 0.123417 , 0.124409 , 0.125756 , 0.127568 , 0.129975 , 0.133121 , 0.137149 , 0.142163 , 0.148151 , 0.154851 , 0.161502 , 0.166418 , 0.166254 , 0.154783 , 0.120859 , 0 , 0 , 0 , 0 , 0 , 0 , 0 , 0 , 0 , 0 , 0 , 0 , 0 , 0 , 0 , 
1e+100 , 0.12179 , 0.122168 , 0.122693 , 0.123417 , 0.124409 , 0.125756 , 0.127568 , 0.129975 , 0.133121 , 0.137149 , 0.142163 , 0.148151 , 0.154851 , 0.161502 , 0.166418 , 0.166254 , 0.154783 , 0.120859 , 0 , 0 , 0 , 0 , 0 , 0 , 0 , 0 , 0 , 0 , 0 , 0 , 0 , 0 , 
1e+100 , 0.121518 , 0.12179 , 0.122168 , 0.122693 , 0.123417 , 0.124409 , 0.125756 , 0.127568 , 0.129975 , 0.133121 , 0.137149 , 0.142163 , 0.148151 , 0.154851 , 0.161502 , 0.166418 , 0.166254 , 0.154783 , 0.120859 , 0 , 0 , 0 , 0 , 0 , 0 , 0 , 0 , 0 , 0 , 0 , 0 , 0 , 
1e+100 , 0.121325 , 0.121518 , 0.12179 , 0.122168 , 0.122693 , 0.123417 , 0.124409 , 0.125756 , 0.127568 , 0.129975 , 0.133121 , 0.137149 , 0.142163 , 0.148151 , 0.154851 , 0.161502 , 0.166418 , 0.166254 , 0.154783 , 0.120859 , 0 , 0 , 0 , 0 , 0 , 0 , 0 , 0 , 0 , 0 , 0 , 0 , 
1e+100 , 0.121187 , 0.121325 , 0.121518 , 0.12179 , 0.122168 , 0.122693 , 0.123417 , 0.124409 , 0.125756 , 0.127568 , 0.129975 , 0.133121 , 0.137149 , 0.142163 , 0.148151 , 0.154851 , 0.161502 , 0.166418 , 0.166254 , 0.154783 , 0.120859 , 0 , 0 , 0 , 0 , 0 , 0 , 0 , 0 , 0 , 0 , 0 , 
1e+100 , 0.12109 , 0.121187 , 0.121325 , 0.121518 , 0.12179 , 0.122168 , 0.122693 , 0.123417 , 0.124409 , 0.125756 , 0.127568 , 0.129975 , 0.133121 , 0.137149 , 0.142163 , 0.148151 , 0.154851 , 0.161502 , 0.166418 , 0.166254 , 0.154783 , 0.120859 , 0 , 0 , 0 , 0 , 0 , 0 , 0 , 0 , 0 , 0 , 
1e+100 , 0.121021 , 0.12109 , 0.121187 , 0.121325 , 0.121518 , 0.12179 , 0.122168 , 0.122693 , 0.123417 , 0.124409 , 0.125756 , 0.127568 , 0.129975 , 0.133121 , 0.137149 , 0.142163 , 0.148151 , 0.154851 , 0.161502 , 0.166418 , 0.166254 , 0.154783 , 0.120859 , 0 , 0 , 0 , 0 , 0 , 0 , 0 , 0 , 0 , 
1e+100 , 0.120972 , 0.121021 , 0.12109 , 0.121187 , 0.121325 , 0.121518 , 0.12179 , 0.122168 , 0.122693 , 0.123417 , 0.124409 , 0.125756 , 0.127568 , 0.129975 , 0.133121 , 0.137149 , 0.142163 , 0.148151 , 0.154851 , 0.161502 , 0.166418 , 0.166254 , 0.154783 , 0.120859 , 0 , 0 , 0 , 0 , 0 , 0 , 0 , 0 , 
1e+100 , 0.120938 , 0.120972 , 0.121021 , 0.12109 , 0.121187 , 0.121325 , 0.121518 , 0.12179 , 0.122168 , 0.122693 , 0.123417 , 0.124409 , 0.125756 , 0.127568 , 0.129975 , 0.133121 , 0.137149 , 0.142163 , 0.148151 , 0.154851 , 0.161502 , 0.166418 , 0.166254 , 0.154783 , 0.120859 , 0 , 0 , 0 , 0 , 0 , 0 , 0 , 
1e+100 , 0.120914 , 0.120938 , 0.120972 , 0.121021 , 0.12109 , 0.121187 , 0.121325 , 0.121518 , 0.12179 , 0.122168 , 0.122693 , 0.123417 , 0.124409 , 0.125756 , 0.127568 , 0.129975 , 0.133121 , 0.137149 , 0.142163 , 0.148151 , 0.154851 , 0.161502 , 0.166418 , 0.166254 , 0.154783 , 0.120859 , 0 , 0 , 0 , 0 , 0 , 0 , 
1e+100 , 0.120898 , 0.120914 , 0.120938 , 0.120972 , 0.121021 , 0.12109 , 0.121187 , 0.121325 , 0.121518 , 0.12179 , 0.122168 , 0.122693 , 0.123417 , 0.124409 , 0.125756 , 0.127568 , 0.129975 , 0.133121 , 0.137149 , 0.142163 , 0.148151 , 0.154851 , 0.161502 , 0.166418 , 0.166254 , 0.154783 , 0.120859 , 0 , 0 , 0 , 0 , 0 , 
1e+100 , 0.120886 , 0.120898 , 0.120914 , 0.120938 , 0.120972 , 0.121021 , 0.12109 , 0.121187 , 0.121325 , 0.121518 , 0.12179 , 0.122168 , 0.122693 , 0.123417 , 0.124409 , 0.125756 , 0.127568 , 0.129975 , 0.133121 , 0.137149 , 0.142163 , 0.148151 , 0.154851 , 0.161502 , 0.166418 , 0.166254 , 0.154783 , 0.120859 , 0 , 0 , 0 , 0 , 
1e+100 , 0.120878 , 0.120886 , 0.120898 , 0.120914 , 0.120938 , 0.120972 , 0.121021 , 0.12109 , 0.121187 , 0.121325 , 0.121518 , 0.12179 , 0.122168 , 0.122693 , 0.123417 , 0.124409 , 0.125756 , 0.127568 , 0.129975 , 0.133121 , 0.137149 , 0.142163 , 0.148151 , 0.154851 , 0.161502 , 0.166418 , 0.166254 , 0.154783 , 0.120859 , 0 , 0 , 0 , 
1e+100 , 0.120872 , 0.120878 , 0.120886 , 0.120898 , 0.120914 , 0.120938 , 0.120972 , 0.121021 , 0.12109 , 0.121187 , 0.121325 , 0.121518 , 0.12179 , 0.122168 , 0.122693 , 0.123417 , 0.124409 , 0.125756 , 0.127568 , 0.129975 , 0.133121 , 0.137149 , 0.142163 , 0.148151 , 0.154851 , 0.161502 , 0.166418 , 0.166254 , 0.154783 , 0.120859 , 0 , 0 , 
1e+100 , 0.120868 , 0.120872 , 0.120878 , 0.120886 , 0.120898 , 0.120914 , 0.120938 , 0.120972 , 0.121021 , 0.12109 , 0.121187 , 0.121325 , 0.121518 , 0.12179 , 0.122168 , 0.122693 , 0.123417 , 0.124409 , 0.125756 , 0.127568 , 0.129975 , 0.133121 , 0.137149 , 0.142163 , 0.148151 , 0.154851 , 0.161502 , 0.166418 , 0.166254 , 0.154783 , 0.120859 , 0 , 
1e+100 , 0.120866 , 0.120868 , 0.120872 , 0.120878 , 0.120886 , 0.120898 , 0.120914 , 0.120938 , 0.120972 , 0.121021 , 0.12109 , 0.121187 , 0.121325 , 0.121518 , 0.12179 , 0.122168 , 0.122693 , 0.123417 , 0.124409 , 0.125756 , 0.127568 , 0.129975 , 0.133121 , 0.137149 , 0.142163 , 0.148151 , 0.154851 , 0.161502 , 0.166418 , 0.166254 , 0.154783 , 0.120859 , 

h*g ,
1e+200 , 0 , 0 , 0 , 0 , 0 , 0 , 0 , 0 , 0 , 0 , 0 , 0 , 0 , 0 , 0 , 0 , 0 , 0 , 0 , 0 , 0 , 0 , 0 , 0 , 0 , 0 , 0 , 0 , 0 , 0 , 0 , 0 , 
1e+200 , 0.130097 , 0 , 0 , 0 , 0 , 0 , 0 , 0 , 0 , 0 , 0 , 0 , 0 , 0 , 0 , 0 , 0 , 0 , 0 , 0 , 0 , 0 , 0 , 0 , 0 , 0 , 0 , 0 , 0 , 0 , 0 , 0 , 
1e+200 , 0.166613 , 0.130097 , 0 , 0 , 0 , 0 , 0 , 0 , 0 , 0 , 0 , 0 , 0 , 0 , 0 , 0 , 0 , 0 , 0 , 0 , 0 , 0 , 0 , 0 , 0 , 0 , 0 , 0 , 0 , 0 , 0 , 0 , 
1e+200 , 0.178961 , 0.166613 , 0.130097 , 0 , 0 , 0 , 0 , 0 , 0 , 0 , 0 , 0 , 0 , 0 , 0 , 0 , 0 , 0 , 0 , 0 , 0 , 0 , 0 , 0 , 0 , 0 , 0 , 0 , 0 , 0 , 0 , 0 , 
1e+200 , 0.167059 , 0.166895 , 0.156509 , 0.122207 , 0 , 0 , 0 , 0 , 0 , 0 , 0 , 0 , 0 , 0 , 0 , 0 , 0 , 0 , 0 , 0 , 0 , 0 , 0 , 0 , 0 , 0 , 0 , 0 , 0 , 0 , 0 , 0 , 
1e+200 , 0.150403 , 0.154981 , 0.156041 , 0.146404 , 0.114317 , 0 , 0 , 0 , 0 , 0 , 0 , 0 , 0 , 0 , 0 , 0 , 0 , 0 , 0 , 0 , 0 , 0 , 0 , 0 , 0 , 0 , 0 , 0 , 0 , 0 , 0 , 0 , 
1e+200 , 0.150567 , 0.157035 , 0.155672 , 0.149382 , 0.150359 , 0.117405 , 0 , 0 , 0 , 0 , 0 , 0 , 0 , 0 , 0 , 0 , 0 , 0 , 0 , 0 , 0 , 0 , 0 , 0 , 0 , 0 , 0 , 0 , 0 , 0 , 0 , 0 , 
1e+200 , 0.150136 , 0.156926 , 0.150566 , 0.141649 , 0.15363 , 0.154314 , 0.120493 , 0 , 0 , 0 , 0 , 0 , 0 , 0 , 0 , 0 , 0 , 0 , 0 , 0 , 0 , 0 , 0 , 0 , 0 , 0 , 0 , 0 , 0 , 0 , 0 , 0 , 
1e+200 , 0.149195 , 0.15548 , 0.146313 , 0.135704 , 0.148465 , 0.15694 , 0.144411 , 0.112761 , 0 , 0 , 0 , 0 , 0 , 0 , 0 , 0 , 0 , 0 , 0 , 0 , 0 , 0 , 0 , 0 , 0 , 0 , 0 , 0 , 0 , 0 , 0 , 0 , 
1e+200 , 0.14888 , 0.154323 , 0.141847 , 0.128428 , 0.13892 , 0.148275 , 0.146303 , 0.134508 , 0.105028 , 0 , 0 , 0 , 0 , 0 , 0 , 0 , 0 , 0 , 0 , 0 , 0 , 0 , 0 , 0 , 0 , 0 , 0 , 0 , 0 , 0 , 0 , 0 , 
1e+200 , 0.148491 , 0.152984 , 0.141302 , 0.129251 , 0.135502 , 0.141745 , 0.143937 , 0.141674 , 0.13147 , 0.102656 , 0 , 0 , 0 , 0 , 0 , 0 , 0 , 0 , 0 , 0 , 0 , 0 , 0 , 0 , 0 , 0 , 0 , 0 , 0 , 0 , 0 , 0 , 
1e+200 , 0.148871 , 0.152474 , 0.141323 , 0.130148 , 0.131843 , 0.133846 , 0.137249 , 0.139009 , 0.138411 , 0.128432 , 0.100284 , 0 , 0 , 0 , 0 , 0 , 0 , 0 , 0 , 0 , 0 , 0 , 0 , 0 , 0 , 0 , 0 , 0 , 0 , 0 , 0 , 0 , 
1e+200 , 0.146365 , 0.149126 , 0.140113 , 0.131348 , 0.130541 , 0.130195 , 0.132409 , 0.134264 , 0.137428 , 0.13637 , 0.125482 , 0.0979799 , 0 , 0 , 0 , 0 , 0 , 0 , 0 , 0 , 0 , 0 , 0 , 0 , 0 , 0 , 0 , 0 , 0 , 0 , 0 , 0 , 
1e+200 , 0.144532 , 0.146615 , 0.139672 , 0.133109 , 0.129822 , 0.126986 , 0.127457 , 0.128123 , 0.132281 , 0.134922 , 0.133201 , 0.122531 , 0.0956761 , 0 , 0 , 0 , 0 , 0 , 0 , 0 , 0 , 0 , 0 , 0 , 0 , 0 , 0 , 0 , 0 , 0 , 0 , 0 , 
1e+200 , 0.141689 , 0.143224 , 0.137536 , 0.132233 , 0.128694 , 0.125644 , 0.124825 , 0.124442 , 0.127776 , 0.130873 , 0.133 , 0.131014 , 0.121414 , 0.0948036 , 0 , 0 , 0 , 0 , 0 , 0 , 0 , 0 , 0 , 0 , 0 , 0 , 0 , 0 , 0 , 0 , 0 , 0 , 
1e+200 , 0.139276 , 0.140395 , 0.136026 , 0.132012 , 0.128274 , 0.124999 , 0.122853 , 0.121199 , 0.12315 , 0.125422 , 0.128749 , 0.130545 , 0.129814 , 0.120296 , 0.093931 , 0 , 0 , 0 , 0 , 0 , 0 , 0 , 0 , 0 , 0 , 0 , 0 , 0 , 0 , 0 , 0 , 0 , 
1e+200 , 0.13718 , 0.13799 , 0.133859 , 0.130011 , 0.126788 , 0.123986 , 0.121443 , 0.119405 , 0.120102 , 0.121338 , 0.124154 , 0.126701 , 0.129531 , 0.128379 , 0.120849 , 0.0943627 , 0 , 0 , 0 , 0 , 0 , 0 , 0 , 0 , 0 , 0 , 0 , 0 , 0 , 0 , 0 , 0 , 
1e+200 , 0.13532 , 0.135902 , 0.132087 , 0.128494 , 0.125863 , 0.123596 , 0.120718 , 0.118305 , 0.117728 , 0.117722 , 0.119459 , 0.121494 , 0.125307 , 0.127672 , 0.128973 , 0.121402 , 0.0947944 , 0 , 0 , 0 , 0 , 0 , 0 , 0 , 0 , 0 , 0 , 0 , 0 , 0 , 0 , 0 , 
1e+200 , 0.1355 , 0.135921 , 0.131663 , 0.12757 , 0.125208 , 0.12314 , 0.12032 , 0.11791 , 0.116563 , 0.115762 , 0.116165 , 0.117068 , 0.120217 , 0.123144 , 0.127352 , 0.127686 , 0.118738 , 0.092714 , 0 , 0 , 0 , 0 , 0 , 0 , 0 , 0 , 0 , 0 , 0 , 0 , 0 , 0 , 
1e+200 , 0.135796 , 0.136099 , 0.13145 , 0.126921 , 0.124897 , 0.123105 , 0.120422 , 0.118083 , 0.116047 , 0.114489 , 0.113548 , 0.113133 , 0.115084 , 0.117346 , 0.121894 , 0.125096 , 0.124824 , 0.116073 , 0.0906336 , 0 , 0 , 0 , 0 , 0 , 0 , 0 , 0 , 0 , 0 , 0 , 0 , 0 , 
1e+200 , 0.138076 , 0.138296 , 0.133012 , 0.127815 , 0.125513 , 0.123386 , 0.120662 , 0.118212 , 0.115719 , 0.113627 , 0.111468 , 0.109784 , 0.110095 , 0.110874 , 0.11446 , 0.117886 , 0.12084 , 0.120087 , 0.11206 , 0.0875 , 0 , 0 , 0 , 0 , 0 , 0 , 0 , 0 , 0 , 0 , 0 , 0 , 
1e+200 , 0.140413 , 0.140573 , 0.134681 , 0.128852 , 0.12632 , 0.123917 , 0.121217 , 0.118732 , 0.11587 , 0.113332 , 0.110059 , 0.107182 , 0.105887 , 0.105055 , 0.107198 , 0.109661 , 0.113285 , 0.115613 , 0.115777 , 0.108047 , 0.0843665 , 0 , 0 , 0 , 0 , 0 , 0 , 0 , 0 , 0 , 0 , 0 , 
1e+200 , 0.143948 , 0.144064 , 0.137804 , 0.13159 , 0.128444 , 0.125391 , 0.122442 , 0.119657 , 0.116471 , 0.11354 , 0.109507 , 0.105796 , 0.103049 , 0.100698 , 0.101134 , 0.102012 , 0.105113 , 0.108051 , 0.111638 , 0.111826 , 0.106319 , 0.0830175 , 0 , 0 , 0 , 0 , 0 , 0 , 0 , 0 , 0 , 0 , 
1e+200 , 0.147513 , 0.147596 , 0.140982 , 0.134402 , 0.130667 , 0.127001 , 0.123847 , 0.120815 , 0.11737 , 0.114122 , 0.109415 , 0.104963 , 0.100878 , 0.0971081 , 0.0958971 , 0.0951015 , 0.0972109 , 0.0996251 , 0.104213 , 0.107703 , 0.10997 , 0.104592 , 0.0816684 , 0 , 0 , 0 , 0 , 0 , 0 , 0 , 0 , 0 , 
1e+200 , 0.14981 , 0.14987 , 0.143655 , 0.137465 , 0.13326 , 0.129104 , 0.125589 , 0.122164 , 0.118504 , 0.114993 , 0.109947 , 0.105103 , 0.10011 , 0.0953676 , 0.092671 , 0.0903188 , 0.0910108 , 0.0921248 , 0.0962954 , 0.100436 , 0.105721 , 0.107842 , 0.102247 , 0.0798375 , 0 , 0 , 0 , 0 , 0 , 0 , 0 , 0 , 
1e+200 , 0.152125 , 0.152167 , 0.146358 , 0.140569 , 0.135907 , 0.131281 , 0.12743 , 0.123646 , 0.119811 , 0.116089 , 0.110761 , 0.10559 , 0.0997713 , 0.0941459 , 0.090081 , 0.0862791 , 0.0856103 , 0.0853404 , 0.08866 , 0.0923822 , 0.0983691 , 0.103443 , 0.105324 , 0.0999019 , 0.0780065 , 0 , 0 , 0 , 0 , 0 , 0 , 0 , 
1e+200 , 0.152369 , 0.152399 , 0.147602 , 0.14282 , 0.138175 , 0.133557 , 0.129442 , 0.125375 , 0.121394 , 0.117496 , 0.112126 , 0.106878 , 0.100692 , 0.0946623 , 0.0896158 , 0.084775 , 0.0826982 , 0.0809468 , 0.0829382 , 0.0854232 , 0.0909299 , 0.0965497 , 0.101524 , 0.103457 , 0.0984537 , 0.0768757 , 0 , 0 , 0 , 0 , 0 , 0 , 
1e+200 , 0.152622 , 0.152643 , 0.148863 , 0.145093 , 0.140472 , 0.135871 , 0.131507 , 0.127178 , 0.123073 , 0.11903 , 0.113652 , 0.108367 , 0.101864 , 0.0954819 , 0.0895286 , 0.0837304 , 0.0803555 , 0.077226 , 0.0779504 , 0.0791285 , 0.0837543 , 0.0888933 , 0.0947362 , 0.0997059 , 0.101901 , 0.0970055 , 0.0757449 , 0 , 0 , 0 , 0 , 0 , 
1e+200 , 0.15038 , 0.150395 , 0.148127 , 0.145868 , 0.14183 , 0.137807 , 0.133442 , 0.129103 , 0.124922 , 0.120787 , 0.115573 , 0.110432 , 0.104004 , 0.0976738 , 0.0912599 , 0.0849714 , 0.0804806 , 0.076176 , 0.0753835 , 0.0749486 , 0.0782279 , 0.0820851 , 0.0875782 , 0.0931974 , 0.0982148 , 0.100297 , 0.0961318 , 0.0750627 , 0 , 0 , 0 , 0 , 
1e+200 , 0.148143 , 0.148153 , 0.147401 , 0.146655 , 0.143204 , 0.139764 , 0.135407 , 0.131068 , 0.126824 , 0.122613 , 0.117585 , 0.112611 , 0.106285 , 0.100037 , 0.0932015 , 0.0864653 , 0.0809276 , 0.0755262 , 0.0733312 , 0.0713988 , 0.0734034 , 0.0759251 , 0.0806735 , 0.0859424 , 0.0916385 , 0.0964933 , 0.0993581 , 0.0952581 , 0.0743805 , 0 , 0 , 0 , 
1e+200 , 0.144395 , 0.144402 , 0.145442 , 0.146487 , 0.144043 , 0.141607 , 0.137482 , 0.133371 , 0.129109 , 0.124872 , 0.120127 , 0.115423 , 0.10946 , 0.103559 , 0.0966413 , 0.0898054 , 0.0834376 , 0.0771748 , 0.0734772 , 0.0699629 , 0.070397 , 0.0712298 , 0.0749732 , 0.0793187 , 0.0846799 , 0.0901674 , 0.0955864 , 0.0981641 , 0.0951154 , 0.0742691 , 0 , 0 , 
1e+200 , 0.14065 , 0.140654 , 0.143488 , 0.146325 , 0.144891 , 0.143462 , 0.139573 , 0.135695 , 0.131422 , 0.127168 , 0.122717 , 0.118297 , 0.112712 , 0.107177 , 0.100197 , 0.0932844 , 0.0861225 , 0.0790402 , 0.0739158 , 0.0689143 , 0.067903 , 0.0671793 , 0.0699756 , 0.073325 , 0.0779692 , 0.0831214 , 0.0890076 , 0.0941031 , 0.0980108 , 0.0949727 , 0.0741576 , 0 , 
1e+200 , 0.140646 , 0.14065 , 0.143481 , 0.146315 , 0.144877 , 0.143442 , 0.139546 , 0.135656 , 0.13137 , 0.127096 , 0.122618 , 0.118163 , 0.112532 , 0.106938 , 0.0998872 , 0.0928853 , 0.0856172 , 0.0784101 , 0.0731239 , 0.0679354 , 0.0666457 , 0.0655917 , 0.0679203 , 0.0707391 , 0.0748178 , 0.0795249 , 0.0853418 , 0.0913233 , 0.0981075 , 0.102011 , 0.0949727 , 0.0741576 , 

shifts ,
0 , 0 , 0 , 0 , 0 , 0 , 0 , 0 , 0 , 0 , 0 , 0 , 0 , 0 , 0 , 0 , 0 , 0 , 0 , 0 , 0 , 0 , 0 , 0 , 0 , 0 , 0 , 0 , 0 , 0 , 0 , 0 , 0 , 
0 , 0 , 0 , 0 , 0 , 0 , 0 , 0 , 0 , 0 , 0 , 0 , 0 , 0 , 0 , 0 , 0 , 0 , 0 , 0 , 0 , 0 , 0 , 0 , 0 , 0 , 0 , 0 , 0 , 0 , 0 , 0 , 0 , 
0 , 0 , 0 , 0 , 0 , 0 , 0 , 0 , 0 , 0 , 0 , 0 , 0 , 0 , 0 , 0 , 0 , 0 , 0 , 0 , 0 , 0 , 0 , 0 , 0 , 0 , 0 , 0 , 0 , 0 , 0 , 0 , 0 , 
0 , 0 , 0 , 0 , 0 , 0 , 0 , 0 , 0 , 0 , 0 , 0 , 0 , 0 , 0 , 0 , 0 , 0 , 0 , 0 , 0 , 0 , 0 , 0 , 0 , 0 , 0 , 0 , 0 , 0 , 0 , 0 , 0 , 
0 , 0 , 0 , 0 , 0 , 0 , 0 , 0 , 0 , 0 , 0 , 0 , 0 , 0 , 0 , 0 , 0 , 0 , 0 , 0 , 0 , 0 , 0 , 0 , 0 , 0 , 0 , 0 , 0 , 0 , 0 , 0 , 0 , 
0 , 0 , 0 , 0 , 0 , 0 , 0 , 0 , 0 , 0 , 0 , 0 , 0 , 0 , 0 , 0 , 0 , 0 , 0 , 0 , 0 , 0 , 0 , 0 , 0 , 0 , 0 , 0 , 0 , 0 , 0 , 0 , 0 , 
0 , 0 , 0 , 0 , 0 , 0 , 0 , 0 , 0 , 0 , 0 , 0 , 0 , 0 , 0 , 0 , 0 , 0 , 0 , 0 , 0 , 0 , 0 , 0 , 0 , 0 , 0 , 0 , 0 , 0 , 0 , 0 , 0 , 
0 , 0 , 0 , 0 , 0 , 0 , 0 , 0 , 0 , 0 , 0 , 0 , 0 , 0 , 0 , 0 , 0 , 0 , 0 , 0 , 0 , 0 , 0 , 0 , 0 , 0 , 0 , 0 , 0 , 0 , 0 , 0 , 0 , 
0 , 0 , 0 , 0 , 0 , 0 , 0 , 0 , 0 , 0 , 0 , 0 , 0 , 0 , 0 , 0 , 0 , 0 , 0 , 0 , 0 , 0 , 0 , 0 , 0 , 0 , 0 , 0 , 0 , 0 , 0 , 0 , 0 , 
0 , 0 , 0 , 0 , 0 , 0 , 0 , 0 , 0 , 0 , 0 , 0 , 0 , 0 , 0 , 0 , 0 , 0 , 0 , 0 , 0 , 0 , 0 , 0 , 0 , 0 , 0 , 0 , 0 , 0 , 0 , 0 , 0 , 
0 , 0 , 0 , 0 , 0 , 0 , 0 , 0 , 0 , 0 , 0 , 0 , 0 , 0 , 0 , 0 , 0 , 0 , 0 , 0 , 0 , 0 , 0 , 0 , 0 , 0 , 0 , 0 , 0 , 0 , 0 , 0 , 0 , 
0 , 0 , 0 , 0 , 0 , 0 , 0 , 0 , 0 , 0 , 0 , 0 , 0 , 0 , 0 , 0 , 0 , 0 , 0 , 0 , 0 , 0 , 0 , 0 , 0 , 0 , 0 , 0 , 0 , 0 , 0 , 0 , 0 , 
0 , 0 , 0 , 0 , 0 , 0 , 0 , 0 , 0 , 0 , 0 , 0 , 0 , 0 , 0 , 0 , 0 , 0 , 0 , 0 , 0 , 0 , 0 , 0 , 0 , 0 , 0 , 0 , 0 , 0 , 0 , 0 , 0 , 
0 , 0 , 0 , 0 , 0 , 0 , 0 , 0 , 0 , 0 , 0 , 0 , 0 , 0 , 0 , 0 , 0 , 0 , 0 , 0 , 0 , 0 , 0 , 0 , 0 , 0 , 0 , 0 , 0 , 0 , 0 , 0 , 0 , 
0 , 0 , 0 , 0 , 0 , 0 , 0 , 0 , 0 , 0 , 0 , 0 , 0 , 0 , 0 , 0 , 0 , 0 , 0 , 0 , 0 , 0 , 0 , 0 , 0 , 0 , 0 , 0 , 0 , 0 , 0 , 0 , 0 , 
0 , 0 , 0 , 0 , 0 , 0 , 0 , 0 , 0 , 0 , 0 , 0 , 0 , 0 , 0 , 0 , 0 , 0 , 0 , 0 , 0 , 0 , 0 , 0 , 0 , 0 , 0 , 0 , 0 , 0 , 0 , 0 , 0 , 
0 , 0 , 0 , 0 , 0 , 0 , 0 , 0 , 0 , 0 , 0 , 0 , 0 , 0 , 0 , 0 , 0 , 0 , 0 , 0 , 0 , 0 , 0 , 0 , 0 , 0 , 0 , 0 , 0 , 0 , 0 , 0 , 0 , 
0 , 0 , 0 , 0 , 0 , 0 , 0 , 0 , 0 , 0 , 0 , 0 , 0 , 0 , 0 , 0 , 0 , 0 , 0 , 0 , 0 , 0 , 0 , 0 , 0 , 0 , 0 , 0 , 0 , 0 , 0 , 0 , 0 , 
0 , 0 , 0 , 0 , 0 , 0 , 0 , 0 , 0 , 0 , 0 , 0 , 0 , 0 , 0 , 0 , 0 , 0 , 0 , 0 , 0 , 0 , 0 , 0 , 0 , 0 , 0 , 0 , 0 , 0 , 0 , 0 , 0 , 
0 , 0 , 0 , 0 , 0 , 0 , 0 , 0 , 0 , 0 , 0 , 0 , 0 , 0 , 0 , 0 , 0 , 0 , 0 , 0 , 0 , 0 , 0 , 0 , 0 , 0 , 0 , 0 , 0 , 0 , 0 , 0 , 0 , 
0 , 0 , 0 , 0 , 0 , 0 , 0 , 0 , 0 , 0 , 0 , 0 , 0 , 0 , 0 , 0 , 0 , 0 , 0 , 0 , 0 , 0 , 0 , 0 , 0 , 0 , 0 , 0 , 0 , 0 , 0 , 0 , 0 , 
0 , 0 , 0 , 0 , 0 , 0 , 0 , 0 , 0 , 0 , 0 , 0 , 0 , 0 , 0 , 0 , 0 , 0 , 0 , 0 , 0 , 0 , 0 , 0 , 0 , 0 , 0 , 0 , 0 , 0 , 0 , 0 , 0 , 
0 , 0 , 0 , 0 , 0 , 0 , 0 , 0 , 0 , 0 , 0 , 0 , 0 , 0 , 0 , 0 , 0 , 0 , 0 , 0 , 0 , 0 , 0 , 0 , 0 , 0 , 0 , 0 , 0 , 0 , 0 , 0 , 0 , 
0 , 0 , 0 , 0 , 0 , 0 , 0 , 0 , 0 , 0 , 0 , 0 , 0 , 0 , 0 , 0 , 0 , 0 , 0 , 0 , 0 , 0 , 0 , 0 , 0 , 0 , 0 , 0 , 0 , 0 , 0 , 0 , 0 , 
0 , 0 , 0 , 0 , 0 , 0 , 0 , 0 , 0 , 0 , 0 , 0 , 0 , 0 , 0 , 0 , 0 , 0 , 0 , 0 , 0 , 0 , 0 , 0 , 0 , 0 , 0 , 0 , 0 , 0 , 0 , 0 , 0 , 
0 , 0 , 0 , 0 , 0 , 0 , 0 , 0 , 0 , 0 , 0 , 0 , 0 , 0 , 0 , 0 , 0 , 0 , 0 , 0 , 0 , 0 , 0 , 0 , 0 , 0 , 0 , 0 , 0 , 0 , 0 , 0 , 0 , 
0 , 0 , 0 , 0 , 0 , 0 , 0 , 0 , 0 , 0 , 0 , 0 , 0 , 0 , 0 , 0 , 0 , 0 , 0 , 0 , 0 , 0 , 0 , 0 , 0 , 0 , 0 , 0 , 0 , 0 , 0 , 0 , 0 , 
0 , 0 , 0 , 0 , 0 , 0 , 0 , 0 , 0 , 0 , 0 , 0 , 0 , 0 , 0 , 0 , 0 , 0 , 0 , 0 , 0 , 0 , 0 , 0 , 0 , 0 , 0 , 0 , 0 , 0 , 0 , 0 , 0 , 
0 , 0 , 0 , 0 , 0 , 0 , 0 , 0 , 0 , 0 , 0 , 0 , 0 , 0 , 0 , 0 , 0 , 0 , 0 , 0 , 0 , 0 , 0 , 0 , 0 , 0 , 0 , 0 , 0 , 0 , 0 , 0 , 0 , 
0 , 0 , 0 , 0 , 0 , 0 , 0 , 0 , 0 , 0 , 0 , 0 , 0 , 0 , 0 , 0 , 0 , 0 , 0 , 0 , 0 , 0 , 0 , 0 , 0 , 0 , 0 , 0 , 0 , 0 , 0 , 0 , 0 , 
0 , 0 , 0 , 0 , 0 , 0 , 0 , 0 , 0 , 0 , 0 , 0 , 0 , 0 , 0 , 0 , 0 , 0 , 0 , 0 , 0 , 0 , 0 , 0 , 0 , 0 , 0 , 0 , 0 , 0 , 0 , 0 , 0 , 
0 , 0 , 0 , 0 , 0 , 0 , 0 , 0 , 0 , 0 , 0 , 0 , 0 , 0 , 0 , 0 , 0 , 0 , 0 , 0 , 0 , 0 , 0 , 0 , 0 , 0 , 0 , 0 , 0 , 0 , 0 , 0 , 0 , 
0 , 0 , 0 , 0 , 0 , 0 , 0 , 0 , 0 , 0 , 0 , 0 , 0 , 0 , 0 , 0 , 0 , 0 , 0 , 0 , 0 , 0 , 0 , 0 , 0 , 0 , 0 , 0 , 0 , 0 , 0 , 0 , 0 , 

