g ,
1e+100 , 0 , 0 , 0 , 0 , 0 , 0 , 0 , 0 , 0 , 0 , 0 , 0 , 0 , 0 , 0 , 0 , 0 , 0 , 0 , 0 , 0 , 0 , 0 , 0 , 0 , 0 , 0 , 0 , 0 , 0 , 0 , 0 , 
1e+100 , 1.02529 , 0 , 0 , 0 , 0 , 0 , 0 , 0 , 0 , 0 , 0 , 0 , 0 , 0 , 0 , 0 , 0 , 0 , 0 , 0 , 0 , 0 , 0 , 0 , 0 , 0 , 0 , 0 , 0 , 0 , 0 , 0 , 
1e+100 , 1.02529 , 1.02529 , 0 , 0 , 0 , 0 , 0 , 0 , 0 , 0 , 0 , 0 , 0 , 0 , 0 , 0 , 0 , 0 , 0 , 0 , 0 , 0 , 0 , 0 , 0 , 0 , 0 , 0 , 0 , 0 , 0 , 0 , 
1e+100 , 1.02529 , 1.02529 , 1.02529 , 0 , 0 , 0 , 0 , 0 , 0 , 0 , 0 , 0 , 0 , 0 , 0 , 0 , 0 , 0 , 0 , 0 , 0 , 0 , 0 , 0 , 0 , 0 , 0 , 0 , 0 , 0 , 0 , 0 , 
1e+100 , 1.03197 , 1.03197 , 0.906228 , 0.906228 , 0 , 0 , 0 , 0 , 0 , 0 , 0 , 0 , 0 , 0 , 0 , 0 , 0 , 0 , 0 , 0 , 0 , 0 , 0 , 0 , 0 , 0 , 0 , 0 , 0 , 0 , 0 , 0 , 
1e+100 , 1.03865 , 1.03865 , 0.912906 , 0.787163 , 0.787163 , 0 , 0 , 0 , 0 , 0 , 0 , 0 , 0 , 0 , 0 , 0 , 0 , 0 , 0 , 0 , 0 , 0 , 0 , 0 , 0 , 0 , 0 , 0 , 0 , 0 , 0 , 0 , 
1e+100 , 1.04579 , 1.04579 , 0.927055 , 0.808322 , 0.875846 , 0.875846 , 0 , 0 , 0 , 0 , 0 , 0 , 0 , 0 , 0 , 0 , 0 , 0 , 0 , 0 , 0 , 0 , 0 , 0 , 0 , 0 , 0 , 0 , 0 , 0 , 0 , 0 , 
1e+100 , 1.05293 , 1.05293 , 0.941205 , 0.82948 , 0.897005 , 0.96453 , 0.96453 , 0 , 0 , 0 , 0 , 0 , 0 , 0 , 0 , 0 , 0 , 0 , 0 , 0 , 0 , 0 , 0 , 0 , 0 , 0 , 0 , 0 , 0 , 0 , 0 , 0 , 
1e+100 , 1.06062 , 1.06062 , 0.955633 , 0.850644 , 0.907046 , 0.963449 , 0.86116 , 0.86116 , 0 , 0 , 0 , 0 , 0 , 0 , 0 , 0 , 0 , 0 , 0 , 0 , 0 , 0 , 0 , 0 , 0 , 0 , 0 , 0 , 0 , 0 , 0 , 0 , 
1e+100 , 1.06832 , 1.06832 , 0.970062 , 0.871808 , 0.917088 , 0.962367 , 0.860079 , 0.75779 , 0.75779 , 0 , 0 , 0 , 0 , 0 , 0 , 0 , 0 , 0 , 0 , 0 , 0 , 0 , 0 , 0 , 0 , 0 , 0 , 0 , 0 , 0 , 0 , 0 , 
1e+100 , 1.07647 , 1.07647 , 0.984727 , 0.89298 , 0.927142 , 0.961304 , 0.868606 , 0.775908 , 0.801183 , 0.801183 , 0 , 0 , 0 , 0 , 0 , 0 , 0 , 0 , 0 , 0 , 0 , 0 , 0 , 0 , 0 , 0 , 0 , 0 , 0 , 0 , 0 , 0 , 
1e+100 , 1.08463 , 1.08463 , 0.999393 , 0.914151 , 0.937196 , 0.960241 , 0.877134 , 0.794027 , 0.819302 , 0.844576 , 0.844576 , 0 , 0 , 0 , 0 , 0 , 0 , 0 , 0 , 0 , 0 , 0 , 0 , 0 , 0 , 0 , 0 , 0 , 0 , 0 , 0 , 0 , 
1e+100 , 1.09311 , 1.09311 , 1.01421 , 0.935304 , 0.947249 , 0.959195 , 0.885671 , 0.812147 , 0.829933 , 0.84772 , 0.77935 , 0.77935 , 0 , 0 , 0 , 0 , 0 , 0 , 0 , 0 , 0 , 0 , 0 , 0 , 0 , 0 , 0 , 0 , 0 , 0 , 0 , 0 , 
1e+100 , 1.10159 , 1.10159 , 1.02902 , 0.956456 , 0.957302 , 0.958148 , 0.894208 , 0.830268 , 0.840565 , 0.850863 , 0.782493 , 0.714123 , 0.714123 , 0 , 0 , 0 , 0 , 0 , 0 , 0 , 0 , 0 , 0 , 0 , 0 , 0 , 0 , 0 , 0 , 0 , 0 , 0 , 
1e+100 , 1.11029 , 1.11029 , 1.04394 , 0.977587 , 0.967358 , 0.95713 , 0.902767 , 0.848404 , 0.851211 , 0.854017 , 0.792904 , 0.731792 , 0.721324 , 0.721324 , 0 , 0 , 0 , 0 , 0 , 0 , 0 , 0 , 0 , 0 , 0 , 0 , 0 , 0 , 0 , 0 , 0 , 0 , 
1e+100 , 1.11899 , 1.11899 , 1.05885 , 0.998718 , 0.977415 , 0.956111 , 0.911326 , 0.866541 , 0.861856 , 0.857171 , 0.803316 , 0.749461 , 0.738993 , 0.728525 , 0.728525 , 0 , 0 , 0 , 0 , 0 , 0 , 0 , 0 , 0 , 0 , 0 , 0 , 0 , 0 , 0 , 0 , 0 , 
1e+100 , 1.12788 , 1.12788 , 1.07387 , 1.01985 , 0.987499 , 0.955143 , 0.919929 , 0.884715 , 0.872535 , 0.860355 , 0.813747 , 0.76714 , 0.748342 , 0.729545 , 0.721226 , 0.721226 , 0 , 0 , 0 , 0 , 0 , 0 , 0 , 0 , 0 , 0 , 0 , 0 , 0 , 0 , 0 , 0 , 
1e+100 , 1.13677 , 1.13677 , 1.08888 , 1.04099 , 0.997582 , 0.954174 , 0.928531 , 0.902889 , 0.883214 , 0.86354 , 0.824179 , 0.784818 , 0.757691 , 0.730565 , 0.722246 , 0.713927 , 0.713927 , 0 , 0 , 0 , 0 , 0 , 0 , 0 , 0 , 0 , 0 , 0 , 0 , 0 , 0 , 0 , 
1e+100 , 1.14586 , 1.14586 , 1.10401 , 1.06217 , 1.00773 , 0.953282 , 0.937203 , 0.921125 , 0.893951 , 0.866776 , 0.834651 , 0.802525 , 0.767059 , 0.731593 , 0.723634 , 0.715675 , 0.708638 , 0.708638 , 0 , 0 , 0 , 0 , 0 , 0 , 0 , 0 , 0 , 0 , 0 , 0 , 0 , 0 , 
1e+100 , 1.15494 , 1.15494 , 1.11915 , 1.08335 , 1.01787 , 0.952389 , 0.945875 , 0.939361 , 0.904687 , 0.870013 , 0.845123 , 0.820232 , 0.776427 , 0.732622 , 0.725023 , 0.717423 , 0.710387 , 0.70335 , 0.70335 , 0 , 0 , 0 , 0 , 0 , 0 , 0 , 0 , 0 , 0 , 0 , 0 , 0 , 
1e+100 , 1.1642 , 1.1642 , 1.1344 , 1.1046 , 1.02809 , 0.951583 , 0.954626 , 0.95767 , 0.91549 , 0.873311 , 0.855644 , 0.837978 , 0.785823 , 0.733668 , 0.726421 , 0.719175 , 0.703356 , 0.687537 , 0.658859 , 0.658859 , 0 , 0 , 0 , 0 , 0 , 0 , 0 , 0 , 0 , 0 , 0 , 0 , 
1e+100 , 1.17347 , 1.17347 , 1.14966 , 1.12585 , 1.03831 , 0.950777 , 0.963378 , 0.975978 , 0.926293 , 0.876609 , 0.866166 , 0.855723 , 0.795218 , 0.734713 , 0.72782 , 0.720927 , 0.696325 , 0.671723 , 0.643046 , 0.614368 , 0.614368 , 0 , 0 , 0 , 0 , 0 , 0 , 0 , 0 , 0 , 0 , 0 , 
1e+100 , 1.18287 , 1.18287 , 1.16502 , 1.14717 , 1.04861 , 0.950048 , 0.9722 , 0.994351 , 0.937157 , 0.879963 , 0.876734 , 0.873506 , 0.804643 , 0.735779 , 0.729232 , 0.722685 , 0.689298 , 0.655911 , 0.628446 , 0.600982 , 0.683547 , 0.683547 , 0 , 0 , 0 , 0 , 0 , 0 , 0 , 0 , 0 , 0 , 
1e+100 , 1.19228 , 1.19228 , 1.18038 , 1.16848 , 1.0589 , 0.949319 , 0.981022 , 1.01272 , 0.94802 , 0.883316 , 0.887303 , 0.89129 , 0.814067 , 0.736845 , 0.730644 , 0.724444 , 0.682271 , 0.640098 , 0.613847 , 0.587596 , 0.670161 , 0.752726 , 0.752726 , 0 , 0 , 0 , 0 , 0 , 0 , 0 , 0 , 0 , 
1e+100 , 1.20179 , 1.20179 , 1.19582 , 1.18985 , 1.06925 , 0.948643 , 0.989893 , 1.03114 , 0.958927 , 0.886709 , 0.897906 , 0.909102 , 0.823514 , 0.737927 , 0.732068 , 0.726209 , 0.675248 , 0.624288 , 0.599248 , 0.574209 , 0.651705 , 0.729201 , 0.651248 , 0.651248 , 0 , 0 , 0 , 0 , 0 , 0 , 0 , 0 , 
1e+100 , 1.21129 , 1.21129 , 1.21126 , 1.21122 , 1.07959 , 0.947967 , 0.998765 , 1.04956 , 0.969833 , 0.890103 , 0.908508 , 0.926914 , 0.832961 , 0.739009 , 0.733492 , 0.727975 , 0.668226 , 0.608477 , 0.58465 , 0.560823 , 0.63325 , 0.705676 , 0.627723 , 0.549771 , 0.549771 , 0 , 0 , 0 , 0 , 0 , 0 , 0 , 
1e+100 , 1.22085 , 1.22085 , 1.22673 , 1.23261 , 1.08997 , 0.94732 , 1.00766 , 1.06801 , 0.980762 , 0.893517 , 0.919129 , 0.944741 , 0.84242 , 0.7401 , 0.734922 , 0.729744 , 0.661205 , 0.592666 , 0.57005 , 0.547435 , 0.614793 , 0.682151 , 0.636332 , 0.590514 , 0.603308 , 0.603308 , 0 , 0 , 0 , 0 , 0 , 0 , 
1e+100 , 1.23041 , 1.23041 , 1.24221 , 1.25401 , 1.10034 , 0.946673 , 1.01656 , 1.08645 , 0.991691 , 0.896931 , 0.929749 , 0.962568 , 0.851879 , 0.741191 , 0.736352 , 0.731513 , 0.654184 , 0.576855 , 0.555451 , 0.534047 , 0.596336 , 0.658625 , 0.644941 , 0.631257 , 0.644052 , 0.656846 , 0.656846 , 0 , 0 , 0 , 0 , 0 , 
1e+100 , 1.23998 , 1.23998 , 1.2577 , 1.27541 , 1.11073 , 0.946037 , 1.02547 , 1.1049 , 1.00263 , 0.900353 , 0.940376 , 0.9804 , 0.861342 , 0.742285 , 0.737784 , 0.733283 , 0.647163 , 0.561044 , 0.540851 , 0.520657 , 0.577878 , 0.635099 , 0.65355 , 0.672001 , 0.632136 , 0.592272 , 0.632313 , 0.632313 , 0 , 0 , 0 , 0 , 
1e+100 , 1.24955 , 1.24955 , 1.27319 , 1.29682 , 1.12111 , 0.9454 , 1.03438 , 1.12336 , 1.01357 , 0.903774 , 0.951003 , 0.998232 , 0.870805 , 0.743379 , 0.739216 , 0.735053 , 0.640143 , 0.545232 , 0.52625 , 0.507268 , 0.55942 , 0.611572 , 0.662158 , 0.712744 , 0.620221 , 0.527698 , 0.56774 , 0.607781 , 0.607781 , 0 , 0 , 0 , 
1e+100 , 1.25913 , 1.25913 , 1.28868 , 1.31823 , 1.1315 , 0.944766 , 1.04329 , 1.14181 , 1.0245 , 0.907197 , 0.961631 , 1.01607 , 0.880269 , 0.744473 , 0.740648 , 0.736822 , 0.633122 , 0.529421 , 0.511649 , 0.493878 , 0.540961 , 0.588045 , 0.670766 , 0.753487 , 0.608306 , 0.463125 , 0.482172 , 0.50122 , 0.734915 , 0.734915 , 0 , 0 , 
1e+100 , 1.2687 , 1.2687 , 1.30417 , 1.33963 , 1.14188 , 0.944131 , 1.0522 , 1.16027 , 1.03544 , 0.91062 , 0.972259 , 1.0339 , 0.889732 , 0.745567 , 0.74208 , 0.738592 , 0.626101 , 0.513609 , 0.497048 , 0.480488 , 0.522503 , 0.564518 , 0.679374 , 0.79423 , 0.596391 , 0.398551 , 0.396605 , 0.394659 , 0.628355 , 0.86205 , 0.86205 , 0 , 
1e+100 , 1.2687 , 1.2687 , 1.30417 , 1.33963 , 1.14188 , 0.944131 , 1.0522 , 1.16027 , 1.03544 , 0.91062 , 0.972259 , 1.0339 , 0.889732 , 0.745567 , 0.74208 , 0.738592 , 0.626101 , 0.513609 , 0.497048 , 0.480488 , 0.522503 , 0.564518 , 0.679374 , 0.79423 , 0.596391 , 0.398551 , 0.396605 , 0.394659 , 0.628355 , 0.86205 , 0.86205 , 0.86205 , 

h ,
1e+100 , 0 , 0 , 0 , 0 , 0 , 0 , 0 , 0 , 0 , 0 , 0 , 0 , 0 , 0 , 0 , 0 , 0 , 0 , 0 , 0 , 0 , 0 , 0 , 0 , 0 , 0 , 0 , 0 , 0 , 0 , 0 , 0 , 
1e+100 , 0.120859 , 0 , 0 , 0 , 0 , 0 , 0 , 0 , 0 , 0 , 0 , 0 , 0 , 0 , 0 , 0 , 0 , 0 , 0 , 0 , 0 , 0 , 0 , 0 , 0 , 0 , 0 , 0 , 0 , 0 , 0 , 0 , 
1e+100 , 0.154783 , 0.120859 , 0 , 0 , 0 , 0 , 0 , 0 , 0 , 0 , 0 , 0 , 0 , 0 , 0 , 0 , 0 , 0 , 0 , 0 , 0 , 0 , 0 , 0 , 0 , 0 , 0 , 0 , 0 , 0 , 0 , 0 , 
1e+100 , 0.166254 , 0.154783 , 0.120859 , 0 , 0 , 0 , 0 , 0 , 0 , 0 , 0 , 0 , 0 , 0 , 0 , 0 , 0 , 0 , 0 , 0 , 0 , 0 , 0 , 0 , 0 , 0 , 0 , 0 , 0 , 0 , 0 , 0 , 
1e+100 , 0.166418 , 0.166254 , 0.154783 , 0.120859 , 0 , 0 , 0 , 0 , 0 , 0 , 0 , 0 , 0 , 0 , 0 , 0 , 0 , 0 , 0 , 0 , 0 , 0 , 0 , 0 , 0 , 0 , 0 , 0 , 0 , 0 , 0 , 0 , 
1e+100 , 0.161502 , 0.166418 , 0.166254 , 0.154783 , 0.120859 , 0 , 0 , 0 , 0 , 0 , 0 , 0 , 0 , 0 , 0 , 0 , 0 , 0 , 0 , 0 , 0 , 0 , 0 , 0 , 0 , 0 , 0 , 0 , 0 , 0 , 0 , 0 , 
1e+100 , 0.154851 , 0.161502 , 0.166418 , 0.166254 , 0.154783 , 0.120859 , 0 , 0 , 0 , 0 , 0 , 0 , 0 , 0 , 0 , 0 , 0 , 0 , 0 , 0 , 0 , 0 , 0 , 0 , 0 , 0 , 0 , 0 , 0 , 0 , 0 , 0 , 
1e+100 , 0.148151 , 0.154851 , 0.161502 , 0.166418 , 0.166254 , 0.154783 , 0.120859 , 0 , 0 , 0 , 0 , 0 , 0 , 0 , 0 , 0 , 0 , 0 , 0 , 0 , 0 , 0 , 0 , 0 , 0 , 0 , 0 , 0 , 0 , 0 , 0 , 0 , 
1e+100 , 0.142163 , 0.148151 , 0.154851 , 0.161502 , 0.166418 , 0.166254 , 0.154783 , 0.120859 , 0 , 0 , 0 , 0 , 0 , 0 , 0 , 0 , 0 , 0 , 0 , 0 , 0 , 0 , 0 , 0 , 0 , 0 , 0 , 0 , 0 , 0 , 0 , 0 , 
1e+100 , 0.137149 , 0.142163 , 0.148151 , 0.154851 , 0.161502 , 0.166418 , 0.166254 , 0.154783 , 0.120859 , 0 , 0 , 0 , 0 , 0 , 0 , 0 , 0 , 0 , 0 , 0 , 0 , 0 , 0 , 0 , 0 , 0 , 0 , 0 , 0 , 0 , 0 , 0 , 
1e+100 , 0.133121 , 0.137149 , 0.142163 , 0.148151 , 0.154851 , 0.161502 , 0.166418 , 0.166254 , 0.154783 , 0.120859 , 0 , 0 , 0 , 0 , 0 , 0 , 0 , 0 , 0 , 0 , 0 , 0 , 0 , 0 , 0 , 0 , 0 , 0 , 0 , 0 , 0 , 0 , 
1e+100 , 0.129975 , 0.133121 , 0.137149 , 0.142163 , 0.148151 , 0.154851 , 0.161502 , 0.166418 , 0.166254 , 0.154783 , 0.120859 , 0 , 0 , 0 , 0 , 0 , 0 , 0 , 0 , 0 , 0 , 0 , 0 , 0 , 0 , 0 , 0 , 0 , 0 , 0 , 0 , 0 , 
1e+100 , 0.127568 , 0.129975 , 0.133121 , 0.137149 , 0.142163 , 0.148151 , 0.154851 , 0.161502 , 0.166418 , 0.166254 , 0.154783 , 0.120859 , 0 , 0 , 0 , 0 , 0 , 0 , 0 , 0 , 0 , 0 , 0 , 0 , 0 , 0 , 0 , 0 , 0 , 0 , 0 , 0 , 
1e+100 , 0.125756 , 0.127568 , 0.129975 , 0.133121 , 0.137149 , 0.142163 , 0.148151 , 0.154851 , 0.161502 , 0.166418 , 0.166254 , 0.154783 , 0.120859 , 0 , 0 , 0 , 0 , 0 , 0 , 0 , 0 , 0 , 0 , 0 , 0 , 0 , 0 , 0 , 0 , 0 , 0 , 0 , 
1e+100 , 0.124409 , 0.125756 , 0.127568 , 0.129975 , 0.133121 , 0.137149 , 0.142163 , 0.148151 , 0.154851 , 0.161502 , 0.166418 , 0.166254 , 0.154783 , 0.120859 , 0 , 0 , 0 , 0 , 0 , 0 , 0 , 0 , 0 , 0 , 0 , 0 , 0 , 0 , 0 , 0 , 0 , 0 , 
1e+100 , 0.123417 , 0.124409 , 0.125756 , 0.127568 , 0.129975 , 0.133121 , 0.137149 , 0.142163 , 0.148151 , 0.154851 , 0.161502 , 0.166418 , 0.166254 , 0.154783 , 0.120859 , 0 , 0 , 0 , 0 , 0 , 0 , 0 , 0 , 0 , 0 , 0 , 0 , 0 , 0 , 0 , 0 , 0 , 
1e+100 , 0.122693 , 0.123417 , 0.124409 , 0.125756 , 0.127568 , 0.129975 , 0.133121 , 0.137149 , 0.142163 , 0.148151 , 0.154851 , 0.161502 , 0.166418 , 0.166254 , 0.154783 , 0.120859 , 0 , 0 , 0 , 0 , 0 , 0 , 0 , 0 , 0 , 0 , 0 , 0 , 0 , 0 , 0 , 0 , 
1e+100 , 0.122168 , 0.122693 , 0.123417 , 0.124409 , 0.125756 , 0.127568 , 0.129975 , 0.133121 , 0.137149 , 0.142163 , 0.148151 , 0.154851 , 0.161502 , 0.166418 , 0.166254 , 0.154783 , 0.120859 , 0 , 0 , 0 , 0 , 0 , 0 , 0 , 0 , 0 , 0 , 0 , 0 , 0 , 0 , 0 , 
1e+100 , 0.12179 , 0.122168 , 0.122693 , 0.123417 , 0.124409 , 0.125756 , 0.127568 , 0.129975 , 0.133121 , 0.137149 , 0.142163 , 0.148151 , 0.154851 , 0.161502 , 0.166418 , 0.166254 , 0.154783 , 0.120859 , 0 , 0 , 0 , 0 , 0 , 0 , 0 , 0 , 0 , 0 , 0 , 0 , 0 , 0 , 
1e+100 , 0.121518 , 0.12179 , 0.122168 , 0.122693 , 0.123417 , 0.124409 , 0.125756 , 0.127568 , 0.129975 , 0.133121 , 0.137149 , 0.142163 , 0.148151 , 0.154851 , 0.161502 , 0.166418 , 0.166254 , 0.154783 , 0.120859 , 0 , 0 , 0 , 0 , 0 , 0 , 0 , 0 , 0 , 0 , 0 , 0 , 0 , 
1e+100 , 0.121325 , 0.121518 , 0.12179 , 0.122168 , 0.122693 , 0.123417 , 0.124409 , 0.125756 , 0.127568 , 0.129975 , 0.133121 , 0.137149 , 0.142163 , 0.148151 , 0.154851 , 0.161502 , 0.166418 , 0.166254 , 0.154783 , 0.120859 , 0 , 0 , 0 , 0 , 0 , 0 , 0 , 0 , 0 , 0 , 0 , 0 , 
1e+100 , 0.121187 , 0.121325 , 0.121518 , 0.12179 , 0.122168 , 0.122693 , 0.123417 , 0.124409 , 0.125756 , 0.127568 , 0.129975 , 0.133121 , 0.137149 , 0.142163 , 0.148151 , 0.154851 , 0.161502 , 0.166418 , 0.166254 , 0.154783 , 0.120859 , 0 , 0 , 0 , 0 , 0 , 0 , 0 , 0 , 0 , 0 , 0 , 
1e+100 , 0.12109 , 0.121187 , 0.121325 , 0.121518 , 0.12179 , 0.122168 , 0.122693 , 0.123417 , 0.124409 , 0.125756 , 0.127568 , 0.129975 , 0.133121 , 0.137149 , 0.142163 , 0.148151 , 0.154851 , 0.161502 , 0.166418 , 0.166254 , 0.154783 , 0.120859 , 0 , 0 , 0 , 0 , 0 , 0 , 0 , 0 , 0 , 0 , 
1e+100 , 0.121021 , 0.12109 , 0.121187 , 0.121325 , 0.121518 , 0.12179 , 0.122168 , 0.122693 , 0.123417 , 0.124409 , 0.125756 , 0.127568 , 0.129975 , 0.133121 , 0.137149 , 0.142163 , 0.148151 , 0.154851 , 0.161502 , 0.166418 , 0.166254 , 0.154783 , 0.120859 , 0 , 0 , 0 , 0 , 0 , 0 , 0 , 0 , 0 , 
1e+100 , 0.120972 , 0.121021 , 0.12109 , 0.121187 , 0.121325 , 0.121518 , 0.12179 , 0.122168 , 0.122693 , 0.123417 , 0.124409 , 0.125756 , 0.127568 , 0.129975 , 0.133121 , 0.137149 , 0.142163 , 0.148151 , 0.154851 , 0.161502 , 0.166418 , 0.166254 , 0.154783 , 0.120859 , 0 , 0 , 0 , 0 , 0 , 0 , 0 , 0 , 
1e+100 , 0.120938 , 0.120972 , 0.121021 , 0.12109 , 0.121187 , 0.121325 , 0.121518 , 0.12179 , 0.122168 , 0.122693 , 0.123417 , 0.124409 , 0.125756 , 0.127568 , 0.129975 , 0.133121 , 0.137149 , 0.142163 , 0.148151 , 0.154851 , 0.161502 , 0.166418 , 0.166254 , 0.154783 , 0.120859 , 0 , 0 , 0 , 0 , 0 , 0 , 0 , 
1e+100 , 0.120914 , 0.120938 , 0.120972 , 0.121021 , 0.12109 , 0.121187 , 0.121325 , 0.121518 , 0.12179 , 0.122168 , 0.122693 , 0.123417 , 0.124409 , 0.125756 , 0.127568 , 0.129975 , 0.133121 , 0.137149 , 0.142163 , 0.148151 , 0.154851 , 0.161502 , 0.166418 , 0.166254 , 0.154783 , 0.120859 , 0 , 0 , 0 , 0 , 0 , 0 , 
1e+100 , 0.120898 , 0.120914 , 0.120938 , 0.120972 , 0.121021 , 0.12109 , 0.121187 , 0.121325 , 0.121518 , 0.12179 , 0.122168 , 0.122693 , 0.123417 , 0.124409 , 0.125756 , 0.127568 , 0.129975 , 0.133121 , 0.137149 , 0.142163 , 0.148151 , 0.154851 , 0.161502 , 0.166418 , 0.166254 , 0.154783 , 0.120859 , 0 , 0 , 0 , 0 , 0 , 
1e+100 , 0.120886 , 0.120898 , 0.120914 , 0.120938 , 0.120972 , 0.121021 , 0.12109 , 0.121187 , 0.121325 , 0.121518 , 0.12179 , 0.122168 , 0.122693 , 0.123417 , 0.124409 , 0.125756 , 0.127568 , 0.129975 , 0.133121 , 0.137149 , 0.142163 , 0.148151 , 0.154851 , 0.161502 , 0.166418 , 0.166254 , 0.154783 , 0.120859 , 0 , 0 , 0 , 0 , 
1e+100 , 0.120878 , 0.120886 , 0.120898 , 0.120914 , 0.120938 , 0.120972 , 0.121021 , 0.12109 , 0.121187 , 0.121325 , 0.121518 , 0.12179 , 0.122168 , 0.122693 , 0.123417 , 0.124409 , 0.125756 , 0.127568 , 0.129975 , 0.133121 , 0.137149 , 0.142163 , 0.148151 , 0.154851 , 0.161502 , 0.166418 , 0.166254 , 0.154783 , 0.120859 , 0 , 0 , 0 , 
1e+100 , 0.120872 , 0.120878 , 0.120886 , 0.120898 , 0.120914 , 0.120938 , 0.120972 , 0.121021 , 0.12109 , 0.121187 , 0.121325 , 0.121518 , 0.12179 , 0.122168 , 0.122693 , 0.123417 , 0.124409 , 0.125756 , 0.127568 , 0.129975 , 0.133121 , 0.137149 , 0.142163 , 0.148151 , 0.154851 , 0.161502 , 0.166418 , 0.166254 , 0.154783 , 0.120859 , 0 , 0 , 
1e+100 , 0.120868 , 0.120872 , 0.120878 , 0.120886 , 0.120898 , 0.120914 , 0.120938 , 0.120972 , 0.121021 , 0.12109 , 0.121187 , 0.121325 , 0.121518 , 0.12179 , 0.122168 , 0.122693 , 0.123417 , 0.124409 , 0.125756 , 0.127568 , 0.129975 , 0.133121 , 0.137149 , 0.142163 , 0.148151 , 0.154851 , 0.161502 , 0.166418 , 0.166254 , 0.154783 , 0.120859 , 0 , 
1e+100 , 0.120866 , 0.120868 , 0.120872 , 0.120878 , 0.120886 , 0.120898 , 0.120914 , 0.120938 , 0.120972 , 0.121021 , 0.12109 , 0.121187 , 0.121325 , 0.121518 , 0.12179 , 0.122168 , 0.122693 , 0.123417 , 0.124409 , 0.125756 , 0.127568 , 0.129975 , 0.133121 , 0.137149 , 0.142163 , 0.148151 , 0.154851 , 0.161502 , 0.166418 , 0.166254 , 0.154783 , 0.120859 , 

h*g ,
1e+200 , 0 , 0 , 0 , 0 , 0 , 0 , 0 , 0 , 0 , 0 , 0 , 0 , 0 , 0 , 0 , 0 , 0 , 0 , 0 , 0 , 0 , 0 , 0 , 0 , 0 , 0 , 0 , 0 , 0 , 0 , 0 , 0 , 
1e+200 , 0.123916 , 0 , 0 , 0 , 0 , 0 , 0 , 0 , 0 , 0 , 0 , 0 , 0 , 0 , 0 , 0 , 0 , 0 , 0 , 0 , 0 , 0 , 0 , 0 , 0 , 0 , 0 , 0 , 0 , 0 , 0 , 0 , 
1e+200 , 0.158698 , 0.123916 , 0 , 0 , 0 , 0 , 0 , 0 , 0 , 0 , 0 , 0 , 0 , 0 , 0 , 0 , 0 , 0 , 0 , 0 , 0 , 0 , 0 , 0 , 0 , 0 , 0 , 0 , 0 , 0 , 0 , 0 , 
1e+200 , 0.170459 , 0.158698 , 0.123916 , 0 , 0 , 0 , 0 , 0 , 0 , 0 , 0 , 0 , 0 , 0 , 0 , 0 , 0 , 0 , 0 , 0 , 0 , 0 , 0 , 0 , 0 , 0 , 0 , 0 , 0 , 0 , 0 , 0 , 
1e+200 , 0.171739 , 0.171569 , 0.140269 , 0.109526 , 0 , 0 , 0 , 0 , 0 , 0 , 0 , 0 , 0 , 0 , 0 , 0 , 0 , 0 , 0 , 0 , 0 , 0 , 0 , 0 , 0 , 0 , 0 , 0 , 0 , 0 , 0 , 0 , 
1e+200 , 0.167744 , 0.17285 , 0.151775 , 0.12184 , 0.0951361 , 0 , 0 , 0 , 0 , 0 , 0 , 0 , 0 , 0 , 0 , 0 , 0 , 0 , 0 , 0 , 0 , 0 , 0 , 0 , 0 , 0 , 0 , 0 , 0 , 0 , 0 , 0 , 
1e+200 , 0.161941 , 0.168897 , 0.154279 , 0.134387 , 0.135566 , 0.105854 , 0 , 0 , 0 , 0 , 0 , 0 , 0 , 0 , 0 , 0 , 0 , 0 , 0 , 0 , 0 , 0 , 0 , 0 , 0 , 0 , 0 , 0 , 0 , 0 , 0 , 0 , 
1e+200 , 0.155992 , 0.163047 , 0.152007 , 0.138041 , 0.149131 , 0.149293 , 0.116572 , 0 , 0 , 0 , 0 , 0 , 0 , 0 , 0 , 0 , 0 , 0 , 0 , 0 , 0 , 0 , 0 , 0 , 0 , 0 , 0 , 0 , 0 , 0 , 0 , 0 , 
1e+200 , 0.150781 , 0.157132 , 0.147981 , 0.137381 , 0.150949 , 0.160178 , 0.133293 , 0.104079 , 0 , 0 , 0 , 0 , 0 , 0 , 0 , 0 , 0 , 0 , 0 , 0 , 0 , 0 , 0 , 0 , 0 , 0 , 0 , 0 , 0 , 0 , 0 , 0 , 
1e+200 , 0.146519 , 0.151875 , 0.143715 , 0.135 , 0.148112 , 0.160156 , 0.142992 , 0.117293 , 0.0915861 , 0 , 0 , 0 , 0 , 0 , 0 , 0 , 0 , 0 , 0 , 0 , 0 , 0 , 0 , 0 , 0 , 0 , 0 , 0 , 0 , 0 , 0 , 0 , 
1e+200 , 0.143301 , 0.147638 , 0.139991 , 0.132296 , 0.143569 , 0.155253 , 0.144552 , 0.128998 , 0.12401 , 0.0968305 , 0 , 0 , 0 , 0 , 0 , 0 , 0 , 0 , 0 , 0 , 0 , 0 , 0 , 0 , 0 , 0 , 0 , 0 , 0 , 0 , 0 , 0 , 
1e+200 , 0.140975 , 0.144387 , 0.137066 , 0.129958 , 0.138846 , 0.148694 , 0.141659 , 0.132141 , 0.136212 , 0.130726 , 0.102075 , 0 , 0 , 0 , 0 , 0 , 0 , 0 , 0 , 0 , 0 , 0 , 0 , 0 , 0 , 0 , 0 , 0 , 0 , 0 , 0 , 0 , 
1e+200 , 0.139446 , 0.142077 , 0.135012 , 0.128276 , 0.134663 , 0.142105 , 0.137147 , 0.131164 , 0.138116 , 0.140937 , 0.12063 , 0.0941918 , 0 , 0 , 0 , 0 , 0 , 0 , 0 , 0 , 0 , 0 , 0 , 0 , 0 , 0 , 0 , 0 , 0 , 0 , 0 , 0 , 
1e+200 , 0.138531 , 0.140527 , 0.133747 , 0.127324 , 0.131293 , 0.136213 , 0.132478 , 0.128568 , 0.135753 , 0.141599 , 0.130093 , 0.110534 , 0.0863085 , 0 , 0 , 0 , 0 , 0 , 0 , 0 , 0 , 0 , 0 , 0 , 0 , 0 , 0 , 0 , 0 , 0 , 0 , 0 , 
1e+200 , 0.138129 , 0.139625 , 0.133173 , 0.127062 , 0.128775 , 0.131269 , 0.12834 , 0.125692 , 0.131811 , 0.137926 , 0.131954 , 0.121664 , 0.111649 , 0.0871788 , 0 , 0 , 0 , 0 , 0 , 0 , 0 , 0 , 0 , 0 , 0 , 0 , 0 , 0 , 0 , 0 , 0 , 0 , 
1e+200 , 0.138102 , 0.139212 , 0.133157 , 0.127405 , 0.127039 , 0.127278 , 0.124988 , 0.12319 , 0.127685 , 0.132734 , 0.129737 , 0.124724 , 0.122861 , 0.112763 , 0.0880491 , 0 , 0 , 0 , 0 , 0 , 0 , 0 , 0 , 0 , 0 , 0 , 0 , 0 , 0 , 0 , 0 , 0 , 
1e+200 , 0.138383 , 0.1392 , 0.133599 , 0.128253 , 0.125973 , 0.124144 , 0.122462 , 0.121338 , 0.124042 , 0.127462 , 0.12601 , 0.123895 , 0.124538 , 0.12129 , 0.111634 , 0.0871669 , 0 , 0 , 0 , 0 , 0 , 0 , 0 , 0 , 0 , 0 , 0 , 0 , 0 , 0 , 0 , 0 , 
1e+200 , 0.138877 , 0.139474 , 0.134386 , 0.129508 , 0.125452 , 0.121722 , 0.120686 , 0.120193 , 0.121132 , 0.122763 , 0.122103 , 0.12153 , 0.122369 , 0.121579 , 0.120076 , 0.110504 , 0.0862847 , 0 , 0 , 0 , 0 , 0 , 0 , 0 , 0 , 0 , 0 , 0 , 0 , 0 , 0 , 0 , 
1e+200 , 0.139553 , 0.139987 , 0.135455 , 0.13109 , 0.12537 , 0.119881 , 0.119557 , 0.119723 , 0.119003 , 0.118878 , 0.118656 , 0.118895 , 0.11878 , 0.118154 , 0.120426 , 0.118984 , 0.109685 , 0.0856456 , 0 , 0 , 0 , 0 , 0 , 0 , 0 , 0 , 0 , 0 , 0 , 0 , 0 , 0 , 
1e+200 , 0.140346 , 0.14066 , 0.136724 , 0.132919 , 0.125622 , 0.118485 , 0.11895 , 0.119833 , 0.117586 , 0.115817 , 0.115908 , 0.116606 , 0.115028 , 0.113447 , 0.117093 , 0.119392 , 0.118105 , 0.108867 , 0.0850065 , 0 , 0 , 0 , 0 , 0 , 0 , 0 , 0 , 0 , 0 , 0 , 0 , 0 , 
1e+200 , 0.141247 , 0.141472 , 0.138158 , 0.134947 , 0.126139 , 0.117441 , 0.118764 , 0.120433 , 0.116787 , 0.113508 , 0.113904 , 0.114928 , 0.111715 , 0.108693 , 0.112487 , 0.116148 , 0.117051 , 0.114306 , 0.10198 , 0.0796293 , 0 , 0 , 0 , 0 , 0 , 0 , 0 , 0 , 0 , 0 , 0 , 0 , 
1e+200 , 0.142209 , 0.14237 , 0.139704 , 0.137117 , 0.126849 , 0.116653 , 0.118897 , 0.12142 , 0.116487 , 0.111827 , 0.11258 , 0.113914 , 0.109063 , 0.104449 , 0.107827 , 0.111636 , 0.112458 , 0.111787 , 0.106909 , 0.0950938 , 0.0742522 , 0 , 0 , 0 , 0 , 0 , 0 , 0 , 0 , 0 , 0 , 0 , 
1e+200 , 0.143234 , 0.143349 , 0.141346 , 0.139402 , 0.127709 , 0.116065 , 0.119282 , 0.12272 , 0.11659 , 0.110661 , 0.111843 , 0.113534 , 0.107115 , 0.100911 , 0.10367 , 0.107066 , 0.106738 , 0.105931 , 0.104585 , 0.0999159 , 0.105802 , 0.0826131 , 0 , 0 , 0 , 0 , 0 , 0 , 0 , 0 , 0 , 0 , 
1e+200 , 0.144291 , 0.144373 , 0.143047 , 0.141766 , 0.128676 , 0.115617 , 0.119849 , 0.124254 , 0.117002 , 0.109892 , 0.111584 , 0.1137 , 0.105808 , 0.0980894 , 0.100207 , 0.102989 , 0.101079 , 0.0991198 , 0.0991378 , 0.0977867 , 0.111417 , 0.116509 , 0.0909741 , 0 , 0 , 0 , 0 , 0 , 0 , 0 , 0 , 0 , 
1e+200 , 0.145383 , 0.145441 , 0.144802 , 0.144195 , 0.129726 , 0.115278 , 0.120559 , 0.125973 , 0.117653 , 0.109435 , 0.111707 , 0.114325 , 0.105054 , 0.0959119 , 0.0974535 , 0.0995989 , 0.0959951 , 0.0924887 , 0.0927941 , 0.0927362 , 0.108456 , 0.121233 , 0.100802 , 0.0787095 , 0 , 0 , 0 , 0 , 0 , 0 , 0 , 0 , 
1e+200 , 0.146492 , 0.146533 , 0.146587 , 0.146666 , 0.130833 , 0.115012 , 0.121368 , 0.127826 , 0.118482 , 0.109209 , 0.112125 , 0.115316 , 0.10475 , 0.094274 , 0.0953354 , 0.0969085 , 0.0916465 , 0.0865027 , 0.0866163 , 0.0868439 , 0.102271 , 0.117437 , 0.104362 , 0.0850952 , 0.0664449 , 0 , 0 , 0 , 0 , 0 , 0 , 0 , 
1e+200 , 0.147618 , 0.147648 , 0.148401 , 0.149172 , 0.131984 , 0.114803 , 0.122255 , 0.129783 , 0.119447 , 0.109159 , 0.11277 , 0.116597 , 0.104804 , 0.0930721 , 0.0937526 , 0.0948482 , 0.0880201 , 0.0812836 , 0.0810399 , 0.0811029 , 0.0952012 , 0.110169 , 0.105897 , 0.0981755 , 0.0933819 , 0.0729155 , 0 , 0 , 0 , 0 , 0 , 0 , 
1e+200 , 0.148753 , 0.148774 , 0.15023 , 0.1517 , 0.133164 , 0.114632 , 0.123194 , 0.131814 , 0.120509 , 0.109237 , 0.113585 , 0.1181 , 0.105136 , 0.0922106 , 0.0926007 , 0.0933177 , 0.0850274 , 0.0767914 , 0.0761796 , 0.0759215 , 0.0883477 , 0.101989 , 0.10416 , 0.105053 , 0.107076 , 0.101669 , 0.079386 , 0 , 0 , 0 , 0 , 0 , 
1e+200 , 0.149896 , 0.149911 , 0.152074 , 0.154246 , 0.134367 , 0.11449 , 0.124174 , 0.1339 , 0.121644 , 0.109409 , 0.114528 , 0.119773 , 0.10568 , 0.0916104 , 0.0917867 , 0.0922148 , 0.0825574 , 0.0729215 , 0.0719984 , 0.0714077 , 0.0821527 , 0.0940904 , 0.101203 , 0.10853 , 0.105199 , 0.0984678 , 0.0978714 , 0.076421 , 0 , 0 , 0 , 0 , 
1e+200 , 0.151043 , 0.151053 , 0.153925 , 0.156804 , 0.135585 , 0.114367 , 0.125181 , 0.136027 , 0.122831 , 0.10965 , 0.115564 , 0.121574 , 0.106384 , 0.0912071 , 0.0912316 , 0.0914469 , 0.0805018 , 0.0695543 , 0.0683992 , 0.0675279 , 0.0767239 , 0.0869427 , 0.0980992 , 0.110369 , 0.100167 , 0.0878187 , 0.0943892 , 0.0940742 , 0.073456 , 0 , 0 , 0 , 
1e+200 , 0.152194 , 0.152201 , 0.155783 , 0.15937 , 0.136814 , 0.114258 , 0.126209 , 0.138183 , 0.124057 , 0.109941 , 0.11667 , 0.123471 , 0.107208 , 0.0909506 , 0.0908721 , 0.0909363 , 0.0787658 , 0.0665779 , 0.0652701 , 0.0641916 , 0.0720132 , 0.0806498 , 0.0953579 , 0.11163 , 0.0941967 , 0.0747958 , 0.0802423 , 0.08333 , 0.113752 , 0.0888214 , 0 , 0 , 
1e+200 , 0.153346 , 0.153351 , 0.157645 , 0.161943 , 0.138051 , 0.114159 , 0.127251 , 0.14036 , 0.12531 , 0.110267 , 0.117825 , 0.125437 , 0.108119 , 0.0908022 , 0.0906582 , 0.0906199 , 0.0772714 , 0.0638974 , 0.0625069 , 0.0612949 , 0.0679121 , 0.075149 , 0.0931755 , 0.11291 , 0.0883558 , 0.061716 , 0.0640527 , 0.0656785 , 0.104467 , 0.133431 , 0.104187 , 0 , 
1e+200 , 0.153343 , 0.153346 , 0.157638 , 0.161932 , 0.138037 , 0.114143 , 0.127226 , 0.140321 , 0.12526 , 0.110204 , 0.117731 , 0.125295 , 0.107947 , 0.0906 , 0.0903775 , 0.0902322 , 0.076818 , 0.063388 , 0.0618371 , 0.0604243 , 0.0666547 , 0.073373 , 0.0904388 , 0.108928 , 0.0847845 , 0.0590457 , 0.0614147 , 0.0637384 , 0.10457 , 0.14332 , 0.133431 , 0.104187 , 

shifts ,
0 , 0 , 0 , 0 , 0 , 0 , 0 , 0 , 0 , 0 , 0 , 0 , 0 , 0 , 0 , 0 , 0 , 0 , 0 , 0 , 0 , 0 , 0 , 0 , 0 , 0 , 0 , 0 , 0 , 0 , 0 , 0 , 0 , 
0 , 0 , 0 , 0 , 0 , 0 , 0 , 0 , 0 , 0 , 0 , 0 , 0 , 0 , 0 , 0 , 0 , 0 , 0 , 0 , 0 , 0 , 0 , 0 , 0 , 0 , 0 , 0 , 0 , 0 , 0 , 0 , 0 , 
0 , 0 , 0 , 0 , 0 , 0 , 0 , 0 , 0 , 0 , 0 , 0 , 0 , 0 , 0 , 0 , 0 , 0 , 0 , 0 , 0 , 0 , 0 , 0 , 0 , 0 , 0 , 0 , 0 , 0 , 0 , 0 , 0 , 
0 , 0 , 0 , 0 , 0 , 0 , 0 , 0 , 0 , 0 , 0 , 0 , 0 , 0 , 0 , 0 , 0 , 0 , 0 , 0 , 0 , 0 , 0 , 0 , 0 , 0 , 0 , 0 , 0 , 0 , 0 , 0 , 0 , 
0 , 0 , 0 , 0 , 0 , 0 , 0 , 0 , 0 , 0 , 0 , 0 , 0 , 0 , 0 , 0 , 0 , 0 , 0 , 0 , 0 , 0 , 0 , 0 , 0 , 0 , 0 , 0 , 0 , 0 , 0 , 0 , 0 , 
0 , 0 , 0 , 0 , 0 , 0 , 0 , 0 , 0 , 0 , 0 , 0 , 0 , 0 , 0 , 0 , 0 , 0 , 0 , 0 , 0 , 0 , 0 , 0 , 0 , 0 , 0 , 0 , 0 , 0 , 0 , 0 , 0 , 
0 , 0 , 0 , 0 , 0 , 0 , 0 , 0 , 0 , 0 , 0 , 0 , 0 , 0 , 0 , 0 , 0 , 0 , 0 , 0 , 0 , 0 , 0 , 0 , 0 , 0 , 0 , 0 , 0 , 0 , 0 , 0 , 0 , 
0 , 0 , 0 , 0 , 0 , 0 , 0 , 0 , 0 , 0 , 0 , 0 , 0 , 0 , 0 , 0 , 0 , 0 , 0 , 0 , 0 , 0 , 0 , 0 , 0 , 0 , 0 , 0 , 0 , 0 , 0 , 0 , 0 , 
0 , 0 , 0 , 0 , 0 , 0 , 0 , 0 , 0 , 0 , 0 , 0 , 0 , 0 , 0 , 0 , 0 , 0 , 0 , 0 , 0 , 0 , 0 , 0 , 0 , 0 , 0 , 0 , 0 , 0 , 0 , 0 , 0 , 
0 , 0 , 0 , 0 , 0 , 0 , 0 , 0 , 0 , 0 , 0 , 0 , 0 , 0 , 0 , 0 , 0 , 0 , 0 , 0 , 0 , 0 , 0 , 0 , 0 , 0 , 0 , 0 , 0 , 0 , 0 , 0 , 0 , 
0 , 0 , 0 , 0 , 0 , 0 , 0 , 0 , 0 , 0 , 0 , 0 , 0 , 0 , 0 , 0 , 0 , 0 , 0 , 0 , 0 , 0 , 0 , 0 , 0 , 0 , 0 , 0 , 0 , 0 , 0 , 0 , 0 , 
0 , 0 , 0 , 0 , 0 , 0 , 0 , 0 , 0 , 0 , 0 , 0 , 0 , 0 , 0 , 0 , 0 , 0 , 0 , 0 , 0 , 0 , 0 , 0 , 0 , 0 , 0 , 0 , 0 , 0 , 0 , 0 , 0 , 
0 , 0 , 0 , 0 , 0 , 0 , 0 , 0 , 0 , 0 , 0 , 0 , 0 , 0 , 0 , 0 , 0 , 0 , 0 , 0 , 0 , 0 , 0 , 0 , 0 , 0 , 0 , 0 , 0 , 0 , 0 , 0 , 0 , 
0 , 0 , 0 , 0 , 0 , 0 , 0 , 0 , 0 , 0 , 0 , 0 , 0 , 0 , 0 , 0 , 0 , 0 , 0 , 0 , 0 , 0 , 0 , 0 , 0 , 0 , 0 , 0 , 0 , 0 , 0 , 0 , 0 , 
0 , 0 , 0 , 0 , 0 , 0 , 0 , 0 , 0 , 0 , 0 , 0 , 0 , 0 , 0 , 0 , 0 , 0 , 0 , 0 , 0 , 0 , 0 , 0 , 0 , 0 , 0 , 0 , 0 , 0 , 0 , 0 , 0 , 
0 , 0 , 0 , 0 , 0 , 0 , 0 , 0 , 0 , 0 , 0 , 0 , 0 , 0 , 0 , 0 , 0 , 0 , 0 , 0 , 0 , 0 , 0 , 0 , 0 , 0 , 0 , 0 , 0 , 0 , 0 , 0 , 0 , 
0 , 0 , 0 , 0 , 0 , 0 , 0 , 0 , 0 , 0 , 0 , 0 , 0 , 0 , 0 , 0 , 0 , 0 , 0 , 0 , 0 , 0 , 0 , 0 , 0 , 0 , 0 , 0 , 0 , 0 , 0 , 0 , 0 , 
0 , 0 , 0 , 0 , 0 , 0 , 0 , 0 , 0 , 0 , 0 , 0 , 0 , 0 , 0 , 0 , 0 , 0 , 0 , 0 , 0 , 0 , 0 , 0 , 0 , 0 , 0 , 0 , 0 , 0 , 0 , 0 , 0 , 
0 , 0 , 0 , 0 , 0 , 0 , 0 , 0 , 0 , 0 , 0 , 0 , 0 , 0 , 0 , 0 , 0 , 0 , 0 , 0 , 0 , 0 , 0 , 0 , 0 , 0 , 0 , 0 , 0 , 0 , 0 , 0 , 0 , 
0 , 0 , 0 , 0 , 0 , 0 , 0 , 0 , 0 , 0 , 0 , 0 , 0 , 0 , 0 , 0 , 0 , 0 , 0 , 0 , 0 , 0 , 0 , 0 , 0 , 0 , 0 , 0 , 0 , 0 , 0 , 0 , 0 , 
0 , 0 , 0 , 0 , 0 , 0 , 0 , 0 , 0 , 0 , 0 , 0 , 0 , 0 , 0 , 0 , 0 , 0 , 0 , 0 , 0 , 0 , 0 , 0 , 0 , 0 , 0 , 0 , 0 , 0 , 0 , 0 , 0 , 
0 , 0 , 0 , 0 , 0 , 0 , 0 , 0 , 0 , 0 , 0 , 0 , 0 , 0 , 0 , 0 , 0 , 0 , 0 , 0 , 0 , 0 , 0 , 0 , 0 , 0 , 0 , 0 , 0 , 0 , 0 , 0 , 0 , 
0 , 0 , 0 , 0 , 0 , 0 , 0 , 0 , 0 , 0 , 0 , 0 , 0 , 0 , 0 , 0 , 0 , 0 , 0 , 0 , 0 , 0 , 0 , 0 , 0 , 0 , 0 , 0 , 0 , 0 , 0 , 0 , 0 , 
0 , 0 , 0 , 0 , 0 , 0 , 0 , 0 , 0 , 0 , 0 , 0 , 0 , 0 , 0 , 0 , 0 , 0 , 0 , 0 , 0 , 0 , 0 , 0 , 0 , 0 , 0 , 0 , 0 , 0 , 0 , 0 , 0 , 
0 , 0 , 0 , 0 , 0 , 0 , 0 , 0 , 0 , 0 , 0 , 0 , 0 , 0 , 0 , 0 , 0 , 0 , 0 , 0 , 0 , 0 , 0 , 0 , 0 , 0 , 0 , 0 , 0 , 0 , 0 , 0 , 0 , 
0 , 0 , 0 , 0 , 0 , 0 , 0 , 0 , 0 , 0 , 0 , 0 , 0 , 0 , 0 , 0 , 0 , 0 , 0 , 0 , 0 , 0 , 0 , 0 , 0 , 0 , 0 , 0 , 0 , 0 , 0 , 0 , 0 , 
0 , 0 , 0 , 0 , 0 , 0 , 0 , 0 , 0 , 0 , 0 , 0 , 0 , 0 , 0 , 0 , 0 , 0 , 0 , 0 , 0 , 0 , 0 , 0 , 0 , 0 , 0 , 0 , 0 , 0 , 0 , 0 , 0 , 
0 , 0 , 0 , 0 , 0 , 0 , 0 , 0 , 0 , 0 , 0 , 0 , 0 , 0 , 0 , 0 , 0 , 0 , 0 , 0 , 0 , 0 , 0 , 0 , 0 , 0 , 0 , 0 , 0 , 0 , 0 , 0 , 0 , 
0 , 0 , 0 , 0 , 0 , 0 , 0 , 0 , 0 , 0 , 0 , 0 , 0 , 0 , 0 , 0 , 0 , 0 , 0 , 0 , 0 , 0 , 0 , 0 , 0 , 0 , 0 , 0 , 0 , 0 , 0 , 0 , 0 , 
0 , 0 , 0 , 0 , 0 , 0 , 0 , 0 , 0 , 0 , 0 , 0 , 0 , 0 , 0 , 0 , 0 , 0 , 0 , 0 , 0 , 0 , 0 , 0 , 0 , 0 , 0 , 0 , 0 , 0 , 0 , 0 , 0 , 
0 , 0 , 0 , 0 , 0 , 0 , 0 , 0 , 0 , 0 , 0 , 0 , 0 , 0 , 0 , 0 , 0 , 0 , 0 , 0 , 0 , 0 , 0 , 0 , 0 , 0 , 0 , 0 , 0 , 0 , 0 , 0 , 0 , 
0 , 0 , 0 , 0 , 0 , 0 , 0 , 0 , 0 , 0 , 0 , 0 , 0 , 0 , 0 , 0 , 0 , 0 , 0 , 0 , 0 , 0 , 0 , 0 , 0 , 0 , 0 , 0 , 0 , 0 , 0 , 0 , 0 , 
0 , 0 , 0 , 0 , 0 , 0 , 0 , 0 , 0 , 0 , 0 , 0 , 0 , 0 , 0 , 0 , 0 , 0 , 0 , 0 , 0 , 0 , 0 , 0 , 0 , 0 , 0 , 0 , 0 , 0 , 0 , 0 , 0 , 

