g ,
1e+100 , 0 , 0 , 0 , 0 , 0 , 0 , 0 , 0 , 0 , 0 , 0 , 0 , 0 , 0 , 0 , 0 , 0 , 0 , 0 , 0 , 0 , 0 , 0 , 0 , 0 , 0 , 0 , 0 , 0 , 0 , 0 , 0 , 
1e+100 , 1.0936 , 0 , 0 , 0 , 0 , 0 , 0 , 0 , 0 , 0 , 0 , 0 , 0 , 0 , 0 , 0 , 0 , 0 , 0 , 0 , 0 , 0 , 0 , 0 , 0 , 0 , 0 , 0 , 0 , 0 , 0 , 0 , 
1e+100 , 1.0936 , 1.0936 , 0 , 0 , 0 , 0 , 0 , 0 , 0 , 0 , 0 , 0 , 0 , 0 , 0 , 0 , 0 , 0 , 0 , 0 , 0 , 0 , 0 , 0 , 0 , 0 , 0 , 0 , 0 , 0 , 0 , 0 , 
1e+100 , 1.0936 , 1.0936 , 1.0936 , 0 , 0 , 0 , 0 , 0 , 0 , 0 , 0 , 0 , 0 , 0 , 0 , 0 , 0 , 0 , 0 , 0 , 0 , 0 , 0 , 0 , 0 , 0 , 0 , 0 , 0 , 0 , 0 , 0 , 
1e+100 , 0.991067 , 0.991067 , 1.06533 , 1.06533 , 0 , 0 , 0 , 0 , 0 , 0 , 0 , 0 , 0 , 0 , 0 , 0 , 0 , 0 , 0 , 0 , 0 , 0 , 0 , 0 , 0 , 0 , 0 , 0 , 0 , 0 , 0 , 0 , 
1e+100 , 0.888533 , 0.888533 , 0.962791 , 1.03705 , 1.03705 , 0 , 0 , 0 , 0 , 0 , 0 , 0 , 0 , 0 , 0 , 0 , 0 , 0 , 0 , 0 , 0 , 0 , 0 , 0 , 0 , 0 , 0 , 0 , 0 , 0 , 0 , 0 , 
1e+100 , 0.95741 , 0.95741 , 0.944782 , 0.932154 , 1.01604 , 1.01604 , 0 , 0 , 0 , 0 , 0 , 0 , 0 , 0 , 0 , 0 , 0 , 0 , 0 , 0 , 0 , 0 , 0 , 0 , 0 , 0 , 0 , 0 , 0 , 0 , 0 , 0 , 
1e+100 , 1.02629 , 1.02629 , 0.926772 , 0.827258 , 0.911143 , 0.995029 , 0.995029 , 0 , 0 , 0 , 0 , 0 , 0 , 0 , 0 , 0 , 0 , 0 , 0 , 0 , 0 , 0 , 0 , 0 , 0 , 0 , 0 , 0 , 0 , 0 , 0 , 0 , 
1e+100 , 1.03045 , 1.03045 , 0.962118 , 0.893788 , 0.88954 , 0.885292 , 0.975241 , 0.975241 , 0 , 0 , 0 , 0 , 0 , 0 , 0 , 0 , 0 , 0 , 0 , 0 , 0 , 0 , 0 , 0 , 0 , 0 , 0 , 0 , 0 , 0 , 0 , 0 , 
1e+100 , 1.03461 , 1.03461 , 0.997463 , 0.960318 , 0.867936 , 0.775554 , 0.865504 , 0.955454 , 0.955454 , 0 , 0 , 0 , 0 , 0 , 0 , 0 , 0 , 0 , 0 , 0 , 0 , 0 , 0 , 0 , 0 , 0 , 0 , 0 , 0 , 0 , 0 , 0 , 
1e+100 , 1.07268 , 1.07268 , 1.02017 , 0.967657 , 0.903491 , 0.839325 , 0.840808 , 0.842292 , 0.938348 , 0.938348 , 0 , 0 , 0 , 0 , 0 , 0 , 0 , 0 , 0 , 0 , 0 , 0 , 0 , 0 , 0 , 0 , 0 , 0 , 0 , 0 , 0 , 0 , 
1e+100 , 1.11076 , 1.11076 , 1.04288 , 0.974996 , 0.939046 , 0.903096 , 0.816113 , 0.72913 , 0.825185 , 0.921241 , 0.921241 , 0 , 0 , 0 , 0 , 0 , 0 , 0 , 0 , 0 , 0 , 0 , 0 , 0 , 0 , 0 , 0 , 0 , 0 , 0 , 0 , 0 , 
1e+100 , 1.10282 , 1.10282 , 1.05987 , 1.01693 , 0.964434 , 0.911941 , 0.85142 , 0.790899 , 0.798165 , 0.80543 , 0.906387 , 0.906387 , 0 , 0 , 0 , 0 , 0 , 0 , 0 , 0 , 0 , 0 , 0 , 0 , 0 , 0 , 0 , 0 , 0 , 0 , 0 , 0 , 
1e+100 , 1.09488 , 1.09488 , 1.07687 , 1.05886 , 0.989822 , 0.920786 , 0.886727 , 0.852668 , 0.771144 , 0.689619 , 0.790576 , 0.891532 , 0.891532 , 0 , 0 , 0 , 0 , 0 , 0 , 0 , 0 , 0 , 0 , 0 , 0 , 0 , 0 , 0 , 0 , 0 , 0 , 0 , 
1e+100 , 1.09214 , 1.09214 , 1.07326 , 1.05439 , 1.00959 , 0.964801 , 0.91351 , 0.86222 , 0.805585 , 0.748949 , 0.760905 , 0.772862 , 0.877901 , 0.877901 , 0 , 0 , 0 , 0 , 0 , 0 , 0 , 0 , 0 , 0 , 0 , 0 , 0 , 0 , 0 , 0 , 0 , 0 , 
1e+100 , 1.0894 , 1.0894 , 1.06966 , 1.04991 , 1.02936 , 1.00882 , 0.940294 , 0.871772 , 0.840026 , 0.808279 , 0.731235 , 0.654191 , 0.75923 , 0.864269 , 0.864269 , 0 , 0 , 0 , 0 , 0 , 0 , 0 , 0 , 0 , 0 , 0 , 0 , 0 , 0 , 0 , 0 , 0 , 
1e+100 , 1.09473 , 1.09473 , 1.07248 , 1.05024 , 1.02858 , 1.00692 , 0.962018 , 0.917114 , 0.86746 , 0.817806 , 0.764313 , 0.71082 , 0.726723 , 0.742627 , 0.851321 , 0.851321 , 0 , 0 , 0 , 0 , 0 , 0 , 0 , 0 , 0 , 0 , 0 , 0 , 0 , 0 , 0 , 0 , 
1e+100 , 1.10006 , 1.10006 , 1.07531 , 1.05056 , 1.02779 , 1.00503 , 0.983742 , 0.962456 , 0.894895 , 0.827333 , 0.797391 , 0.767449 , 0.694217 , 0.620985 , 0.729679 , 0.838373 , 0.838373 , 0 , 0 , 0 , 0 , 0 , 0 , 0 , 0 , 0 , 0 , 0 , 0 , 0 , 0 , 0 , 
1e+100 , 1.11241 , 1.11241 , 1.08559 , 1.05877 , 1.03347 , 1.00816 , 0.985507 , 0.962849 , 0.918283 , 0.873717 , 0.825284 , 0.776851 , 0.725953 , 0.675054 , 0.694448 , 0.713843 , 0.825708 , 0.825708 , 0 , 0 , 0 , 0 , 0 , 0 , 0 , 0 , 0 , 0 , 0 , 0 , 0 , 0 , 
1e+100 , 1.12476 , 1.12476 , 1.09587 , 1.06699 , 1.03915 , 1.0113 , 0.987272 , 0.963242 , 0.941671 , 0.920101 , 0.853177 , 0.786254 , 0.757688 , 0.729123 , 0.659217 , 0.589312 , 0.701178 , 0.813044 , 0.813044 , 0 , 0 , 0 , 0 , 0 , 0 , 0 , 0 , 0 , 0 , 0 , 0 , 0 , 
1e+100 , 1.1054 , 1.1054 , 1.0936 , 1.0818 , 1.05194 , 1.02208 , 0.995428 , 0.968779 , 0.945606 , 0.922434 , 0.877973 , 0.833512 , 0.785996 , 0.73848 , 0.689804 , 0.641128 , 0.663567 , 0.686006 , 0.801157 , 0.801157 , 0 , 0 , 0 , 0 , 0 , 0 , 0 , 0 , 0 , 0 , 0 , 0 , 
1e+100 , 1.08605 , 1.08605 , 1.09133 , 1.09662 , 1.06473 , 1.03285 , 1.00358 , 0.974315 , 0.949541 , 0.924767 , 0.902769 , 0.88077 , 0.814304 , 0.747838 , 0.72039 , 0.692943 , 0.625956 , 0.558968 , 0.674119 , 0.78927 , 0.78927 , 0 , 0 , 0 , 0 , 0 , 0 , 0 , 0 , 0 , 0 , 0 , 
1e+100 , 1.13179 , 1.13179 , 1.10587 , 1.07996 , 1.06527 , 1.05058 , 1.01933 , 0.988089 , 0.960706 , 0.933324 , 0.909608 , 0.885892 , 0.841515 , 0.797137 , 0.750424 , 0.70371 , 0.656971 , 0.610233 , 0.635662 , 0.661092 , 0.779447 , 0.779447 , 0 , 0 , 0 , 0 , 0 , 0 , 0 , 0 , 0 , 0 , 
1e+100 , 1.17754 , 1.17754 , 1.12042 , 1.0633 , 1.0658 , 1.0683 , 1.03508 , 1.00186 , 0.971871 , 0.94188 , 0.916447 , 0.891015 , 0.868726 , 0.846437 , 0.780457 , 0.714477 , 0.687987 , 0.661497 , 0.597206 , 0.532914 , 0.651269 , 0.769623 , 0.769623 , 0 , 0 , 0 , 0 , 0 , 0 , 0 , 0 , 0 , 
1e+100 , 1.09518 , 1.09518 , 1.10354 , 1.11189 , 1.08346 , 1.05502 , 1.03909 , 1.02315 , 0.99126 , 0.959366 , 0.931421 , 0.903476 , 0.87942 , 0.855363 , 0.811195 , 0.767027 , 0.721061 , 0.675094 , 0.630157 , 0.58522 , 0.613334 , 0.641448 , 0.762145 , 0.762145 , 0 , 0 , 0 , 0 , 0 , 0 , 0 , 0 , 
1e+100 , 1.01282 , 1.01282 , 1.08666 , 1.16049 , 1.10112 , 1.04174 , 1.04309 , 1.04445 , 1.01065 , 0.976852 , 0.946395 , 0.915937 , 0.890113 , 0.864289 , 0.841933 , 0.819577 , 0.754134 , 0.688692 , 0.663109 , 0.637526 , 0.575399 , 0.513272 , 0.633969 , 0.754666 , 0.754666 , 0 , 0 , 0 , 0 , 0 , 0 , 0 , 
1e+100 , 1.04428 , 1.04428 , 1.0626 , 1.08093 , 1.08719 , 1.09344 , 1.064 , 1.03456 , 1.01811 , 1.00167 , 0.969386 , 0.937105 , 0.908859 , 0.880613 , 0.85645 , 0.832288 , 0.788433 , 0.744578 , 0.699348 , 0.654118 , 0.61062 , 0.567122 , 0.597114 , 0.627107 , 0.749484 , 0.749484 , 0 , 0 , 0 , 0 , 0 , 0 , 
1e+100 , 1.07573 , 1.07573 , 1.03855 , 1.00137 , 1.07326 , 1.14514 , 1.08491 , 1.02467 , 1.02557 , 1.02648 , 0.992377 , 0.958272 , 0.927604 , 0.896936 , 0.870967 , 0.844998 , 0.822731 , 0.800464 , 0.735587 , 0.67071 , 0.645841 , 0.620972 , 0.56026 , 0.499547 , 0.621925 , 0.744302 , 0.744302 , 0 , 0 , 0 , 0 , 0 , 
1e+100 , 1.02253 , 1.02253 , 1.02893 , 1.03534 , 1.05216 , 1.06898 , 1.07446 , 1.07993 , 1.05015 , 1.02037 , 1.00368 , 0.986988 , 0.954557 , 0.922126 , 0.893793 , 0.86546 , 0.841339 , 0.817219 , 0.773729 , 0.730239 , 0.685575 , 0.64091 , 0.598285 , 0.555659 , 0.586867 , 0.618075 , 0.741542 , 0.741542 , 0 , 0 , 0 , 0 , 
1e+100 , 0.96933 , 0.96933 , 1.01932 , 1.06931 , 1.03106 , 0.99282 , 1.06401 , 1.1352 , 1.07473 , 1.01427 , 1.01499 , 1.0157 , 0.98151 , 0.947315 , 0.916619 , 0.885922 , 0.859948 , 0.833973 , 0.811871 , 0.789769 , 0.725308 , 0.660848 , 0.63631 , 0.611771 , 0.551809 , 0.491848 , 0.615315 , 0.738781 , 0.738781 , 0 , 0 , 0 , 
1e+100 , 0.876336 , 0.876336 , 0.947306 , 1.01828 , 1.02396 , 1.02965 , 1.04602 , 1.06239 , 1.06767 , 1.07296 , 1.04307 , 1.01319 , 0.996432 , 0.979674 , 0.947232 , 0.91479 , 0.886464 , 0.858137 , 0.834113 , 0.810089 , 0.766855 , 0.723621 , 0.679188 , 0.634756 , 0.59254 , 0.550324 , 0.5822 , 0.614075 , 0.738004 , 0.738004 , 0 , 0 , 
1e+100 , 0.783343 , 0.783343 , 0.875292 , 0.967242 , 1.01686 , 1.06647 , 1.02802 , 0.989575 , 1.06061 , 1.13165 , 1.07116 , 1.01067 , 1.01135 , 1.01203 , 0.977846 , 0.943658 , 0.91298 , 0.882302 , 0.856356 , 0.83041 , 0.808402 , 0.786394 , 0.722067 , 0.65774 , 0.63327 , 0.6088 , 0.549085 , 0.489369 , 0.613298 , 0.737226 , 0.737226 , 0 , 
1e+100 , 0.783343 , 0.783343 , 0.875292 , 0.967242 , 1.01686 , 1.06647 , 1.02802 , 0.989575 , 1.06061 , 1.13165 , 1.07116 , 1.01067 , 1.01135 , 1.01203 , 0.977846 , 0.943658 , 0.91298 , 0.882302 , 0.856356 , 0.83041 , 0.808402 , 0.786394 , 0.722067 , 0.65774 , 0.63327 , 0.6088 , 0.549085 , 0.489369 , 0.613298 , 0.737226 , 0.737226 , 0.737226 , 

h ,
1e+100 , 0 , 0 , 0 , 0 , 0 , 0 , 0 , 0 , 0 , 0 , 0 , 0 , 0 , 0 , 0 , 0 , 0 , 0 , 0 , 0 , 0 , 0 , 0 , 0 , 0 , 0 , 0 , 0 , 0 , 0 , 0 , 0 , 
1e+100 , 0.120859 , 0 , 0 , 0 , 0 , 0 , 0 , 0 , 0 , 0 , 0 , 0 , 0 , 0 , 0 , 0 , 0 , 0 , 0 , 0 , 0 , 0 , 0 , 0 , 0 , 0 , 0 , 0 , 0 , 0 , 0 , 0 , 
1e+100 , 0.154783 , 0.120859 , 0 , 0 , 0 , 0 , 0 , 0 , 0 , 0 , 0 , 0 , 0 , 0 , 0 , 0 , 0 , 0 , 0 , 0 , 0 , 0 , 0 , 0 , 0 , 0 , 0 , 0 , 0 , 0 , 0 , 0 , 
1e+100 , 0.166254 , 0.154783 , 0.120859 , 0 , 0 , 0 , 0 , 0 , 0 , 0 , 0 , 0 , 0 , 0 , 0 , 0 , 0 , 0 , 0 , 0 , 0 , 0 , 0 , 0 , 0 , 0 , 0 , 0 , 0 , 0 , 0 , 0 , 
1e+100 , 0.166418 , 0.166254 , 0.154783 , 0.120859 , 0 , 0 , 0 , 0 , 0 , 0 , 0 , 0 , 0 , 0 , 0 , 0 , 0 , 0 , 0 , 0 , 0 , 0 , 0 , 0 , 0 , 0 , 0 , 0 , 0 , 0 , 0 , 0 , 
1e+100 , 0.161502 , 0.166418 , 0.166254 , 0.154783 , 0.120859 , 0 , 0 , 0 , 0 , 0 , 0 , 0 , 0 , 0 , 0 , 0 , 0 , 0 , 0 , 0 , 0 , 0 , 0 , 0 , 0 , 0 , 0 , 0 , 0 , 0 , 0 , 0 , 
1e+100 , 0.154851 , 0.161502 , 0.166418 , 0.166254 , 0.154783 , 0.120859 , 0 , 0 , 0 , 0 , 0 , 0 , 0 , 0 , 0 , 0 , 0 , 0 , 0 , 0 , 0 , 0 , 0 , 0 , 0 , 0 , 0 , 0 , 0 , 0 , 0 , 0 , 
1e+100 , 0.148151 , 0.154851 , 0.161502 , 0.166418 , 0.166254 , 0.154783 , 0.120859 , 0 , 0 , 0 , 0 , 0 , 0 , 0 , 0 , 0 , 0 , 0 , 0 , 0 , 0 , 0 , 0 , 0 , 0 , 0 , 0 , 0 , 0 , 0 , 0 , 0 , 
1e+100 , 0.142163 , 0.148151 , 0.154851 , 0.161502 , 0.166418 , 0.166254 , 0.154783 , 0.120859 , 0 , 0 , 0 , 0 , 0 , 0 , 0 , 0 , 0 , 0 , 0 , 0 , 0 , 0 , 0 , 0 , 0 , 0 , 0 , 0 , 0 , 0 , 0 , 0 , 
1e+100 , 0.137149 , 0.142163 , 0.148151 , 0.154851 , 0.161502 , 0.166418 , 0.166254 , 0.154783 , 0.120859 , 0 , 0 , 0 , 0 , 0 , 0 , 0 , 0 , 0 , 0 , 0 , 0 , 0 , 0 , 0 , 0 , 0 , 0 , 0 , 0 , 0 , 0 , 0 , 
1e+100 , 0.133121 , 0.137149 , 0.142163 , 0.148151 , 0.154851 , 0.161502 , 0.166418 , 0.166254 , 0.154783 , 0.120859 , 0 , 0 , 0 , 0 , 0 , 0 , 0 , 0 , 0 , 0 , 0 , 0 , 0 , 0 , 0 , 0 , 0 , 0 , 0 , 0 , 0 , 0 , 
1e+100 , 0.129975 , 0.133121 , 0.137149 , 0.142163 , 0.148151 , 0.154851 , 0.161502 , 0.166418 , 0.166254 , 0.154783 , 0.120859 , 0 , 0 , 0 , 0 , 0 , 0 , 0 , 0 , 0 , 0 , 0 , 0 , 0 , 0 , 0 , 0 , 0 , 0 , 0 , 0 , 0 , 
1e+100 , 0.127568 , 0.129975 , 0.133121 , 0.137149 , 0.142163 , 0.148151 , 0.154851 , 0.161502 , 0.166418 , 0.166254 , 0.154783 , 0.120859 , 0 , 0 , 0 , 0 , 0 , 0 , 0 , 0 , 0 , 0 , 0 , 0 , 0 , 0 , 0 , 0 , 0 , 0 , 0 , 0 , 
1e+100 , 0.125756 , 0.127568 , 0.129975 , 0.133121 , 0.137149 , 0.142163 , 0.148151 , 0.154851 , 0.161502 , 0.166418 , 0.166254 , 0.154783 , 0.120859 , 0 , 0 , 0 , 0 , 0 , 0 , 0 , 0 , 0 , 0 , 0 , 0 , 0 , 0 , 0 , 0 , 0 , 0 , 0 , 
1e+100 , 0.124409 , 0.125756 , 0.127568 , 0.129975 , 0.133121 , 0.137149 , 0.142163 , 0.148151 , 0.154851 , 0.161502 , 0.166418 , 0.166254 , 0.154783 , 0.120859 , 0 , 0 , 0 , 0 , 0 , 0 , 0 , 0 , 0 , 0 , 0 , 0 , 0 , 0 , 0 , 0 , 0 , 0 , 
1e+100 , 0.123417 , 0.124409 , 0.125756 , 0.127568 , 0.129975 , 0.133121 , 0.137149 , 0.142163 , 0.148151 , 0.154851 , 0.161502 , 0.166418 , 0.166254 , 0.154783 , 0.120859 , 0 , 0 , 0 , 0 , 0 , 0 , 0 , 0 , 0 , 0 , 0 , 0 , 0 , 0 , 0 , 0 , 0 , 
1e+100 , 0.122693 , 0.123417 , 0.124409 , 0.125756 , 0.127568 , 0.129975 , 0.133121 , 0.137149 , 0.142163 , 0.148151 , 0.154851 , 0.161502 , 0.166418 , 0.166254 , 0.154783 , 0.120859 , 0 , 0 , 0 , 0 , 0 , 0 , 0 , 0 , 0 , 0 , 0 , 0 , 0 , 0 , 0 , 0 , 
1e+100 , 0.122168 , 0.122693 , 0.123417 , 0.124409 , 0.125756 , 0.127568 , 0.129975 , 0.133121 , 0.137149 , 0.142163 , 0.148151 , 0.154851 , 0.161502 , 0.166418 , 0.166254 , 0.154783 , 0.120859 , 0 , 0 , 0 , 0 , 0 , 0 , 0 , 0 , 0 , 0 , 0 , 0 , 0 , 0 , 0 , 
1e+100 , 0.12179 , 0.122168 , 0.122693 , 0.123417 , 0.124409 , 0.125756 , 0.127568 , 0.129975 , 0.133121 , 0.137149 , 0.142163 , 0.148151 , 0.154851 , 0.161502 , 0.166418 , 0.166254 , 0.154783 , 0.120859 , 0 , 0 , 0 , 0 , 0 , 0 , 0 , 0 , 0 , 0 , 0 , 0 , 0 , 0 , 
1e+100 , 0.121518 , 0.12179 , 0.122168 , 0.122693 , 0.123417 , 0.124409 , 0.125756 , 0.127568 , 0.129975 , 0.133121 , 0.137149 , 0.142163 , 0.148151 , 0.154851 , 0.161502 , 0.166418 , 0.166254 , 0.154783 , 0.120859 , 0 , 0 , 0 , 0 , 0 , 0 , 0 , 0 , 0 , 0 , 0 , 0 , 0 , 
1e+100 , 0.121325 , 0.121518 , 0.12179 , 0.122168 , 0.122693 , 0.123417 , 0.124409 , 0.125756 , 0.127568 , 0.129975 , 0.133121 , 0.137149 , 0.142163 , 0.148151 , 0.154851 , 0.161502 , 0.166418 , 0.166254 , 0.154783 , 0.120859 , 0 , 0 , 0 , 0 , 0 , 0 , 0 , 0 , 0 , 0 , 0 , 0 , 
1e+100 , 0.121187 , 0.121325 , 0.121518 , 0.12179 , 0.122168 , 0.122693 , 0.123417 , 0.124409 , 0.125756 , 0.127568 , 0.129975 , 0.133121 , 0.137149 , 0.142163 , 0.148151 , 0.154851 , 0.161502 , 0.166418 , 0.166254 , 0.154783 , 0.120859 , 0 , 0 , 0 , 0 , 0 , 0 , 0 , 0 , 0 , 0 , 0 , 
1e+100 , 0.12109 , 0.121187 , 0.121325 , 0.121518 , 0.12179 , 0.122168 , 0.122693 , 0.123417 , 0.124409 , 0.125756 , 0.127568 , 0.129975 , 0.133121 , 0.137149 , 0.142163 , 0.148151 , 0.154851 , 0.161502 , 0.166418 , 0.166254 , 0.154783 , 0.120859 , 0 , 0 , 0 , 0 , 0 , 0 , 0 , 0 , 0 , 0 , 
1e+100 , 0.121021 , 0.12109 , 0.121187 , 0.121325 , 0.121518 , 0.12179 , 0.122168 , 0.122693 , 0.123417 , 0.124409 , 0.125756 , 0.127568 , 0.129975 , 0.133121 , 0.137149 , 0.142163 , 0.148151 , 0.154851 , 0.161502 , 0.166418 , 0.166254 , 0.154783 , 0.120859 , 0 , 0 , 0 , 0 , 0 , 0 , 0 , 0 , 0 , 
1e+100 , 0.120972 , 0.121021 , 0.12109 , 0.121187 , 0.121325 , 0.121518 , 0.12179 , 0.122168 , 0.122693 , 0.123417 , 0.124409 , 0.125756 , 0.127568 , 0.129975 , 0.133121 , 0.137149 , 0.142163 , 0.148151 , 0.154851 , 0.161502 , 0.166418 , 0.166254 , 0.154783 , 0.120859 , 0 , 0 , 0 , 0 , 0 , 0 , 0 , 0 , 
1e+100 , 0.120938 , 0.120972 , 0.121021 , 0.12109 , 0.121187 , 0.121325 , 0.121518 , 0.12179 , 0.122168 , 0.122693 , 0.123417 , 0.124409 , 0.125756 , 0.127568 , 0.129975 , 0.133121 , 0.137149 , 0.142163 , 0.148151 , 0.154851 , 0.161502 , 0.166418 , 0.166254 , 0.154783 , 0.120859 , 0 , 0 , 0 , 0 , 0 , 0 , 0 , 
1e+100 , 0.120914 , 0.120938 , 0.120972 , 0.121021 , 0.12109 , 0.121187 , 0.121325 , 0.121518 , 0.12179 , 0.122168 , 0.122693 , 0.123417 , 0.124409 , 0.125756 , 0.127568 , 0.129975 , 0.133121 , 0.137149 , 0.142163 , 0.148151 , 0.154851 , 0.161502 , 0.166418 , 0.166254 , 0.154783 , 0.120859 , 0 , 0 , 0 , 0 , 0 , 0 , 
1e+100 , 0.120898 , 0.120914 , 0.120938 , 0.120972 , 0.121021 , 0.12109 , 0.121187 , 0.121325 , 0.121518 , 0.12179 , 0.122168 , 0.122693 , 0.123417 , 0.124409 , 0.125756 , 0.127568 , 0.129975 , 0.133121 , 0.137149 , 0.142163 , 0.148151 , 0.154851 , 0.161502 , 0.166418 , 0.166254 , 0.154783 , 0.120859 , 0 , 0 , 0 , 0 , 0 , 
1e+100 , 0.120886 , 0.120898 , 0.120914 , 0.120938 , 0.120972 , 0.121021 , 0.12109 , 0.121187 , 0.121325 , 0.121518 , 0.12179 , 0.122168 , 0.122693 , 0.123417 , 0.124409 , 0.125756 , 0.127568 , 0.129975 , 0.133121 , 0.137149 , 0.142163 , 0.148151 , 0.154851 , 0.161502 , 0.166418 , 0.166254 , 0.154783 , 0.120859 , 0 , 0 , 0 , 0 , 
1e+100 , 0.120878 , 0.120886 , 0.120898 , 0.120914 , 0.120938 , 0.120972 , 0.121021 , 0.12109 , 0.121187 , 0.121325 , 0.121518 , 0.12179 , 0.122168 , 0.122693 , 0.123417 , 0.124409 , 0.125756 , 0.127568 , 0.129975 , 0.133121 , 0.137149 , 0.142163 , 0.148151 , 0.154851 , 0.161502 , 0.166418 , 0.166254 , 0.154783 , 0.120859 , 0 , 0 , 0 , 
1e+100 , 0.120872 , 0.120878 , 0.120886 , 0.120898 , 0.120914 , 0.120938 , 0.120972 , 0.121021 , 0.12109 , 0.121187 , 0.121325 , 0.121518 , 0.12179 , 0.122168 , 0.122693 , 0.123417 , 0.124409 , 0.125756 , 0.127568 , 0.129975 , 0.133121 , 0.137149 , 0.142163 , 0.148151 , 0.154851 , 0.161502 , 0.166418 , 0.166254 , 0.154783 , 0.120859 , 0 , 0 , 
1e+100 , 0.120868 , 0.120872 , 0.120878 , 0.120886 , 0.120898 , 0.120914 , 0.120938 , 0.120972 , 0.121021 , 0.12109 , 0.121187 , 0.121325 , 0.121518 , 0.12179 , 0.122168 , 0.122693 , 0.123417 , 0.124409 , 0.125756 , 0.127568 , 0.129975 , 0.133121 , 0.137149 , 0.142163 , 0.148151 , 0.154851 , 0.161502 , 0.166418 , 0.166254 , 0.154783 , 0.120859 , 0 , 
1e+100 , 0.120866 , 0.120868 , 0.120872 , 0.120878 , 0.120886 , 0.120898 , 0.120914 , 0.120938 , 0.120972 , 0.121021 , 0.12109 , 0.121187 , 0.121325 , 0.121518 , 0.12179 , 0.122168 , 0.122693 , 0.123417 , 0.124409 , 0.125756 , 0.127568 , 0.129975 , 0.133121 , 0.137149 , 0.142163 , 0.148151 , 0.154851 , 0.161502 , 0.166418 , 0.166254 , 0.154783 , 0.120859 , 

h*g ,
1e+200 , 0 , 0 , 0 , 0 , 0 , 0 , 0 , 0 , 0 , 0 , 0 , 0 , 0 , 0 , 0 , 0 , 0 , 0 , 0 , 0 , 0 , 0 , 0 , 0 , 0 , 0 , 0 , 0 , 0 , 0 , 0 , 0 , 
1e+200 , 0.132172 , 0 , 0 , 0 , 0 , 0 , 0 , 0 , 0 , 0 , 0 , 0 , 0 , 0 , 0 , 0 , 0 , 0 , 0 , 0 , 0 , 0 , 0 , 0 , 0 , 0 , 0 , 0 , 0 , 0 , 0 , 0 , 
1e+200 , 0.169271 , 0.132172 , 0 , 0 , 0 , 0 , 0 , 0 , 0 , 0 , 0 , 0 , 0 , 0 , 0 , 0 , 0 , 0 , 0 , 0 , 0 , 0 , 0 , 0 , 0 , 0 , 0 , 0 , 0 , 0 , 0 , 0 , 
1e+200 , 0.181816 , 0.169271 , 0.132172 , 0 , 0 , 0 , 0 , 0 , 0 , 0 , 0 , 0 , 0 , 0 , 0 , 0 , 0 , 0 , 0 , 0 , 0 , 0 , 0 , 0 , 0 , 0 , 0 , 0 , 0 , 0 , 0 , 0 , 
1e+200 , 0.164932 , 0.164769 , 0.164894 , 0.128755 , 0 , 0 , 0 , 0 , 0 , 0 , 0 , 0 , 0 , 0 , 0 , 0 , 0 , 0 , 0 , 0 , 0 , 0 , 0 , 0 , 0 , 0 , 0 , 0 , 0 , 0 , 0 , 0 , 
1e+200 , 0.1435 , 0.147868 , 0.160068 , 0.160518 , 0.125337 , 0 , 0 , 0 , 0 , 0 , 0 , 0 , 0 , 0 , 0 , 0 , 0 , 0 , 0 , 0 , 0 , 0 , 0 , 0 , 0 , 0 , 0 , 0 , 0 , 0 , 0 , 0 , 
1e+200 , 0.148256 , 0.154624 , 0.157229 , 0.154975 , 0.157266 , 0.122798 , 0 , 0 , 0 , 0 , 0 , 0 , 0 , 0 , 0 , 0 , 0 , 0 , 0 , 0 , 0 , 0 , 0 , 0 , 0 , 0 , 0 , 0 , 0 , 0 , 0 , 0 , 
1e+200 , 0.152045 , 0.158921 , 0.149676 , 0.137671 , 0.151482 , 0.154014 , 0.120259 , 0 , 0 , 0 , 0 , 0 , 0 , 0 , 0 , 0 , 0 , 0 , 0 , 0 , 0 , 0 , 0 , 0 , 0 , 0 , 0 , 0 , 0 , 0 , 0 , 0 , 
1e+200 , 0.146491 , 0.152662 , 0.148985 , 0.144349 , 0.148036 , 0.147184 , 0.150951 , 0.117867 , 0 , 0 , 0 , 0 , 0 , 0 , 0 , 0 , 0 , 0 , 0 , 0 , 0 , 0 , 0 , 0 , 0 , 0 , 0 , 0 , 0 , 0 , 0 , 0 , 
1e+200 , 0.141895 , 0.147083 , 0.147775 , 0.148706 , 0.140174 , 0.129066 , 0.143894 , 0.147888 , 0.115476 , 0 , 0 , 0 , 0 , 0 , 0 , 0 , 0 , 0 , 0 , 0 , 0 , 0 , 0 , 0 , 0 , 0 , 0 , 0 , 0 , 0 , 0 , 0 , 
1e+200 , 0.142796 , 0.147118 , 0.14503 , 0.143359 , 0.139906 , 0.135553 , 0.139926 , 0.140035 , 0.14524 , 0.113408 , 0 , 0 , 0 , 0 , 0 , 0 , 0 , 0 , 0 , 0 , 0 , 0 , 0 , 0 , 0 , 0 , 0 , 0 , 0 , 0 , 0 , 0 , 
1e+200 , 0.144371 , 0.147865 , 0.14303 , 0.138608 , 0.13912 , 0.139845 , 0.131804 , 0.12134 , 0.137191 , 0.142593 , 0.111341 , 0 , 0 , 0 , 0 , 0 , 0 , 0 , 0 , 0 , 0 , 0 , 0 , 0 , 0 , 0 , 0 , 0 , 0 , 0 , 0 , 0 , 
1e+200 , 0.140684 , 0.143338 , 0.141091 , 0.139471 , 0.137107 , 0.135105 , 0.131843 , 0.127732 , 0.132829 , 0.133906 , 0.140293 , 0.109545 , 0 , 0 , 0 , 0 , 0 , 0 , 0 , 0 , 0 , 0 , 0 , 0 , 0 , 0 , 0 , 0 , 0 , 0 , 0 , 0 , 
1e+200 , 0.137688 , 0.139671 , 0.139966 , 0.140956 , 0.135753 , 0.130901 , 0.131369 , 0.132036 , 0.124542 , 0.114765 , 0.131437 , 0.137994 , 0.10775 , 0 , 0 , 0 , 0 , 0 , 0 , 0 , 0 , 0 , 0 , 0 , 0 , 0 , 0 , 0 , 0 , 0 , 0 , 0 , 
1e+200 , 0.135871 , 0.137343 , 0.136914 , 0.137044 , 0.134398 , 0.132322 , 0.129867 , 0.127739 , 0.124745 , 0.120957 , 0.126629 , 0.128492 , 0.135884 , 0.106103 , 0 , 0 , 0 , 0 , 0 , 0 , 0 , 0 , 0 , 0 , 0 , 0 , 0 , 0 , 0 , 0 , 0 , 0 , 
1e+200 , 0.13445 , 0.13553 , 0.134516 , 0.133936 , 0.133791 , 0.134294 , 0.12896 , 0.123933 , 0.12445 , 0.125163 , 0.118096 , 0.108869 , 0.126225 , 0.133774 , 0.104455 , 0 , 0 , 0 , 0 , 0 , 0 , 0 , 0 , 0 , 0 , 0 , 0 , 0 , 0 , 0 , 0 , 0 , 
1e+200 , 0.134315 , 0.135108 , 0.133426 , 0.132074 , 0.131214 , 0.130874 , 0.128065 , 0.125781 , 0.12332 , 0.121159 , 0.118355 , 0.114799 , 0.12094 , 0.123465 , 0.13177 , 0.10289 , 0 , 0 , 0 , 0 , 0 , 0 , 0 , 0 , 0 , 0 , 0 , 0 , 0 , 0 , 0 , 0 , 
1e+200 , 0.134391 , 0.134969 , 0.132711 , 0.130698 , 0.129251 , 0.128209 , 0.127862 , 0.128123 , 0.122734 , 0.117616 , 0.118134 , 0.11884 , 0.112118 , 0.103343 , 0.121312 , 0.129766 , 0.101325 , 0 , 0 , 0 , 0 , 0 , 0 , 0 , 0 , 0 , 0 , 0 , 0 , 0 , 0 , 0 , 
1e+200 , 0.135479 , 0.1359 , 0.133194 , 0.13067 , 0.128573 , 0.126783 , 0.125719 , 0.125146 , 0.122243 , 0.119829 , 0.117325 , 0.115091 , 0.112414 , 0.109023 , 0.115569 , 0.118679 , 0.127806 , 0.0997946 , 0 , 0 , 0 , 0 , 0 , 0 , 0 , 0 , 0 , 0 , 0 , 0 , 0 , 0 , 
1e+200 , 0.136678 , 0.136983 , 0.13388 , 0.130912 , 0.128248 , 0.125815 , 0.124155 , 0.122879 , 0.122393 , 0.122485 , 0.117012 , 0.111776 , 0.112252 , 0.112905 , 0.106465 , 0.0980723 , 0.116574 , 0.125845 , 0.098264 , 0 , 0 , 0 , 0 , 0 , 0 , 0 , 0 , 0 , 0 , 0 , 0 , 0 , 
1e+200 , 0.134112 , 0.134326 , 0.133189 , 0.132161 , 0.129065 , 0.126141 , 0.12384 , 0.12183 , 0.120629 , 0.119893 , 0.116876 , 0.114315 , 0.111739 , 0.109406 , 0.106817 , 0.103544 , 0.11043 , 0.114051 , 0.124006 , 0.0968273 , 0 , 0 , 0 , 0 , 0 , 0 , 0 , 0 , 0 , 0 , 0 , 0 , 
1e+200 , 0.131615 , 0.131764 , 0.132617 , 0.133556 , 0.130076 , 0.126724 , 0.123859 , 0.121213 , 0.119411 , 0.117971 , 0.117337 , 0.117249 , 0.111681 , 0.106315 , 0.106726 , 0.107303 , 0.101093 , 0.0930225 , 0.112075 , 0.122166 , 0.0953907 , 0 , 0 , 0 , 0 , 0 , 0 , 0 , 0 , 0 , 0 , 0 , 
1e+200 , 0.137048 , 0.137159 , 0.13417 , 0.131235 , 0.129738 , 0.128346 , 0.125065 , 0.121947 , 0.11952 , 0.117371 , 0.116037 , 0.115144 , 0.112023 , 0.109327 , 0.106682 , 0.104255 , 0.101733 , 0.098554 , 0.105786 , 0.109909 , 0.120645 , 0.0942035 , 0 , 0 , 0 , 0 , 0 , 0 , 0 , 0 , 0 , 0 , 
1e+200 , 0.142507 , 0.142588 , 0.13578 , 0.129004 , 0.129514 , 0.130107 , 0.126453 , 0.122921 , 0.119945 , 0.117178 , 0.115249 , 0.113665 , 0.112912 , 0.112678 , 0.107039 , 0.101572 , 0.101926 , 0.102433 , 0.0964501 , 0.0886867 , 0.108276 , 0.119125 , 0.0930162 , 0 , 0 , 0 , 0 , 0 , 0 , 0 , 0 , 0 , 
1e+200 , 0.132487 , 0.13254 , 0.133627 , 0.134747 , 0.13145 , 0.128204 , 0.12655 , 0.124996 , 0.12162 , 0.118402 , 0.115877 , 0.113618 , 0.112186 , 0.111176 , 0.107987 , 0.105197 , 0.102508 , 0.100016 , 0.0975804 , 0.0945145 , 0.10207 , 0.106643 , 0.117967 , 0.0921124 , 0 , 0 , 0 , 0 , 0 , 0 , 0 , 0 , 
1e+200 , 0.122489 , 0.122524 , 0.131508 , 0.140524 , 0.133441 , 0.126389 , 0.126755 , 0.127203 , 0.123469 , 0.119853 , 0.116801 , 0.113951 , 0.111937 , 0.110256 , 0.10943 , 0.109103 , 0.103429 , 0.0979063 , 0.0982402 , 0.0987215 , 0.0929284 , 0.0854178 , 0.1054 , 0.11681 , 0.0912085 , 0 , 0 , 0 , 0 , 0 , 0 , 0 , 
1e+200 , 0.126268 , 0.126293 , 0.128546 , 0.130815 , 0.131647 , 0.132511 , 0.12909 , 0.125718 , 0.123995 , 0.122371 , 0.118937 , 0.115654 , 0.11307 , 0.110742 , 0.109256 , 0.108176 , 0.104957 , 0.102118 , 0.0994212 , 0.0969081 , 0.0945551 , 0.0915916 , 0.0993707 , 0.104259 , 0.116007 , 0.0905822 , 0 , 0 , 0 , 0 , 0 , 0 , 
1e+200 , 0.130053 , 0.130071 , 0.1256 , 0.121138 , 0.129886 , 0.138665 , 0.131477 , 0.124318 , 0.124626 , 0.125015 , 0.121236 , 0.117573 , 0.114482 , 0.111587 , 0.109529 , 0.107795 , 0.106934 , 0.106558 , 0.100885 , 0.09535 , 0.0956819 , 0.0961581 , 0.0904833 , 0.0831338 , 0.103398 , 0.115205 , 0.0899559 , 0 , 0 , 0 , 0 , 0 , 
1e+200 , 0.12361 , 0.123622 , 0.124413 , 0.125212 , 0.127282 , 0.129369 , 0.130106 , 0.130874 , 0.12741 , 0.123994 , 0.122238 , 0.120578 , 0.117117 , 0.113806 , 0.111196 , 0.108837 , 0.107328 , 0.106218 , 0.102999 , 0.100152 , 0.0974632 , 0.0949514 , 0.0926449 , 0.0897403 , 0.0976654 , 0.102758 , 0.114778 , 0.0896223 , 0 , 0 , 0 , 0 , 
1e+200 , 0.117171 , 0.117178 , 0.123233 , 0.129295 , 0.124695 , 0.120104 , 0.128767 , 0.13746 , 0.130244 , 0.123056 , 0.123339 , 0.123702 , 0.119909 , 0.116229 , 0.113126 , 0.110216 , 0.108144 , 0.106388 , 0.105523 , 0.105135 , 0.0994754 , 0.093948 , 0.0942698 , 0.0947333 , 0.0891185 , 0.0818524 , 0.102299 , 0.114351 , 0.0892887 , 0 , 0 , 0 , 
1e+200 , 0.105925 , 0.10593 , 0.114516 , 0.123107 , 0.123812 , 0.124524 , 0.126539 , 0.128571 , 0.129284 , 0.130029 , 0.126551 , 0.123121 , 0.121355 , 0.119685 , 0.116218 , 0.1129 , 0.110284 , 0.107916 , 0.106406 , 0.105291 , 0.102084 , 0.099244 , 0.0965552 , 0.0940396 , 0.0917553 , 0.0888786 , 0.0968886 , 0.102093 , 0.11423 , 0.0891947 , 0 , 0 , 
1e+200 , 0.0946813 , 0.0946844 , 0.105803 , 0.116926 , 0.122936 , 0.128952 , 0.124327 , 0.119711 , 0.128356 , 0.137031 , 0.129811 , 0.12262 , 0.122898 , 0.123255 , 0.119461 , 0.11578 , 0.112677 , 0.109766 , 0.107692 , 0.105934 , 0.105072 , 0.104685 , 0.0990308 , 0.0935061 , 0.0938195 , 0.0942732 , 0.0886785 , 0.08144 , 0.101963 , 0.11411 , 0.0891006 , 0 , 
1e+200 , 0.0946792 , 0.0946813 , 0.105798 , 0.116918 , 0.122924 , 0.128934 , 0.124303 , 0.119677 , 0.128305 , 0.136953 , 0.129707 , 0.122481 , 0.122702 , 0.122981 , 0.119091 , 0.115285 , 0.112016 , 0.108891 , 0.106538 , 0.104429 , 0.103126 , 0.102211 , 0.0961221 , 0.0902085 , 0.0900274 , 0.0901942 , 0.0850262 , 0.0790343 , 0.102064 , 0.122567 , 0.11411 , 0.0891006 , 

shifts ,
0 , 0 , 0 , 0 , 0 , 0 , 0 , 0 , 0 , 0 , 0 , 0 , 0 , 0 , 0 , 0 , 0 , 0 , 0 , 0 , 0 , 0 , 0 , 0 , 0 , 0 , 0 , 0 , 0 , 0 , 0 , 0 , 0 , 
0 , 0 , 0 , 0 , 0 , 0 , 0 , 0 , 0 , 0 , 0 , 0 , 0 , 0 , 0 , 0 , 0 , 0 , 0 , 0 , 0 , 0 , 0 , 0 , 0 , 0 , 0 , 0 , 0 , 0 , 0 , 0 , 0 , 
0 , 0 , 0 , 0 , 0 , 0 , 0 , 0 , 0 , 0 , 0 , 0 , 0 , 0 , 0 , 0 , 0 , 0 , 0 , 0 , 0 , 0 , 0 , 0 , 0 , 0 , 0 , 0 , 0 , 0 , 0 , 0 , 0 , 
0 , 0 , 0 , 0 , 0 , 0 , 0 , 0 , 0 , 0 , 0 , 0 , 0 , 0 , 0 , 0 , 0 , 0 , 0 , 0 , 0 , 0 , 0 , 0 , 0 , 0 , 0 , 0 , 0 , 0 , 0 , 0 , 0 , 
0 , 0 , 0 , 0 , 0 , 0 , 0 , 0 , 0 , 0 , 0 , 0 , 0 , 0 , 0 , 0 , 0 , 0 , 0 , 0 , 0 , 0 , 0 , 0 , 0 , 0 , 0 , 0 , 0 , 0 , 0 , 0 , 0 , 
0 , 0 , 0 , 0 , 0 , 0 , 0 , 0 , 0 , 0 , 0 , 0 , 0 , 0 , 0 , 0 , 0 , 0 , 0 , 0 , 0 , 0 , 0 , 0 , 0 , 0 , 0 , 0 , 0 , 0 , 0 , 0 , 0 , 
0 , 0 , 0 , 0 , 0 , 0 , 0 , 0 , 0 , 0 , 0 , 0 , 0 , 0 , 0 , 0 , 0 , 0 , 0 , 0 , 0 , 0 , 0 , 0 , 0 , 0 , 0 , 0 , 0 , 0 , 0 , 0 , 0 , 
0 , 0 , 0 , 0 , 0 , 0 , 0 , 0 , 0 , 0 , 0 , 0 , 0 , 0 , 0 , 0 , 0 , 0 , 0 , 0 , 0 , 0 , 0 , 0 , 0 , 0 , 0 , 0 , 0 , 0 , 0 , 0 , 0 , 
0 , 0 , 0 , 0 , 0 , 0 , 0 , 0 , 0 , 0 , 0 , 0 , 0 , 0 , 0 , 0 , 0 , 0 , 0 , 0 , 0 , 0 , 0 , 0 , 0 , 0 , 0 , 0 , 0 , 0 , 0 , 0 , 0 , 
0 , 0 , 0 , 0 , 0 , 0 , 0 , 0 , 0 , 0 , 0 , 0 , 0 , 0 , 0 , 0 , 0 , 0 , 0 , 0 , 0 , 0 , 0 , 0 , 0 , 0 , 0 , 0 , 0 , 0 , 0 , 0 , 0 , 
0 , 0 , 0 , 0 , 0 , 0 , 0 , 0 , 0 , 0 , 0 , 0 , 0 , 0 , 0 , 0 , 0 , 0 , 0 , 0 , 0 , 0 , 0 , 0 , 0 , 0 , 0 , 0 , 0 , 0 , 0 , 0 , 0 , 
0 , 0 , 0 , 0 , 0 , 0 , 0 , 0 , 0 , 0 , 0 , 0 , 0 , 0 , 0 , 0 , 0 , 0 , 0 , 0 , 0 , 0 , 0 , 0 , 0 , 0 , 0 , 0 , 0 , 0 , 0 , 0 , 0 , 
0 , 0 , 0 , 0 , 0 , 0 , 0 , 0 , 0 , 0 , 0 , 0 , 0 , 0 , 0 , 0 , 0 , 0 , 0 , 0 , 0 , 0 , 0 , 0 , 0 , 0 , 0 , 0 , 0 , 0 , 0 , 0 , 0 , 
0 , 0 , 0 , 0 , 0 , 0 , 0 , 0 , 0 , 0 , 0 , 0 , 0 , 0 , 0 , 0 , 0 , 0 , 0 , 0 , 0 , 0 , 0 , 0 , 0 , 0 , 0 , 0 , 0 , 0 , 0 , 0 , 0 , 
0 , 0 , 0 , 0 , 0 , 0 , 0 , 0 , 0 , 0 , 0 , 0 , 0 , 0 , 0 , 0 , 0 , 0 , 0 , 0 , 0 , 0 , 0 , 0 , 0 , 0 , 0 , 0 , 0 , 0 , 0 , 0 , 0 , 
0 , 0 , 0 , 0 , 0 , 0 , 0 , 0 , 0 , 0 , 0 , 0 , 0 , 0 , 0 , 0 , 0 , 0 , 0 , 0 , 0 , 0 , 0 , 0 , 0 , 0 , 0 , 0 , 0 , 0 , 0 , 0 , 0 , 
0 , 0 , 0 , 0 , 0 , 0 , 0 , 0 , 0 , 0 , 0 , 0 , 0 , 0 , 0 , 0 , 0 , 0 , 0 , 0 , 0 , 0 , 0 , 0 , 0 , 0 , 0 , 0 , 0 , 0 , 0 , 0 , 0 , 
0 , 0 , 0 , 0 , 0 , 0 , 0 , 0 , 0 , 0 , 0 , 0 , 0 , 0 , 0 , 0 , 0 , 0 , 0 , 0 , 0 , 0 , 0 , 0 , 0 , 0 , 0 , 0 , 0 , 0 , 0 , 0 , 0 , 
0 , 0 , 0 , 0 , 0 , 0 , 0 , 0 , 0 , 0 , 0 , 0 , 0 , 0 , 0 , 0 , 0 , 0 , 0 , 0 , 0 , 0 , 0 , 0 , 0 , 0 , 0 , 0 , 0 , 0 , 0 , 0 , 0 , 
0 , 0 , 0 , 0 , 0 , 0 , 0 , 0 , 0 , 0 , 0 , 0 , 0 , 0 , 0 , 0 , 0 , 0 , 0 , 0 , 0 , 0 , 0 , 0 , 0 , 0 , 0 , 0 , 0 , 0 , 0 , 0 , 0 , 
0 , 0 , 0 , 0 , 0 , 0 , 0 , 0 , 0 , 0 , 0 , 0 , 0 , 0 , 0 , 0 , 0 , 0 , 0 , 0 , 0 , 0 , 0 , 0 , 0 , 0 , 0 , 0 , 0 , 0 , 0 , 0 , 0 , 
0 , 0 , 0 , 0 , 0 , 0 , 0 , 0 , 0 , 0 , 0 , 0 , 0 , 0 , 0 , 0 , 0 , 0 , 0 , 0 , 0 , 0 , 0 , 0 , 0 , 0 , 0 , 0 , 0 , 0 , 0 , 0 , 0 , 
0 , 0 , 0 , 0 , 0 , 0 , 0 , 0 , 0 , 0 , 0 , 0 , 0 , 0 , 0 , 0 , 0 , 0 , 0 , 0 , 0 , 0 , 0 , 0 , 0 , 0 , 0 , 0 , 0 , 0 , 0 , 0 , 0 , 
0 , 0 , 0 , 0 , 0 , 0 , 0 , 0 , 0 , 0 , 0 , 0 , 0 , 0 , 0 , 0 , 0 , 0 , 0 , 0 , 0 , 0 , 0 , 0 , 0 , 0 , 0 , 0 , 0 , 0 , 0 , 0 , 0 , 
0 , 0 , 0 , 0 , 0 , 0 , 0 , 0 , 0 , 0 , 0 , 0 , 0 , 0 , 0 , 0 , 0 , 0 , 0 , 0 , 0 , 0 , 0 , 0 , 0 , 0 , 0 , 0 , 0 , 0 , 0 , 0 , 0 , 
0 , 0 , 0 , 0 , 0 , 0 , 0 , 0 , 0 , 0 , 0 , 0 , 0 , 0 , 0 , 0 , 0 , 0 , 0 , 0 , 0 , 0 , 0 , 0 , 0 , 0 , 0 , 0 , 0 , 0 , 0 , 0 , 0 , 
0 , 0 , 0 , 0 , 0 , 0 , 0 , 0 , 0 , 0 , 0 , 0 , 0 , 0 , 0 , 0 , 0 , 0 , 0 , 0 , 0 , 0 , 0 , 0 , 0 , 0 , 0 , 0 , 0 , 0 , 0 , 0 , 0 , 
0 , 0 , 0 , 0 , 0 , 0 , 0 , 0 , 0 , 0 , 0 , 0 , 0 , 0 , 0 , 0 , 0 , 0 , 0 , 0 , 0 , 0 , 0 , 0 , 0 , 0 , 0 , 0 , 0 , 0 , 0 , 0 , 0 , 
0 , 0 , 0 , 0 , 0 , 0 , 0 , 0 , 0 , 0 , 0 , 0 , 0 , 0 , 0 , 0 , 0 , 0 , 0 , 0 , 0 , 0 , 0 , 0 , 0 , 0 , 0 , 0 , 0 , 0 , 0 , 0 , 0 , 
0 , 0 , 0 , 0 , 0 , 0 , 0 , 0 , 0 , 0 , 0 , 0 , 0 , 0 , 0 , 0 , 0 , 0 , 0 , 0 , 0 , 0 , 0 , 0 , 0 , 0 , 0 , 0 , 0 , 0 , 0 , 0 , 0 , 
0 , 0 , 0 , 0 , 0 , 0 , 0 , 0 , 0 , 0 , 0 , 0 , 0 , 0 , 0 , 0 , 0 , 0 , 0 , 0 , 0 , 0 , 0 , 0 , 0 , 0 , 0 , 0 , 0 , 0 , 0 , 0 , 0 , 
0 , 0 , 0 , 0 , 0 , 0 , 0 , 0 , 0 , 0 , 0 , 0 , 0 , 0 , 0 , 0 , 0 , 0 , 0 , 0 , 0 , 0 , 0 , 0 , 0 , 0 , 0 , 0 , 0 , 0 , 0 , 0 , 0 , 
0 , 0 , 0 , 0 , 0 , 0 , 0 , 0 , 0 , 0 , 0 , 0 , 0 , 0 , 0 , 0 , 0 , 0 , 0 , 0 , 0 , 0 , 0 , 0 , 0 , 0 , 0 , 0 , 0 , 0 , 0 , 0 , 0 , 

