g ,
1e+100 , 0 , 0 , 0 , 0 , 0 , 0 , 0 , 0 , 0 , 0 , 0 , 0 , 0 , 0 , 0 , 0 , 0 , 0 , 0 , 0 , 0 , 0 , 0 , 0 , 0 , 0 , 0 , 0 , 0 , 0 , 0 , 0 , 
1e+100 , 1.08045 , 0 , 0 , 0 , 0 , 0 , 0 , 0 , 0 , 0 , 0 , 0 , 0 , 0 , 0 , 0 , 0 , 0 , 0 , 0 , 0 , 0 , 0 , 0 , 0 , 0 , 0 , 0 , 0 , 0 , 0 , 0 , 
1e+100 , 1.08045 , 1.08045 , 0 , 0 , 0 , 0 , 0 , 0 , 0 , 0 , 0 , 0 , 0 , 0 , 0 , 0 , 0 , 0 , 0 , 0 , 0 , 0 , 0 , 0 , 0 , 0 , 0 , 0 , 0 , 0 , 0 , 0 , 
1e+100 , 1.08045 , 1.08045 , 1.08045 , 0 , 0 , 0 , 0 , 0 , 0 , 0 , 0 , 0 , 0 , 0 , 0 , 0 , 0 , 0 , 0 , 0 , 0 , 0 , 0 , 0 , 0 , 0 , 0 , 0 , 0 , 0 , 0 , 0 , 
1e+100 , 0.990732 , 0.990732 , 1.04254 , 1.04254 , 0 , 0 , 0 , 0 , 0 , 0 , 0 , 0 , 0 , 0 , 0 , 0 , 0 , 0 , 0 , 0 , 0 , 0 , 0 , 0 , 0 , 0 , 0 , 0 , 0 , 0 , 0 , 0 , 
1e+100 , 0.901014 , 0.901014 , 0.952818 , 1.00462 , 1.00462 , 0 , 0 , 0 , 0 , 0 , 0 , 0 , 0 , 0 , 0 , 0 , 0 , 0 , 0 , 0 , 0 , 0 , 0 , 0 , 0 , 0 , 0 , 0 , 0 , 0 , 0 , 0 , 
1e+100 , 0.972983 , 0.972983 , 0.930271 , 0.88756 , 1.02503 , 1.02503 , 0 , 0 , 0 , 0 , 0 , 0 , 0 , 0 , 0 , 0 , 0 , 0 , 0 , 0 , 0 , 0 , 0 , 0 , 0 , 0 , 0 , 0 , 0 , 0 , 0 , 0 , 
1e+100 , 1.04495 , 1.04495 , 0.907725 , 0.770497 , 0.907966 , 1.04544 , 1.04544 , 0 , 0 , 0 , 0 , 0 , 0 , 0 , 0 , 0 , 0 , 0 , 0 , 0 , 0 , 0 , 0 , 0 , 0 , 0 , 0 , 0 , 0 , 0 , 0 , 0 , 
1e+100 , 1.08119 , 1.08119 , 0.910793 , 0.740391 , 0.864253 , 0.988114 , 0.968526 , 0.968526 , 0 , 0 , 0 , 0 , 0 , 0 , 0 , 0 , 0 , 0 , 0 , 0 , 0 , 0 , 0 , 0 , 0 , 0 , 0 , 0 , 0 , 0 , 0 , 0 , 
1e+100 , 1.11744 , 1.11744 , 0.91386 , 0.710286 , 0.820539 , 0.930793 , 0.911205 , 0.891617 , 0.891617 , 0 , 0 , 0 , 0 , 0 , 0 , 0 , 0 , 0 , 0 , 0 , 0 , 0 , 0 , 0 , 0 , 0 , 0 , 0 , 0 , 0 , 0 , 0 , 
1e+100 , 1.13528 , 1.13528 , 0.975327 , 0.815377 , 0.868541 , 0.921705 , 0.866683 , 0.81166 , 0.889278 , 0.889278 , 0 , 0 , 0 , 0 , 0 , 0 , 0 , 0 , 0 , 0 , 0 , 0 , 0 , 0 , 0 , 0 , 0 , 0 , 0 , 0 , 0 , 0 , 
1e+100 , 1.15312 , 1.15312 , 1.03679 , 0.920469 , 0.916543 , 0.912617 , 0.82216 , 0.731703 , 0.809321 , 0.886938 , 0.886938 , 0 , 0 , 0 , 0 , 0 , 0 , 0 , 0 , 0 , 0 , 0 , 0 , 0 , 0 , 0 , 0 , 0 , 0 , 0 , 0 , 0 , 
1e+100 , 1.12403 , 1.12403 , 1.08292 , 1.04181 , 0.954863 , 0.867919 , 0.819494 , 0.77107 , 0.803264 , 0.835458 , 0.835985 , 0.835985 , 0 , 0 , 0 , 0 , 0 , 0 , 0 , 0 , 0 , 0 , 0 , 0 , 0 , 0 , 0 , 0 , 0 , 0 , 0 , 0 , 
1e+100 , 1.09495 , 1.09495 , 1.12905 , 1.16314 , 0.993182 , 0.823221 , 0.816829 , 0.810437 , 0.797207 , 0.783978 , 0.784505 , 0.785033 , 0.785033 , 0 , 0 , 0 , 0 , 0 , 0 , 0 , 0 , 0 , 0 , 0 , 0 , 0 , 0 , 0 , 0 , 0 , 0 , 0 , 
1e+100 , 1.1034 , 1.1034 , 1.11284 , 1.12227 , 0.999184 , 0.876095 , 0.871279 , 0.866464 , 0.814113 , 0.761762 , 0.776893 , 0.792024 , 0.778198 , 0.778198 , 0 , 0 , 0 , 0 , 0 , 0 , 0 , 0 , 0 , 0 , 0 , 0 , 0 , 0 , 0 , 0 , 0 , 0 , 
1e+100 , 1.11186 , 1.11186 , 1.09663 , 1.0814 , 1.00519 , 0.928968 , 0.92573 , 0.922491 , 0.831018 , 0.739545 , 0.76928 , 0.799015 , 0.785189 , 0.771363 , 0.771363 , 0 , 0 , 0 , 0 , 0 , 0 , 0 , 0 , 0 , 0 , 0 , 0 , 0 , 0 , 0 , 0 , 0 , 
1e+100 , 1.12046 , 1.12046 , 1.0878 , 1.05515 , 0.991842 , 0.92853 , 0.942558 , 0.956585 , 0.850777 , 0.744969 , 0.76609 , 0.78721 , 0.77113 , 0.755049 , 0.785292 , 0.785292 , 0 , 0 , 0 , 0 , 0 , 0 , 0 , 0 , 0 , 0 , 0 , 0 , 0 , 0 , 0 , 0 , 
1e+100 , 1.12905 , 1.12905 , 1.07898 , 1.0289 , 0.978498 , 0.928092 , 0.959386 , 0.99068 , 0.870537 , 0.750393 , 0.762899 , 0.775405 , 0.757071 , 0.738736 , 0.768978 , 0.799221 , 0.799221 , 0 , 0 , 0 , 0 , 0 , 0 , 0 , 0 , 0 , 0 , 0 , 0 , 0 , 0 , 0 , 
1e+100 , 1.12902 , 1.12902 , 1.06062 , 0.99223 , 0.952743 , 0.913256 , 0.939672 , 0.966089 , 0.892985 , 0.819881 , 0.818488 , 0.817096 , 0.78815 , 0.759205 , 0.785235 , 0.811266 , 0.728622 , 0.728622 , 0 , 0 , 0 , 0 , 0 , 0 , 0 , 0 , 0 , 0 , 0 , 0 , 0 , 0 , 
1e+100 , 1.12898 , 1.12898 , 1.04227 , 0.955556 , 0.926988 , 0.898419 , 0.919958 , 0.941498 , 0.915433 , 0.889368 , 0.874077 , 0.858786 , 0.81923 , 0.779674 , 0.801492 , 0.823311 , 0.740667 , 0.658024 , 0.658024 , 0 , 0 , 0 , 0 , 0 , 0 , 0 , 0 , 0 , 0 , 0 , 0 , 0 , 
1e+100 , 1.13599 , 1.13599 , 1.04734 , 0.958698 , 0.989575 , 1.02045 , 0.952847 , 0.885241 , 0.929766 , 0.97429 , 0.875441 , 0.776592 , 0.757163 , 0.737734 , 0.786337 , 0.83494 , 0.764987 , 0.695034 , 0.611983 , 0.611983 , 0 , 0 , 0 , 0 , 0 , 0 , 0 , 0 , 0 , 0 , 0 , 0 , 
1e+100 , 1.14299 , 1.14299 , 1.05242 , 0.96184 , 1.05216 , 1.14249 , 0.985735 , 0.828984 , 0.944098 , 1.05921 , 0.876806 , 0.694398 , 0.695096 , 0.695794 , 0.771182 , 0.846569 , 0.789306 , 0.732043 , 0.648993 , 0.565942 , 0.565942 , 0 , 0 , 0 , 0 , 0 , 0 , 0 , 0 , 0 , 0 , 0 , 
1e+100 , 1.20677 , 1.20677 , 1.11319 , 1.01962 , 1.06768 , 1.11573 , 1.01874 , 0.921755 , 0.955686 , 0.989617 , 0.861835 , 0.734053 , 0.695644 , 0.657235 , 0.675924 , 0.694613 , 0.732386 , 0.77016 , 0.673296 , 0.576433 , 0.663634 , 0.663634 , 0 , 0 , 0 , 0 , 0 , 0 , 0 , 0 , 0 , 0 , 
1e+100 , 1.27054 , 1.27054 , 1.17397 , 1.0774 , 1.08319 , 1.08898 , 1.05175 , 1.01453 , 0.967273 , 0.920021 , 0.846865 , 0.773709 , 0.696192 , 0.618675 , 0.580666 , 0.542656 , 0.675466 , 0.808276 , 0.6976 , 0.586924 , 0.674125 , 0.761325 , 0.761325 , 0 , 0 , 0 , 0 , 0 , 0 , 0 , 0 , 0 , 
1e+100 , 1.25315 , 1.25315 , 1.17897 , 1.1048 , 1.09696 , 1.08912 , 1.02358 , 0.95805 , 0.978107 , 0.998165 , 0.938986 , 0.879807 , 0.786445 , 0.693083 , 0.603867 , 0.514652 , 0.616642 , 0.718633 , 0.693485 , 0.668337 , 0.633821 , 0.599305 , 0.665691 , 0.665691 , 0 , 0 , 0 , 0 , 0 , 0 , 0 , 0 , 
1e+100 , 1.23575 , 1.23575 , 1.18398 , 1.1322 , 1.11073 , 1.08925 , 0.995411 , 0.901574 , 0.988942 , 1.07631 , 1.03111 , 0.985905 , 0.876698 , 0.76749 , 0.627069 , 0.486648 , 0.557818 , 0.628989 , 0.689369 , 0.74975 , 0.593517 , 0.437285 , 0.503671 , 0.570057 , 0.570057 , 0 , 0 , 0 , 0 , 0 , 0 , 0 , 
1e+100 , 1.26467 , 1.26467 , 1.20954 , 1.15441 , 1.13287 , 1.11133 , 0.994318 , 0.877302 , 0.994578 , 1.11185 , 1.05431 , 0.996758 , 0.908593 , 0.820428 , 0.679867 , 0.539306 , 0.493511 , 0.447717 , 0.560148 , 0.672579 , 0.652251 , 0.631924 , 0.551187 , 0.47045 , 0.585825 , 0.585825 , 0 , 0 , 0 , 0 , 0 , 0 , 
1e+100 , 1.29359 , 1.29359 , 1.23511 , 1.17662 , 1.15502 , 1.13342 , 0.993225 , 0.853031 , 1.00021 , 1.1474 , 1.0775 , 1.00761 , 0.940488 , 0.873365 , 0.732664 , 0.591964 , 0.429204 , 0.266445 , 0.430926 , 0.595407 , 0.710985 , 0.826563 , 0.598703 , 0.370843 , 0.486218 , 0.601593 , 0.601593 , 0 , 0 , 0 , 0 , 0 , 
1e+100 , 1.29037 , 1.29037 , 1.24971 , 1.20906 , 1.20812 , 1.20718 , 1.08065 , 0.954121 , 1.03353 , 1.11294 , 1.02479 , 0.936632 , 0.886495 , 0.836358 , 0.744097 , 0.651837 , 0.460751 , 0.269666 , 0.283686 , 0.297707 , 0.560902 , 0.824096 , 0.695687 , 0.567279 , 0.506748 , 0.446217 , 0.590789 , 0.590789 , 0 , 0 , 0 , 0 , 
1e+100 , 1.28716 , 1.28716 , 1.26432 , 1.24149 , 1.26122 , 1.28094 , 1.16808 , 1.05521 , 1.06685 , 1.07849 , 0.97207 , 0.865653 , 0.832502 , 0.799351 , 0.75553 , 0.71171 , 0.492298 , 0.272887 , 0.136447 , 7.0282e-006 , 0.410818 , 0.821629 , 0.792672 , 0.763715 , 0.527278 , 0.290841 , 0.435413 , 0.579985 , 0.579985 , 0 , 0 , 0 , 
1e+100 , 1.21413 , 1.21413 , 1.20658 , 1.19903 , 1.2328 , 1.26657 , 1.16884 , 1.07111 , 1.08351 , 1.09592 , 1.00602 , 0.916121 , 0.866664 , 0.817206 , 0.763441 , 0.709675 , 0.599147 , 0.48862 , 0.257962 , 0.0273045 , 0.260112 , 0.492919 , 0.70787 , 0.922821 , 0.71806 , 0.5133 , 0.424543 , 0.335787 , 0.628925 , 0.628925 , 0 , 0 , 
1e+100 , 1.1411 , 1.1411 , 1.14883 , 1.15657 , 1.20438 , 1.25219 , 1.1696 , 1.087 , 1.10018 , 1.11336 , 1.03997 , 0.96659 , 0.900826 , 0.835062 , 0.771351 , 0.70764 , 0.705997 , 0.704353 , 0.379477 , 0.0546019 , 0.109406 , 0.164209 , 0.623068 , 1.08193 , 0.908843 , 0.735758 , 0.413673 , 0.0915881 , 0.384727 , 0.677865 , 0.677865 , 0 , 
1e+100 , 1.1411 , 1.1411 , 1.14883 , 1.15657 , 1.20438 , 1.25219 , 1.1696 , 1.087 , 1.10018 , 1.11336 , 1.03997 , 0.96659 , 0.900826 , 0.835062 , 0.771351 , 0.70764 , 0.705997 , 0.704353 , 0.379477 , 0.0546019 , 0.109406 , 0.164209 , 0.623068 , 1.08193 , 0.908843 , 0.735758 , 0.413673 , 0.0915881 , 0.384727 , 0.677865 , 0.677865 , 0.677865 , 

h ,
1e+100 , 0 , 0 , 0 , 0 , 0 , 0 , 0 , 0 , 0 , 0 , 0 , 0 , 0 , 0 , 0 , 0 , 0 , 0 , 0 , 0 , 0 , 0 , 0 , 0 , 0 , 0 , 0 , 0 , 0 , 0 , 0 , 0 , 
1e+100 , 0.120859 , 0 , 0 , 0 , 0 , 0 , 0 , 0 , 0 , 0 , 0 , 0 , 0 , 0 , 0 , 0 , 0 , 0 , 0 , 0 , 0 , 0 , 0 , 0 , 0 , 0 , 0 , 0 , 0 , 0 , 0 , 0 , 
1e+100 , 0.154783 , 0.120859 , 0 , 0 , 0 , 0 , 0 , 0 , 0 , 0 , 0 , 0 , 0 , 0 , 0 , 0 , 0 , 0 , 0 , 0 , 0 , 0 , 0 , 0 , 0 , 0 , 0 , 0 , 0 , 0 , 0 , 0 , 
1e+100 , 0.166254 , 0.154783 , 0.120859 , 0 , 0 , 0 , 0 , 0 , 0 , 0 , 0 , 0 , 0 , 0 , 0 , 0 , 0 , 0 , 0 , 0 , 0 , 0 , 0 , 0 , 0 , 0 , 0 , 0 , 0 , 0 , 0 , 0 , 
1e+100 , 0.166418 , 0.166254 , 0.154783 , 0.120859 , 0 , 0 , 0 , 0 , 0 , 0 , 0 , 0 , 0 , 0 , 0 , 0 , 0 , 0 , 0 , 0 , 0 , 0 , 0 , 0 , 0 , 0 , 0 , 0 , 0 , 0 , 0 , 0 , 
1e+100 , 0.161502 , 0.166418 , 0.166254 , 0.154783 , 0.120859 , 0 , 0 , 0 , 0 , 0 , 0 , 0 , 0 , 0 , 0 , 0 , 0 , 0 , 0 , 0 , 0 , 0 , 0 , 0 , 0 , 0 , 0 , 0 , 0 , 0 , 0 , 0 , 
1e+100 , 0.154851 , 0.161502 , 0.166418 , 0.166254 , 0.154783 , 0.120859 , 0 , 0 , 0 , 0 , 0 , 0 , 0 , 0 , 0 , 0 , 0 , 0 , 0 , 0 , 0 , 0 , 0 , 0 , 0 , 0 , 0 , 0 , 0 , 0 , 0 , 0 , 
1e+100 , 0.148151 , 0.154851 , 0.161502 , 0.166418 , 0.166254 , 0.154783 , 0.120859 , 0 , 0 , 0 , 0 , 0 , 0 , 0 , 0 , 0 , 0 , 0 , 0 , 0 , 0 , 0 , 0 , 0 , 0 , 0 , 0 , 0 , 0 , 0 , 0 , 0 , 
1e+100 , 0.142163 , 0.148151 , 0.154851 , 0.161502 , 0.166418 , 0.166254 , 0.154783 , 0.120859 , 0 , 0 , 0 , 0 , 0 , 0 , 0 , 0 , 0 , 0 , 0 , 0 , 0 , 0 , 0 , 0 , 0 , 0 , 0 , 0 , 0 , 0 , 0 , 0 , 
1e+100 , 0.137149 , 0.142163 , 0.148151 , 0.154851 , 0.161502 , 0.166418 , 0.166254 , 0.154783 , 0.120859 , 0 , 0 , 0 , 0 , 0 , 0 , 0 , 0 , 0 , 0 , 0 , 0 , 0 , 0 , 0 , 0 , 0 , 0 , 0 , 0 , 0 , 0 , 0 , 
1e+100 , 0.133121 , 0.137149 , 0.142163 , 0.148151 , 0.154851 , 0.161502 , 0.166418 , 0.166254 , 0.154783 , 0.120859 , 0 , 0 , 0 , 0 , 0 , 0 , 0 , 0 , 0 , 0 , 0 , 0 , 0 , 0 , 0 , 0 , 0 , 0 , 0 , 0 , 0 , 0 , 
1e+100 , 0.129975 , 0.133121 , 0.137149 , 0.142163 , 0.148151 , 0.154851 , 0.161502 , 0.166418 , 0.166254 , 0.154783 , 0.120859 , 0 , 0 , 0 , 0 , 0 , 0 , 0 , 0 , 0 , 0 , 0 , 0 , 0 , 0 , 0 , 0 , 0 , 0 , 0 , 0 , 0 , 
1e+100 , 0.127568 , 0.129975 , 0.133121 , 0.137149 , 0.142163 , 0.148151 , 0.154851 , 0.161502 , 0.166418 , 0.166254 , 0.154783 , 0.120859 , 0 , 0 , 0 , 0 , 0 , 0 , 0 , 0 , 0 , 0 , 0 , 0 , 0 , 0 , 0 , 0 , 0 , 0 , 0 , 0 , 
1e+100 , 0.125756 , 0.127568 , 0.129975 , 0.133121 , 0.137149 , 0.142163 , 0.148151 , 0.154851 , 0.161502 , 0.166418 , 0.166254 , 0.154783 , 0.120859 , 0 , 0 , 0 , 0 , 0 , 0 , 0 , 0 , 0 , 0 , 0 , 0 , 0 , 0 , 0 , 0 , 0 , 0 , 0 , 
1e+100 , 0.124409 , 0.125756 , 0.127568 , 0.129975 , 0.133121 , 0.137149 , 0.142163 , 0.148151 , 0.154851 , 0.161502 , 0.166418 , 0.166254 , 0.154783 , 0.120859 , 0 , 0 , 0 , 0 , 0 , 0 , 0 , 0 , 0 , 0 , 0 , 0 , 0 , 0 , 0 , 0 , 0 , 0 , 
1e+100 , 0.123417 , 0.124409 , 0.125756 , 0.127568 , 0.129975 , 0.133121 , 0.137149 , 0.142163 , 0.148151 , 0.154851 , 0.161502 , 0.166418 , 0.166254 , 0.154783 , 0.120859 , 0 , 0 , 0 , 0 , 0 , 0 , 0 , 0 , 0 , 0 , 0 , 0 , 0 , 0 , 0 , 0 , 0 , 
1e+100 , 0.122693 , 0.123417 , 0.124409 , 0.125756 , 0.127568 , 0.129975 , 0.133121 , 0.137149 , 0.142163 , 0.148151 , 0.154851 , 0.161502 , 0.166418 , 0.166254 , 0.154783 , 0.120859 , 0 , 0 , 0 , 0 , 0 , 0 , 0 , 0 , 0 , 0 , 0 , 0 , 0 , 0 , 0 , 0 , 
1e+100 , 0.122168 , 0.122693 , 0.123417 , 0.124409 , 0.125756 , 0.127568 , 0.129975 , 0.133121 , 0.137149 , 0.142163 , 0.148151 , 0.154851 , 0.161502 , 0.166418 , 0.166254 , 0.154783 , 0.120859 , 0 , 0 , 0 , 0 , 0 , 0 , 0 , 0 , 0 , 0 , 0 , 0 , 0 , 0 , 0 , 
1e+100 , 0.12179 , 0.122168 , 0.122693 , 0.123417 , 0.124409 , 0.125756 , 0.127568 , 0.129975 , 0.133121 , 0.137149 , 0.142163 , 0.148151 , 0.154851 , 0.161502 , 0.166418 , 0.166254 , 0.154783 , 0.120859 , 0 , 0 , 0 , 0 , 0 , 0 , 0 , 0 , 0 , 0 , 0 , 0 , 0 , 0 , 
1e+100 , 0.121518 , 0.12179 , 0.122168 , 0.122693 , 0.123417 , 0.124409 , 0.125756 , 0.127568 , 0.129975 , 0.133121 , 0.137149 , 0.142163 , 0.148151 , 0.154851 , 0.161502 , 0.166418 , 0.166254 , 0.154783 , 0.120859 , 0 , 0 , 0 , 0 , 0 , 0 , 0 , 0 , 0 , 0 , 0 , 0 , 0 , 
1e+100 , 0.121325 , 0.121518 , 0.12179 , 0.122168 , 0.122693 , 0.123417 , 0.124409 , 0.125756 , 0.127568 , 0.129975 , 0.133121 , 0.137149 , 0.142163 , 0.148151 , 0.154851 , 0.161502 , 0.166418 , 0.166254 , 0.154783 , 0.120859 , 0 , 0 , 0 , 0 , 0 , 0 , 0 , 0 , 0 , 0 , 0 , 0 , 
1e+100 , 0.121187 , 0.121325 , 0.121518 , 0.12179 , 0.122168 , 0.122693 , 0.123417 , 0.124409 , 0.125756 , 0.127568 , 0.129975 , 0.133121 , 0.137149 , 0.142163 , 0.148151 , 0.154851 , 0.161502 , 0.166418 , 0.166254 , 0.154783 , 0.120859 , 0 , 0 , 0 , 0 , 0 , 0 , 0 , 0 , 0 , 0 , 0 , 
1e+100 , 0.12109 , 0.121187 , 0.121325 , 0.121518 , 0.12179 , 0.122168 , 0.122693 , 0.123417 , 0.124409 , 0.125756 , 0.127568 , 0.129975 , 0.133121 , 0.137149 , 0.142163 , 0.148151 , 0.154851 , 0.161502 , 0.166418 , 0.166254 , 0.154783 , 0.120859 , 0 , 0 , 0 , 0 , 0 , 0 , 0 , 0 , 0 , 0 , 
1e+100 , 0.121021 , 0.12109 , 0.121187 , 0.121325 , 0.121518 , 0.12179 , 0.122168 , 0.122693 , 0.123417 , 0.124409 , 0.125756 , 0.127568 , 0.129975 , 0.133121 , 0.137149 , 0.142163 , 0.148151 , 0.154851 , 0.161502 , 0.166418 , 0.166254 , 0.154783 , 0.120859 , 0 , 0 , 0 , 0 , 0 , 0 , 0 , 0 , 0 , 
1e+100 , 0.120972 , 0.121021 , 0.12109 , 0.121187 , 0.121325 , 0.121518 , 0.12179 , 0.122168 , 0.122693 , 0.123417 , 0.124409 , 0.125756 , 0.127568 , 0.129975 , 0.133121 , 0.137149 , 0.142163 , 0.148151 , 0.154851 , 0.161502 , 0.166418 , 0.166254 , 0.154783 , 0.120859 , 0 , 0 , 0 , 0 , 0 , 0 , 0 , 0 , 
1e+100 , 0.120938 , 0.120972 , 0.121021 , 0.12109 , 0.121187 , 0.121325 , 0.121518 , 0.12179 , 0.122168 , 0.122693 , 0.123417 , 0.124409 , 0.125756 , 0.127568 , 0.129975 , 0.133121 , 0.137149 , 0.142163 , 0.148151 , 0.154851 , 0.161502 , 0.166418 , 0.166254 , 0.154783 , 0.120859 , 0 , 0 , 0 , 0 , 0 , 0 , 0 , 
1e+100 , 0.120914 , 0.120938 , 0.120972 , 0.121021 , 0.12109 , 0.121187 , 0.121325 , 0.121518 , 0.12179 , 0.122168 , 0.122693 , 0.123417 , 0.124409 , 0.125756 , 0.127568 , 0.129975 , 0.133121 , 0.137149 , 0.142163 , 0.148151 , 0.154851 , 0.161502 , 0.166418 , 0.166254 , 0.154783 , 0.120859 , 0 , 0 , 0 , 0 , 0 , 0 , 
1e+100 , 0.120898 , 0.120914 , 0.120938 , 0.120972 , 0.121021 , 0.12109 , 0.121187 , 0.121325 , 0.121518 , 0.12179 , 0.122168 , 0.122693 , 0.123417 , 0.124409 , 0.125756 , 0.127568 , 0.129975 , 0.133121 , 0.137149 , 0.142163 , 0.148151 , 0.154851 , 0.161502 , 0.166418 , 0.166254 , 0.154783 , 0.120859 , 0 , 0 , 0 , 0 , 0 , 
1e+100 , 0.120886 , 0.120898 , 0.120914 , 0.120938 , 0.120972 , 0.121021 , 0.12109 , 0.121187 , 0.121325 , 0.121518 , 0.12179 , 0.122168 , 0.122693 , 0.123417 , 0.124409 , 0.125756 , 0.127568 , 0.129975 , 0.133121 , 0.137149 , 0.142163 , 0.148151 , 0.154851 , 0.161502 , 0.166418 , 0.166254 , 0.154783 , 0.120859 , 0 , 0 , 0 , 0 , 
1e+100 , 0.120878 , 0.120886 , 0.120898 , 0.120914 , 0.120938 , 0.120972 , 0.121021 , 0.12109 , 0.121187 , 0.121325 , 0.121518 , 0.12179 , 0.122168 , 0.122693 , 0.123417 , 0.124409 , 0.125756 , 0.127568 , 0.129975 , 0.133121 , 0.137149 , 0.142163 , 0.148151 , 0.154851 , 0.161502 , 0.166418 , 0.166254 , 0.154783 , 0.120859 , 0 , 0 , 0 , 
1e+100 , 0.120872 , 0.120878 , 0.120886 , 0.120898 , 0.120914 , 0.120938 , 0.120972 , 0.121021 , 0.12109 , 0.121187 , 0.121325 , 0.121518 , 0.12179 , 0.122168 , 0.122693 , 0.123417 , 0.124409 , 0.125756 , 0.127568 , 0.129975 , 0.133121 , 0.137149 , 0.142163 , 0.148151 , 0.154851 , 0.161502 , 0.166418 , 0.166254 , 0.154783 , 0.120859 , 0 , 0 , 
1e+100 , 0.120868 , 0.120872 , 0.120878 , 0.120886 , 0.120898 , 0.120914 , 0.120938 , 0.120972 , 0.121021 , 0.12109 , 0.121187 , 0.121325 , 0.121518 , 0.12179 , 0.122168 , 0.122693 , 0.123417 , 0.124409 , 0.125756 , 0.127568 , 0.129975 , 0.133121 , 0.137149 , 0.142163 , 0.148151 , 0.154851 , 0.161502 , 0.166418 , 0.166254 , 0.154783 , 0.120859 , 0 , 
1e+100 , 0.120866 , 0.120868 , 0.120872 , 0.120878 , 0.120886 , 0.120898 , 0.120914 , 0.120938 , 0.120972 , 0.121021 , 0.12109 , 0.121187 , 0.121325 , 0.121518 , 0.12179 , 0.122168 , 0.122693 , 0.123417 , 0.124409 , 0.125756 , 0.127568 , 0.129975 , 0.133121 , 0.137149 , 0.142163 , 0.148151 , 0.154851 , 0.161502 , 0.166418 , 0.166254 , 0.154783 , 0.120859 , 

h*g ,
1e+200 , 0 , 0 , 0 , 0 , 0 , 0 , 0 , 0 , 0 , 0 , 0 , 0 , 0 , 0 , 0 , 0 , 0 , 0 , 0 , 0 , 0 , 0 , 0 , 0 , 0 , 0 , 0 , 0 , 0 , 0 , 0 , 0 , 
1e+200 , 0.130583 , 0 , 0 , 0 , 0 , 0 , 0 , 0 , 0 , 0 , 0 , 0 , 0 , 0 , 0 , 0 , 0 , 0 , 0 , 0 , 0 , 0 , 0 , 0 , 0 , 0 , 0 , 0 , 0 , 0 , 0 , 0 , 
1e+200 , 0.167235 , 0.130583 , 0 , 0 , 0 , 0 , 0 , 0 , 0 , 0 , 0 , 0 , 0 , 0 , 0 , 0 , 0 , 0 , 0 , 0 , 0 , 0 , 0 , 0 , 0 , 0 , 0 , 0 , 0 , 0 , 0 , 0 , 
1e+200 , 0.179629 , 0.167235 , 0.130583 , 0 , 0 , 0 , 0 , 0 , 0 , 0 , 0 , 0 , 0 , 0 , 0 , 0 , 0 , 0 , 0 , 0 , 0 , 0 , 0 , 0 , 0 , 0 , 0 , 0 , 0 , 0 , 0 , 0 , 
1e+200 , 0.164876 , 0.164713 , 0.161367 , 0.126 , 0 , 0 , 0 , 0 , 0 , 0 , 0 , 0 , 0 , 0 , 0 , 0 , 0 , 0 , 0 , 0 , 0 , 0 , 0 , 0 , 0 , 0 , 0 , 0 , 0 , 0 , 0 , 0 , 
1e+200 , 0.145516 , 0.149945 , 0.15841 , 0.155499 , 0.121418 , 0 , 0 , 0 , 0 , 0 , 0 , 0 , 0 , 0 , 0 , 0 , 0 , 0 , 0 , 0 , 0 , 0 , 0 , 0 , 0 , 0 , 0 , 0 , 0 , 0 , 0 , 0 , 
1e+200 , 0.150667 , 0.157139 , 0.154814 , 0.147561 , 0.158657 , 0.123884 , 0 , 0 , 0 , 0 , 0 , 0 , 0 , 0 , 0 , 0 , 0 , 0 , 0 , 0 , 0 , 0 , 0 , 0 , 0 , 0 , 0 , 0 , 0 , 0 , 0 , 0 , 
1e+200 , 0.15481 , 0.161812 , 0.1466 , 0.128225 , 0.150953 , 0.161816 , 0.126351 , 0 , 0 , 0 , 0 , 0 , 0 , 0 , 0 , 0 , 0 , 0 , 0 , 0 , 0 , 0 , 0 , 0 , 0 , 0 , 0 , 0 , 0 , 0 , 0 , 0 , 
1e+200 , 0.153705 , 0.16018 , 0.141037 , 0.119575 , 0.143827 , 0.164278 , 0.149912 , 0.117056 , 0 , 0 , 0 , 0 , 0 , 0 , 0 , 0 , 0 , 0 , 0 , 0 , 0 , 0 , 0 , 0 , 0 , 0 , 0 , 0 , 0 , 0 , 0 , 0 , 
1e+200 , 0.153255 , 0.158858 , 0.135389 , 0.109988 , 0.132519 , 0.154901 , 0.151492 , 0.138007 , 0.10776 , 0 , 0 , 0 , 0 , 0 , 0 , 0 , 0 , 0 , 0 , 0 , 0 , 0 , 0 , 0 , 0 , 0 , 0 , 0 , 0 , 0 , 0 , 0 , 
1e+200 , 0.151129 , 0.155702 , 0.138655 , 0.120799 , 0.134494 , 0.148858 , 0.144232 , 0.134942 , 0.137645 , 0.107478 , 0 , 0 , 0 , 0 , 0 , 0 , 0 , 0 , 0 , 0 , 0 , 0 , 0 , 0 , 0 , 0 , 0 , 0 , 0 , 0 , 0 , 0 , 
1e+200 , 0.149876 , 0.153504 , 0.142195 , 0.130856 , 0.135787 , 0.141319 , 0.132781 , 0.121769 , 0.134553 , 0.137283 , 0.107195 , 0 , 0 , 0 , 0 , 0 , 0 , 0 , 0 , 0 , 0 , 0 , 0 , 0 , 0 , 0 , 0 , 0 , 0 , 0 , 0 , 0 , 
1e+200 , 0.143391 , 0.146096 , 0.144159 , 0.142883 , 0.135746 , 0.128583 , 0.126899 , 0.12453 , 0.133678 , 0.138899 , 0.129396 , 0.101037 , 0 , 0 , 0 , 0 , 0 , 0 , 0 , 0 , 0 , 0 , 0 , 0 , 0 , 0 , 0 , 0 , 0 , 0 , 0 , 0 , 
1e+200 , 0.137697 , 0.139681 , 0.146748 , 0.154839 , 0.136214 , 0.117031 , 0.121014 , 0.125497 , 0.128751 , 0.130468 , 0.130427 , 0.12151 , 0.0948786 , 0 , 0 , 0 , 0 , 0 , 0 , 0 , 0 , 0 , 0 , 0 , 0 , 0 , 0 , 0 , 0 , 0 , 0 , 0 , 
1e+200 , 0.137273 , 0.13876 , 0.141963 , 0.145867 , 0.133012 , 0.120156 , 0.123863 , 0.128367 , 0.126066 , 0.123026 , 0.129289 , 0.131677 , 0.120452 , 0.0940525 , 0 , 0 , 0 , 0 , 0 , 0 , 0 , 0 , 0 , 0 , 0 , 0 , 0 , 0 , 0 , 0 , 0 , 0 , 
1e+200 , 0.137222 , 0.138325 , 0.137908 , 0.137953 , 0.130649 , 0.123665 , 0.126963 , 0.131144 , 0.123116 , 0.114519 , 0.124241 , 0.132971 , 0.130541 , 0.119394 , 0.0932265 , 0 , 0 , 0 , 0 , 0 , 0 , 0 , 0 , 0 , 0 , 0 , 0 , 0 , 0 , 0 , 0 , 0 , 
1e+200 , 0.137472 , 0.138283 , 0.135332 , 0.132692 , 0.126527 , 0.120685 , 0.125474 , 0.131195 , 0.120949 , 0.110368 , 0.11863 , 0.127136 , 0.12833 , 0.12553 , 0.12155 , 0.0949099 , 0 , 0 , 0 , 0 , 0 , 0 , 0 , 0 , 0 , 0 , 0 , 0 , 0 , 0 , 0 , 0 , 
1e+200 , 0.137934 , 0.138527 , 0.133164 , 0.128004 , 0.123052 , 0.118395 , 0.124696 , 0.13188 , 0.119393 , 0.106678 , 0.113024 , 0.120072 , 0.122269 , 0.122939 , 0.127846 , 0.123706 , 0.0965933 , 0 , 0 , 0 , 0 , 0 , 0 , 0 , 0 , 0 , 0 , 0 , 0 , 0 , 0 , 0 , 
1e+200 , 0.137502 , 0.137929 , 0.130131 , 0.122458 , 0.118529 , 0.114847 , 0.119872 , 0.125567 , 0.118875 , 0.112446 , 0.116358 , 0.121053 , 0.122046 , 0.122613 , 0.130677 , 0.134876 , 0.112778 , 0.0880609 , 0 , 0 , 0 , 0 , 0 , 0 , 0 , 0 , 0 , 0 , 0 , 0 , 0 , 0 , 
1e+200 , 0.137192 , 0.137498 , 0.127332 , 0.11724 , 0.114406 , 0.111771 , 0.11569 , 0.120105 , 0.118983 , 0.118393 , 0.119879 , 0.122087 , 0.12137 , 0.120733 , 0.129443 , 0.137014 , 0.123139 , 0.101851 , 0.0795284 , 0 , 0 , 0 , 0 , 0 , 0 , 0 , 0 , 0 , 0 , 0 , 0 , 0 , 
1e+200 , 0.137823 , 0.138043 , 0.127555 , 0.117122 , 0.121414 , 0.125941 , 0.118542 , 0.111324 , 0.118608 , 0.126633 , 0.116539 , 0.106509 , 0.10764 , 0.109296 , 0.121765 , 0.134845 , 0.127308 , 0.115552 , 0.0947247 , 0.0739639 , 0 , 0 , 0 , 0 , 0 , 0 , 0 , 0 , 0 , 0 , 0 , 0 , 
1e+200 , 0.138516 , 0.138673 , 0.127888 , 0.117142 , 0.12854 , 0.140175 , 0.121656 , 0.103133 , 0.118726 , 0.135122 , 0.113963 , 0.0924388 , 0.0953318 , 0.098916 , 0.114251 , 0.131092 , 0.127475 , 0.121825 , 0.107898 , 0.0875983 , 0.0683994 , 0 , 0 , 0 , 0 , 0 , 0 , 0 , 0 , 0 , 0 , 0 , 
1e+200 , 0.146127 , 0.146245 , 0.135058 , 0.123902 , 0.130032 , 0.136307 , 0.124993 , 0.11376 , 0.118896 , 0.12445 , 0.109943 , 0.0954084 , 0.0926047 , 0.0901391 , 0.0960911 , 0.102907 , 0.113411 , 0.124383 , 0.112049 , 0.0958345 , 0.102719 , 0.0802064 , 0 , 0 , 0 , 0 , 0 , 0 , 0 , 0 , 0 , 0 , 
1e+200 , 0.153762 , 0.15385 , 0.14227 , 0.130715 , 0.131627 , 0.132627 , 0.128491 , 0.124475 , 0.119378 , 0.114459 , 0.106498 , 0.0987005 , 0.0904873 , 0.0823585 , 0.0796378 , 0.0771455 , 0.100071 , 0.125162 , 0.112664 , 0.0976749 , 0.112076 , 0.11784 , 0.0920133 , 0 , 0 , 0 , 0 , 0 , 0 , 0 , 0 , 0 , 
1e+200 , 0.151596 , 0.151657 , 0.142761 , 0.133888 , 0.133088 , 0.132348 , 0.124662 , 0.117043 , 0.120007 , 0.12319 , 0.116818 , 0.110641 , 0.100325 , 0.0900832 , 0.0803873 , 0.070584 , 0.0876635 , 0.106466 , 0.107387 , 0.107938 , 0.105479 , 0.0996371 , 0.103038 , 0.080455 , 0 , 0 , 0 , 0 , 0 , 0 , 0 , 0 , 
1e+200 , 0.149449 , 0.149491 , 0.143286 , 0.137098 , 0.134606 , 0.132153 , 0.120961 , 0.109802 , 0.120817 , 0.132055 , 0.127256 , 0.122655 , 0.11025 , 0.0979073 , 0.0815031 , 0.0647829 , 0.0765042 , 0.0894187 , 0.102131 , 0.116099 , 0.0958545 , 0.0727722 , 0.0837374 , 0.0882351 , 0.0688967 , 0 , 0 , 0 , 0 , 0 , 0 , 0 , 
1e+200 , 0.152917 , 0.152947 , 0.146321 , 0.139708 , 0.137179 , 0.134679 , 0.120635 , 0.106608 , 0.121129 , 0.135833 , 0.129356 , 0.123017 , 0.113037 , 0.103174 , 0.0867293 , 0.0700961 , 0.0656966 , 0.0614039 , 0.0796321 , 0.0996431 , 0.101002 , 0.102057 , 0.0917276 , 0.0782143 , 0.0906758 , 0.0708025 , 0 , 0 , 0 , 0 , 0 , 0 , 
1e+200 , 0.156392 , 0.156413 , 0.149371 , 0.142339 , 0.139782 , 0.137245 , 0.120366 , 0.103494 , 0.121544 , 0.139741 , 0.131636 , 0.123627 , 0.116072 , 0.108654 , 0.092137 , 0.0755157 , 0.0557857 , 0.0354693 , 0.0591011 , 0.0846447 , 0.105333 , 0.127994 , 0.096692 , 0.0617151 , 0.0808359 , 0.0931165 , 0.0727082 , 0 , 0 , 0 , 0 , 0 , 
1e+200 , 0.155988 , 0.156003 , 0.151108 , 0.146221 , 0.146149 , 0.146094 , 0.130856 , 0.115627 , 0.125393 , 0.135243 , 0.124808 , 0.114426 , 0.108766 , 0.103221 , 0.0925722 , 0.0819724 , 0.0587771 , 0.0350497 , 0.0377646 , 0.0408303 , 0.0797393 , 0.12209 , 0.107728 , 0.0916169 , 0.0843321 , 0.0741855 , 0.0914442 , 0.0714024 , 0 , 0 , 0 , 0 , 
1e+200 , 0.155589 , 0.155599 , 0.152854 , 0.150114 , 0.152529 , 0.154959 , 0.141362 , 0.127775 , 0.129288 , 0.130847 , 0.118124 , 0.105427 , 0.101705 , 0.0980745 , 0.0932451 , 0.0885428 , 0.0619095 , 0.0348116 , 0.0177346 , 9.35599e-007 , 0.0563433 , 0.116805 , 0.117435 , 0.118262 , 0.0851567 , 0.0484013 , 0.0723893 , 0.0897719 , 0.0700967 , 0 , 0 , 0 , 
1e+200 , 0.146754 , 0.146761 , 0.145858 , 0.14496 , 0.149063 , 0.153177 , 0.141397 , 0.129626 , 0.131202 , 0.132812 , 0.122055 , 0.111326 , 0.105551 , 0.0998363 , 0.0936686 , 0.0875858 , 0.0745391 , 0.0614469 , 0.0329077 , 0.00354889 , 0.0346263 , 0.0676034 , 0.100633 , 0.136717 , 0.111192 , 0.0828991 , 0.0706518 , 0.055826 , 0.097347 , 0.0760115 , 0 , 0 , 
1e+200 , 0.137923 , 0.137927 , 0.138868 , 0.139813 , 0.145607 , 0.151408 , 0.141449 , 0.131497 , 0.133145 , 0.134816 , 0.126032 , 0.117271 , 0.109467 , 0.101702 , 0.0942343 , 0.0868223 , 0.0871318 , 0.0876276 , 0.0477216 , 0.00696546 , 0.01422 , 0.0218597 , 0.0854532 , 0.15381 , 0.134646 , 0.113933 , 0.0668092 , 0.0152419 , 0.0639625 , 0.104922 , 0.0819264 , 0 , 
1e+200 , 0.137919 , 0.137923 , 0.138862 , 0.139803 , 0.145593 , 0.151387 , 0.141421 , 0.13146 , 0.133091 , 0.13474 , 0.12593 , 0.117138 , 0.109292 , 0.101475 , 0.0939425 , 0.0864509 , 0.0866206 , 0.086929 , 0.0472103 , 0.00686652 , 0.0139567 , 0.0213431 , 0.0829433 , 0.148385 , 0.129204 , 0.109003 , 0.0640577 , 0.0147917 , 0.0640255 , 0.112698 , 0.104922 , 0.0819264 , 

shifts ,
0 , 0 , 0 , 0 , 0 , 0 , 0 , 0 , 0 , 0 , 0 , 0 , 0 , 0 , 0 , 0 , 0 , 0 , 0 , 0 , 0 , 0 , 0 , 0 , 0 , 0 , 0 , 0 , 0 , 0 , 0 , 0 , 0 , 
0 , 0 , 0 , 0 , 0 , 0 , 0 , 0 , 0 , 0 , 0 , 0 , 0 , 0 , 0 , 0 , 0 , 0 , 0 , 0 , 0 , 0 , 0 , 0 , 0 , 0 , 0 , 0 , 0 , 0 , 0 , 0 , 0 , 
0 , 0 , 0 , 0 , 0 , 0 , 0 , 0 , 0 , 0 , 0 , 0 , 0 , 0 , 0 , 0 , 0 , 0 , 0 , 0 , 0 , 0 , 0 , 0 , 0 , 0 , 0 , 0 , 0 , 0 , 0 , 0 , 0 , 
0 , 0 , 0 , 0 , 0 , 0 , 0 , 0 , 0 , 0 , 0 , 0 , 0 , 0 , 0 , 0 , 0 , 0 , 0 , 0 , 0 , 0 , 0 , 0 , 0 , 0 , 0 , 0 , 0 , 0 , 0 , 0 , 0 , 
0 , 0 , 0 , 0 , 0 , 0 , 0 , 0 , 0 , 0 , 0 , 0 , 0 , 0 , 0 , 0 , 0 , 0 , 0 , 0 , 0 , 0 , 0 , 0 , 0 , 0 , 0 , 0 , 0 , 0 , 0 , 0 , 0 , 
0 , 0 , 0 , 0 , 0 , 0 , 0 , 0 , 0 , 0 , 0 , 0 , 0 , 0 , 0 , 0 , 0 , 0 , 0 , 0 , 0 , 0 , 0 , 0 , 0 , 0 , 0 , 0 , 0 , 0 , 0 , 0 , 0 , 
0 , 0 , 0 , 0 , 0 , 0 , 0 , 0 , 0 , 0 , 0 , 0 , 0 , 0 , 0 , 0 , 0 , 0 , 0 , 0 , 0 , 0 , 0 , 0 , 0 , 0 , 0 , 0 , 0 , 0 , 0 , 0 , 0 , 
0 , 0 , 0 , 0 , 0 , 0 , 0 , 0 , 0 , 0 , 0 , 0 , 0 , 0 , 0 , 0 , 0 , 0 , 0 , 0 , 0 , 0 , 0 , 0 , 0 , 0 , 0 , 0 , 0 , 0 , 0 , 0 , 0 , 
0 , 0 , 0 , 0 , 0 , 0 , 0 , 0 , 0 , 0 , 0 , 0 , 0 , 0 , 0 , 0 , 0 , 0 , 0 , 0 , 0 , 0 , 0 , 0 , 0 , 0 , 0 , 0 , 0 , 0 , 0 , 0 , 0 , 
0 , 0 , 0 , 0 , 0 , 0 , 0 , 0 , 0 , 0 , 0 , 0 , 0 , 0 , 0 , 0 , 0 , 0 , 0 , 0 , 0 , 0 , 0 , 0 , 0 , 0 , 0 , 0 , 0 , 0 , 0 , 0 , 0 , 
0 , 0 , 0 , 0 , 0 , 0 , 0 , 0 , 0 , 0 , 0 , 0 , 0 , 0 , 0 , 0 , 0 , 0 , 0 , 0 , 0 , 0 , 0 , 0 , 0 , 0 , 0 , 0 , 0 , 0 , 0 , 0 , 0 , 
0 , 0 , 0 , 0 , 0 , 0 , 0 , 0 , 0 , 0 , 0 , 0 , 0 , 0 , 0 , 0 , 0 , 0 , 0 , 0 , 0 , 0 , 0 , 0 , 0 , 0 , 0 , 0 , 0 , 0 , 0 , 0 , 0 , 
0 , 0 , 0 , 0 , 0 , 0 , 0 , 0 , 0 , 0 , 0 , 0 , 0 , 0 , 0 , 0 , 0 , 0 , 0 , 0 , 0 , 0 , 0 , 0 , 0 , 0 , 0 , 0 , 0 , 0 , 0 , 0 , 0 , 
0 , 0 , 0 , 0 , 0 , 0 , 0 , 0 , 0 , 0 , 0 , 0 , 0 , 0 , 0 , 0 , 0 , 0 , 0 , 0 , 0 , 0 , 0 , 0 , 0 , 0 , 0 , 0 , 0 , 0 , 0 , 0 , 0 , 
0 , 0 , 0 , 0 , 0 , 0 , 0 , 0 , 0 , 0 , 0 , 0 , 0 , 0 , 0 , 0 , 0 , 0 , 0 , 0 , 0 , 0 , 0 , 0 , 0 , 0 , 0 , 0 , 0 , 0 , 0 , 0 , 0 , 
0 , 0 , 0 , 0 , 0 , 0 , 0 , 0 , 0 , 0 , 0 , 0 , 0 , 0 , 0 , 0 , 0 , 0 , 0 , 0 , 0 , 0 , 0 , 0 , 0 , 0 , 0 , 0 , 0 , 0 , 0 , 0 , 0 , 
0 , 0 , 0 , 0 , 0 , 0 , 0 , 0 , 0 , 0 , 0 , 0 , 0 , 0 , 0 , 0 , 0 , 0 , 0 , 0 , 0 , 0 , 0 , 0 , 0 , 0 , 0 , 0 , 0 , 0 , 0 , 0 , 0 , 
0 , 0 , 0 , 0 , 0 , 0 , 0 , 0 , 0 , 0 , 0 , 0 , 0 , 0 , 0 , 0 , 0 , 0 , 0 , 0 , 0 , 0 , 0 , 0 , 0 , 0 , 0 , 0 , 0 , 0 , 0 , 0 , 0 , 
0 , 0 , 0 , 0 , 0 , 0 , 0 , 0 , 0 , 0 , 0 , 0 , 0 , 0 , 0 , 0 , 0 , 0 , 0 , 0 , 0 , 0 , 0 , 0 , 0 , 0 , 0 , 0 , 0 , 0 , 0 , 0 , 0 , 
0 , 0 , 0 , 0 , 0 , 0 , 0 , 0 , 0 , 0 , 0 , 0 , 0 , 0 , 0 , 0 , 0 , 0 , 0 , 0 , 0 , 0 , 0 , 0 , 0 , 0 , 0 , 0 , 0 , 0 , 0 , 0 , 0 , 
0 , 0 , 0 , 0 , 0 , 0 , 0 , 0 , 0 , 0 , 0 , 0 , 0 , 0 , 0 , 0 , 0 , 0 , 0 , 0 , 0 , 0 , 0 , 0 , 0 , 0 , 0 , 0 , 0 , 0 , 0 , 0 , 0 , 
0 , 0 , 0 , 0 , 0 , 0 , 0 , 0 , 0 , 0 , 0 , 0 , 0 , 0 , 0 , 0 , 0 , 0 , 0 , 0 , 0 , 0 , 0 , 0 , 0 , 0 , 0 , 0 , 0 , 0 , 0 , 0 , 0 , 
0 , 0 , 0 , 0 , 0 , 0 , 0 , 0 , 0 , 0 , 0 , 0 , 0 , 0 , 0 , 0 , 0 , 0 , 0 , 0 , 0 , 0 , 0 , 0 , 0 , 0 , 0 , 0 , 0 , 0 , 0 , 0 , 0 , 
0 , 0 , 0 , 0 , 0 , 0 , 0 , 0 , 0 , 0 , 0 , 0 , 0 , 0 , 0 , 0 , 0 , 0 , 0 , 0 , 0 , 0 , 0 , 0 , 0 , 0 , 0 , 0 , 0 , 0 , 0 , 0 , 0 , 
0 , 0 , 0 , 0 , 0 , 0 , 0 , 0 , 0 , 0 , 0 , 0 , 0 , 0 , 0 , 0 , 0 , 0 , 0 , 0 , 0 , 0 , 0 , 0 , 0 , 0 , 0 , 0 , 0 , 0 , 0 , 0 , 0 , 
0 , 0 , 0 , 0 , 0 , 0 , 0 , 0 , 0 , 0 , 0 , 0 , 0 , 0 , 0 , 0 , 0 , 0 , 0 , 0 , 0 , 0 , 0 , 0 , 0 , 0 , 0 , 0 , 0 , 0 , 0 , 0 , 0 , 
0 , 0 , 0 , 0 , 0 , 0 , 0 , 0 , 0 , 0 , 0 , 0 , 0 , 0 , 0 , 0 , 0 , 0 , 0 , 0 , 0 , 0 , 0 , 0 , 0 , 0 , 0 , 0 , 0 , 0 , 0 , 0 , 0 , 
0 , 0 , 0 , 0 , 0 , 0 , 0 , 0 , 0 , 0 , 0 , 0 , 0 , 0 , 0 , 0 , 0 , 0 , 0 , 0 , 0 , 0 , 0 , 0 , 0 , 0 , 0 , 0 , 0 , 0 , 0 , 0 , 0 , 
0 , 0 , 0 , 0 , 0 , 0 , 0 , 0 , 0 , 0 , 0 , 0 , 0 , 0 , 0 , 0 , 0 , 0 , 0 , 0 , 0 , 0 , 0 , 0 , 0 , 0 , 0 , 0 , 0 , 0 , 0 , 0 , 0 , 
0 , 0 , 0 , 0 , 0 , 0 , 0 , 0 , 0 , 0 , 0 , 0 , 0 , 0 , 0 , 0 , 0 , 0 , 0 , 0 , 0 , 0 , 0 , 0 , 0 , 0 , 0 , 0 , 0 , 0 , 0 , 0 , 0 , 
0 , 0 , 0 , 0 , 0 , 0 , 0 , 0 , 0 , 0 , 0 , 0 , 0 , 0 , 0 , 0 , 0 , 0 , 0 , 0 , 0 , 0 , 0 , 0 , 0 , 0 , 0 , 0 , 0 , 0 , 0 , 0 , 0 , 
0 , 0 , 0 , 0 , 0 , 0 , 0 , 0 , 0 , 0 , 0 , 0 , 0 , 0 , 0 , 0 , 0 , 0 , 0 , 0 , 0 , 0 , 0 , 0 , 0 , 0 , 0 , 0 , 0 , 0 , 0 , 0 , 0 , 
0 , 0 , 0 , 0 , 0 , 0 , 0 , 0 , 0 , 0 , 0 , 0 , 0 , 0 , 0 , 0 , 0 , 0 , 0 , 0 , 0 , 0 , 0 , 0 , 0 , 0 , 0 , 0 , 0 , 0 , 0 , 0 , 0 , 

