g ,
1e+100 , 0 , 0 , 0 , 0 , 0 , 0 , 0 , 0 , 0 , 0 , 0 , 0 , 0 , 0 , 0 , 0 , 0 , 0 , 0 , 0 , 0 , 0 , 0 , 0 , 0 , 0 , 0 , 0 , 0 , 0 , 0 , 0 , 
1e+100 , 1.03495 , 0 , 0 , 0 , 0 , 0 , 0 , 0 , 0 , 0 , 0 , 0 , 0 , 0 , 0 , 0 , 0 , 0 , 0 , 0 , 0 , 0 , 0 , 0 , 0 , 0 , 0 , 0 , 0 , 0 , 0 , 0 , 
1e+100 , 1.03495 , 1.03495 , 0 , 0 , 0 , 0 , 0 , 0 , 0 , 0 , 0 , 0 , 0 , 0 , 0 , 0 , 0 , 0 , 0 , 0 , 0 , 0 , 0 , 0 , 0 , 0 , 0 , 0 , 0 , 0 , 0 , 0 , 
1e+100 , 1.03495 , 1.03495 , 1.03495 , 0 , 0 , 0 , 0 , 0 , 0 , 0 , 0 , 0 , 0 , 0 , 0 , 0 , 0 , 0 , 0 , 0 , 0 , 0 , 0 , 0 , 0 , 0 , 0 , 0 , 0 , 0 , 0 , 0 , 
1e+100 , 1.03337 , 1.03337 , 0.919376 , 0.919376 , 0 , 0 , 0 , 0 , 0 , 0 , 0 , 0 , 0 , 0 , 0 , 0 , 0 , 0 , 0 , 0 , 0 , 0 , 0 , 0 , 0 , 0 , 0 , 0 , 0 , 0 , 0 , 0 , 
1e+100 , 1.03179 , 1.03179 , 0.917792 , 0.803799 , 0.803799 , 0 , 0 , 0 , 0 , 0 , 0 , 0 , 0 , 0 , 0 , 0 , 0 , 0 , 0 , 0 , 0 , 0 , 0 , 0 , 0 , 0 , 0 , 0 , 0 , 0 , 0 , 0 , 
1e+100 , 1.03542 , 1.03542 , 0.929526 , 0.823629 , 0.885649 , 0.885649 , 0 , 0 , 0 , 0 , 0 , 0 , 0 , 0 , 0 , 0 , 0 , 0 , 0 , 0 , 0 , 0 , 0 , 0 , 0 , 0 , 0 , 0 , 0 , 0 , 0 , 0 , 
1e+100 , 1.03906 , 1.03906 , 0.94126 , 0.843459 , 0.905479 , 0.9675 , 0.9675 , 0 , 0 , 0 , 0 , 0 , 0 , 0 , 0 , 0 , 0 , 0 , 0 , 0 , 0 , 0 , 0 , 0 , 0 , 0 , 0 , 0 , 0 , 0 , 0 , 0 , 
1e+100 , 1.04753 , 1.04753 , 0.955366 , 0.863197 , 0.914278 , 0.965359 , 0.86572 , 0.86572 , 0 , 0 , 0 , 0 , 0 , 0 , 0 , 0 , 0 , 0 , 0 , 0 , 0 , 0 , 0 , 0 , 0 , 0 , 0 , 0 , 0 , 0 , 0 , 0 , 
1e+100 , 1.05601 , 1.05601 , 0.969472 , 0.882935 , 0.923076 , 0.963217 , 0.863579 , 0.76394 , 0.76394 , 0 , 0 , 0 , 0 , 0 , 0 , 0 , 0 , 0 , 0 , 0 , 0 , 0 , 0 , 0 , 0 , 0 , 0 , 0 , 0 , 0 , 0 , 0 , 
1e+100 , 1.06714 , 1.06714 , 0.984801 , 0.902459 , 0.931896 , 0.961333 , 0.870852 , 0.780372 , 0.804661 , 0.804661 , 0 , 0 , 0 , 0 , 0 , 0 , 0 , 0 , 0 , 0 , 0 , 0 , 0 , 0 , 0 , 0 , 0 , 0 , 0 , 0 , 0 , 0 , 
1e+100 , 1.07828 , 1.07828 , 1.00013 , 0.921982 , 0.940715 , 0.959448 , 0.878126 , 0.796804 , 0.821093 , 0.845381 , 0.845381 , 0 , 0 , 0 , 0 , 0 , 0 , 0 , 0 , 0 , 0 , 0 , 0 , 0 , 0 , 0 , 0 , 0 , 0 , 0 , 0 , 0 , 
1e+100 , 1.08973 , 1.08973 , 1.01525 , 0.940769 , 0.949258 , 0.957748 , 0.885492 , 0.813237 , 0.830579 , 0.847921 , 0.784891 , 0.784891 , 0 , 0 , 0 , 0 , 0 , 0 , 0 , 0 , 0 , 0 , 0 , 0 , 0 , 0 , 0 , 0 , 0 , 0 , 0 , 0 , 
1e+100 , 1.10118 , 1.10118 , 1.03037 , 0.959555 , 0.957801 , 0.956048 , 0.892859 , 0.82967 , 0.840065 , 0.850461 , 0.787431 , 0.724401 , 0.724401 , 0 , 0 , 0 , 0 , 0 , 0 , 0 , 0 , 0 , 0 , 0 , 0 , 0 , 0 , 0 , 0 , 0 , 0 , 0 , 
1e+100 , 1.11194 , 1.11194 , 1.04473 , 0.977513 , 0.96607 , 0.954626 , 0.900444 , 0.846262 , 0.849706 , 0.85315 , 0.796275 , 0.739399 , 0.730384 , 0.730384 , 0 , 0 , 0 , 0 , 0 , 0 , 0 , 0 , 0 , 0 , 0 , 0 , 0 , 0 , 0 , 0 , 0 , 0 , 
1e+100 , 1.1227 , 1.1227 , 1.05909 , 0.995471 , 0.974338 , 0.953205 , 0.90803 , 0.862854 , 0.859347 , 0.85584 , 0.805118 , 0.754397 , 0.745382 , 0.736367 , 0.736367 , 0 , 0 , 0 , 0 , 0 , 0 , 0 , 0 , 0 , 0 , 0 , 0 , 0 , 0 , 0 , 0 , 0 , 
1e+100 , 1.1329 , 1.1329 , 1.07294 , 1.01298 , 0.982658 , 0.952334 , 0.916106 , 0.879877 , 0.8694 , 0.858924 , 0.814226 , 0.769529 , 0.752775 , 0.736022 , 0.731842 , 0.731842 , 0 , 0 , 0 , 0 , 0 , 0 , 0 , 0 , 0 , 0 , 0 , 0 , 0 , 0 , 0 , 0 , 
1e+100 , 1.1431 , 1.1431 , 1.0868 , 1.03049 , 0.990978 , 0.951463 , 0.924182 , 0.8969 , 0.879454 , 0.862007 , 0.823334 , 0.78466 , 0.760168 , 0.735677 , 0.731496 , 0.727316 , 0.727316 , 0 , 0 , 0 , 0 , 0 , 0 , 0 , 0 , 0 , 0 , 0 , 0 , 0 , 0 , 0 , 
1e+100 , 1.15346 , 1.15346 , 1.10082 , 1.04818 , 0.999848 , 0.951515 , 0.933105 , 0.914695 , 0.890246 , 0.865796 , 0.832986 , 0.800176 , 0.767816 , 0.735456 , 0.730669 , 0.725882 , 0.720617 , 0.720617 , 0 , 0 , 0 , 0 , 0 , 0 , 0 , 0 , 0 , 0 , 0 , 0 , 0 , 0 , 
1e+100 , 1.16381 , 1.16381 , 1.11484 , 1.06587 , 1.00872 , 0.951567 , 0.942028 , 0.93249 , 0.901037 , 0.869584 , 0.842638 , 0.815691 , 0.775463 , 0.735235 , 0.729842 , 0.724448 , 0.719183 , 0.713918 , 0.713918 , 0 , 0 , 0 , 0 , 0 , 0 , 0 , 0 , 0 , 0 , 0 , 0 , 0 , 
1e+100 , 1.1749 , 1.1749 , 1.12953 , 1.08417 , 1.01843 , 0.952698 , 0.951949 , 0.9512 , 0.912698 , 0.874195 , 0.852961 , 0.831727 , 0.783486 , 0.735246 , 0.729151 , 0.723056 , 0.709378 , 0.695701 , 0.669592 , 0.669592 , 0 , 0 , 0 , 0 , 0 , 0 , 0 , 0 , 0 , 0 , 0 , 0 , 
1e+100 , 1.18598 , 1.18598 , 1.14422 , 1.10246 , 1.02815 , 0.95383 , 0.96187 , 0.96991 , 0.924358 , 0.878806 , 0.863285 , 0.847763 , 0.79151 , 0.735257 , 0.72846 , 0.721664 , 0.699573 , 0.677483 , 0.651374 , 0.625266 , 0.625266 , 0 , 0 , 0 , 0 , 0 , 0 , 0 , 0 , 0 , 0 , 0 , 
1e+100 , 1.19794 , 1.19794 , 1.1597 , 1.12146 , 1.03869 , 0.955928 , 0.972689 , 0.98945 , 0.936803 , 0.884157 , 0.874234 , 0.864311 , 0.799926 , 0.73554 , 0.727951 , 0.720361 , 0.689821 , 0.659281 , 0.633782 , 0.608283 , 0.691969 , 0.691969 , 0 , 0 , 0 , 0 , 0 , 0 , 0 , 0 , 0 , 0 , 
1e+100 , 1.20989 , 1.20989 , 1.17518 , 1.14046 , 1.04924 , 0.958026 , 0.983508 , 1.00899 , 0.949249 , 0.889509 , 0.885184 , 0.88086 , 0.808342 , 0.735824 , 0.727441 , 0.719059 , 0.680069 , 0.641079 , 0.616189 , 0.5913 , 0.674986 , 0.758672 , 0.758672 , 0 , 0 , 0 , 0 , 0 , 0 , 0 , 0 , 0 , 
1e+100 , 1.22249 , 1.22249 , 1.19125 , 1.16 , 1.0604 , 0.960797 , 0.994953 , 1.02911 , 0.962244 , 0.895379 , 0.896581 , 0.897784 , 0.817054 , 0.736324 , 0.727084 , 0.717843 , 0.670367 , 0.62289 , 0.598599 , 0.574307 , 0.653389 , 0.73247 , 0.656527 , 0.656527 , 0 , 0 , 0 , 0 , 0 , 0 , 0 , 0 , 
1e+100 , 1.2351 , 1.2351 , 1.20732 , 1.17954 , 1.07155 , 0.963568 , 1.0064 , 1.04923 , 0.975239 , 0.901249 , 0.907978 , 0.914707 , 0.825766 , 0.736825 , 0.726726 , 0.716628 , 0.660665 , 0.604701 , 0.581008 , 0.557314 , 0.631791 , 0.706268 , 0.630325 , 0.554382 , 0.554382 , 0 , 0 , 0 , 0 , 0 , 0 , 0 , 
1e+100 , 1.24802 , 1.24802 , 1.22369 , 1.19937 , 1.08303 , 0.96669 , 1.01817 , 1.06965 , 0.98852 , 0.907388 , 0.919606 , 0.931824 , 0.83463 , 0.737436 , 0.726445 , 0.715453 , 0.65098 , 0.586506 , 0.563402 , 0.540297 , 0.610177 , 0.680057 , 0.636099 , 0.59214 , 0.606275 , 0.606275 , 0 , 0 , 0 , 0 , 0 , 0 , 
1e+100 , 1.26095 , 1.26095 , 1.24007 , 1.21919 , 1.0945 , 0.969813 , 1.02994 , 1.09008 , 1.0018 , 0.913527 , 0.931233 , 0.94894 , 0.843494 , 0.738047 , 0.726163 , 0.714279 , 0.641295 , 0.568312 , 0.545796 , 0.52328 , 0.588563 , 0.653847 , 0.641873 , 0.629899 , 0.644034 , 0.658168 , 0.658168 , 0 , 0 , 0 , 0 , 0 , 
1e+100 , 1.27396 , 1.27396 , 1.25653 , 1.2391 , 1.10608 , 0.973054 , 1.04183 , 1.1106 , 1.01518 , 0.919752 , 0.942933 , 0.966114 , 0.852401 , 0.738687 , 0.725897 , 0.713106 , 0.631604 , 0.550101 , 0.528168 , 0.506234 , 0.566925 , 0.627615 , 0.647635 , 0.667654 , 0.629585 , 0.591515 , 0.633343 , 0.633343 , 0 , 0 , 0 , 0 , 
1e+100 , 1.28697 , 1.28697 , 1.27299 , 1.25901 , 1.11765 , 0.976295 , 1.05371 , 1.13112 , 1.02855 , 0.925978 , 0.954633 , 0.983288 , 0.861308 , 0.739327 , 0.725631 , 0.711934 , 0.621912 , 0.531891 , 0.51054 , 0.489189 , 0.545286 , 0.601383 , 0.653396 , 0.70541 , 0.615136 , 0.524863 , 0.56669 , 0.608518 , 0.608518 , 0 , 0 , 0 , 
1e+100 , 1.29999 , 1.29999 , 1.28946 , 1.27894 , 1.12925 , 0.979557 , 1.06561 , 1.15166 , 1.04194 , 0.932218 , 0.966345 , 1.00047 , 0.870221 , 0.739971 , 0.725365 , 0.71076 , 0.612218 , 0.513675 , 0.492906 , 0.472136 , 0.52364 , 0.575144 , 0.659155 , 0.743166 , 0.60069 , 0.458213 , 0.478421 , 0.498629 , 0.734776 , 0.734776 , 0 , 0 , 
1e+100 , 1.313 , 1.313 , 1.30593 , 1.29886 , 1.14084 , 0.982818 , 1.07751 , 1.1722 , 1.05533 , 0.938459 , 0.978057 , 1.01766 , 0.879135 , 0.740614 , 0.7251 , 0.709586 , 0.602523 , 0.49546 , 0.475272 , 0.455083 , 0.501994 , 0.548904 , 0.664913 , 0.780922 , 0.586243 , 0.391564 , 0.390152 , 0.38874 , 0.624887 , 0.861034 , 0.861034 , 0 , 
1e+100 , 1.313 , 1.313 , 1.30593 , 1.29886 , 1.14084 , 0.982818 , 1.07751 , 1.1722 , 1.05533 , 0.938459 , 0.978057 , 1.01766 , 0.879135 , 0.740614 , 0.7251 , 0.709586 , 0.602523 , 0.49546 , 0.475272 , 0.455083 , 0.501994 , 0.548904 , 0.664913 , 0.780922 , 0.586243 , 0.391564 , 0.390152 , 0.38874 , 0.624887 , 0.861034 , 0.861034 , 0.861034 , 

h ,
1e+100 , 0 , 0 , 0 , 0 , 0 , 0 , 0 , 0 , 0 , 0 , 0 , 0 , 0 , 0 , 0 , 0 , 0 , 0 , 0 , 0 , 0 , 0 , 0 , 0 , 0 , 0 , 0 , 0 , 0 , 0 , 0 , 0 , 
1e+100 , 0.120859 , 0 , 0 , 0 , 0 , 0 , 0 , 0 , 0 , 0 , 0 , 0 , 0 , 0 , 0 , 0 , 0 , 0 , 0 , 0 , 0 , 0 , 0 , 0 , 0 , 0 , 0 , 0 , 0 , 0 , 0 , 0 , 
1e+100 , 0.154783 , 0.120859 , 0 , 0 , 0 , 0 , 0 , 0 , 0 , 0 , 0 , 0 , 0 , 0 , 0 , 0 , 0 , 0 , 0 , 0 , 0 , 0 , 0 , 0 , 0 , 0 , 0 , 0 , 0 , 0 , 0 , 0 , 
1e+100 , 0.166254 , 0.154783 , 0.120859 , 0 , 0 , 0 , 0 , 0 , 0 , 0 , 0 , 0 , 0 , 0 , 0 , 0 , 0 , 0 , 0 , 0 , 0 , 0 , 0 , 0 , 0 , 0 , 0 , 0 , 0 , 0 , 0 , 0 , 
1e+100 , 0.166418 , 0.166254 , 0.154783 , 0.120859 , 0 , 0 , 0 , 0 , 0 , 0 , 0 , 0 , 0 , 0 , 0 , 0 , 0 , 0 , 0 , 0 , 0 , 0 , 0 , 0 , 0 , 0 , 0 , 0 , 0 , 0 , 0 , 0 , 
1e+100 , 0.161502 , 0.166418 , 0.166254 , 0.154783 , 0.120859 , 0 , 0 , 0 , 0 , 0 , 0 , 0 , 0 , 0 , 0 , 0 , 0 , 0 , 0 , 0 , 0 , 0 , 0 , 0 , 0 , 0 , 0 , 0 , 0 , 0 , 0 , 0 , 
1e+100 , 0.154851 , 0.161502 , 0.166418 , 0.166254 , 0.154783 , 0.120859 , 0 , 0 , 0 , 0 , 0 , 0 , 0 , 0 , 0 , 0 , 0 , 0 , 0 , 0 , 0 , 0 , 0 , 0 , 0 , 0 , 0 , 0 , 0 , 0 , 0 , 0 , 
1e+100 , 0.148151 , 0.154851 , 0.161502 , 0.166418 , 0.166254 , 0.154783 , 0.120859 , 0 , 0 , 0 , 0 , 0 , 0 , 0 , 0 , 0 , 0 , 0 , 0 , 0 , 0 , 0 , 0 , 0 , 0 , 0 , 0 , 0 , 0 , 0 , 0 , 0 , 
1e+100 , 0.142163 , 0.148151 , 0.154851 , 0.161502 , 0.166418 , 0.166254 , 0.154783 , 0.120859 , 0 , 0 , 0 , 0 , 0 , 0 , 0 , 0 , 0 , 0 , 0 , 0 , 0 , 0 , 0 , 0 , 0 , 0 , 0 , 0 , 0 , 0 , 0 , 0 , 
1e+100 , 0.137149 , 0.142163 , 0.148151 , 0.154851 , 0.161502 , 0.166418 , 0.166254 , 0.154783 , 0.120859 , 0 , 0 , 0 , 0 , 0 , 0 , 0 , 0 , 0 , 0 , 0 , 0 , 0 , 0 , 0 , 0 , 0 , 0 , 0 , 0 , 0 , 0 , 0 , 
1e+100 , 0.133121 , 0.137149 , 0.142163 , 0.148151 , 0.154851 , 0.161502 , 0.166418 , 0.166254 , 0.154783 , 0.120859 , 0 , 0 , 0 , 0 , 0 , 0 , 0 , 0 , 0 , 0 , 0 , 0 , 0 , 0 , 0 , 0 , 0 , 0 , 0 , 0 , 0 , 0 , 
1e+100 , 0.129975 , 0.133121 , 0.137149 , 0.142163 , 0.148151 , 0.154851 , 0.161502 , 0.166418 , 0.166254 , 0.154783 , 0.120859 , 0 , 0 , 0 , 0 , 0 , 0 , 0 , 0 , 0 , 0 , 0 , 0 , 0 , 0 , 0 , 0 , 0 , 0 , 0 , 0 , 0 , 
1e+100 , 0.127568 , 0.129975 , 0.133121 , 0.137149 , 0.142163 , 0.148151 , 0.154851 , 0.161502 , 0.166418 , 0.166254 , 0.154783 , 0.120859 , 0 , 0 , 0 , 0 , 0 , 0 , 0 , 0 , 0 , 0 , 0 , 0 , 0 , 0 , 0 , 0 , 0 , 0 , 0 , 0 , 
1e+100 , 0.125756 , 0.127568 , 0.129975 , 0.133121 , 0.137149 , 0.142163 , 0.148151 , 0.154851 , 0.161502 , 0.166418 , 0.166254 , 0.154783 , 0.120859 , 0 , 0 , 0 , 0 , 0 , 0 , 0 , 0 , 0 , 0 , 0 , 0 , 0 , 0 , 0 , 0 , 0 , 0 , 0 , 
1e+100 , 0.124409 , 0.125756 , 0.127568 , 0.129975 , 0.133121 , 0.137149 , 0.142163 , 0.148151 , 0.154851 , 0.161502 , 0.166418 , 0.166254 , 0.154783 , 0.120859 , 0 , 0 , 0 , 0 , 0 , 0 , 0 , 0 , 0 , 0 , 0 , 0 , 0 , 0 , 0 , 0 , 0 , 0 , 
1e+100 , 0.123417 , 0.124409 , 0.125756 , 0.127568 , 0.129975 , 0.133121 , 0.137149 , 0.142163 , 0.148151 , 0.154851 , 0.161502 , 0.166418 , 0.166254 , 0.154783 , 0.120859 , 0 , 0 , 0 , 0 , 0 , 0 , 0 , 0 , 0 , 0 , 0 , 0 , 0 , 0 , 0 , 0 , 0 , 
1e+100 , 0.122693 , 0.123417 , 0.124409 , 0.125756 , 0.127568 , 0.129975 , 0.133121 , 0.137149 , 0.142163 , 0.148151 , 0.154851 , 0.161502 , 0.166418 , 0.166254 , 0.154783 , 0.120859 , 0 , 0 , 0 , 0 , 0 , 0 , 0 , 0 , 0 , 0 , 0 , 0 , 0 , 0 , 0 , 0 , 
1e+100 , 0.122168 , 0.122693 , 0.123417 , 0.124409 , 0.125756 , 0.127568 , 0.129975 , 0.133121 , 0.137149 , 0.142163 , 0.148151 , 0.154851 , 0.161502 , 0.166418 , 0.166254 , 0.154783 , 0.120859 , 0 , 0 , 0 , 0 , 0 , 0 , 0 , 0 , 0 , 0 , 0 , 0 , 0 , 0 , 0 , 
1e+100 , 0.12179 , 0.122168 , 0.122693 , 0.123417 , 0.124409 , 0.125756 , 0.127568 , 0.129975 , 0.133121 , 0.137149 , 0.142163 , 0.148151 , 0.154851 , 0.161502 , 0.166418 , 0.166254 , 0.154783 , 0.120859 , 0 , 0 , 0 , 0 , 0 , 0 , 0 , 0 , 0 , 0 , 0 , 0 , 0 , 0 , 
1e+100 , 0.121518 , 0.12179 , 0.122168 , 0.122693 , 0.123417 , 0.124409 , 0.125756 , 0.127568 , 0.129975 , 0.133121 , 0.137149 , 0.142163 , 0.148151 , 0.154851 , 0.161502 , 0.166418 , 0.166254 , 0.154783 , 0.120859 , 0 , 0 , 0 , 0 , 0 , 0 , 0 , 0 , 0 , 0 , 0 , 0 , 0 , 
1e+100 , 0.121325 , 0.121518 , 0.12179 , 0.122168 , 0.122693 , 0.123417 , 0.124409 , 0.125756 , 0.127568 , 0.129975 , 0.133121 , 0.137149 , 0.142163 , 0.148151 , 0.154851 , 0.161502 , 0.166418 , 0.166254 , 0.154783 , 0.120859 , 0 , 0 , 0 , 0 , 0 , 0 , 0 , 0 , 0 , 0 , 0 , 0 , 
1e+100 , 0.121187 , 0.121325 , 0.121518 , 0.12179 , 0.122168 , 0.122693 , 0.123417 , 0.124409 , 0.125756 , 0.127568 , 0.129975 , 0.133121 , 0.137149 , 0.142163 , 0.148151 , 0.154851 , 0.161502 , 0.166418 , 0.166254 , 0.154783 , 0.120859 , 0 , 0 , 0 , 0 , 0 , 0 , 0 , 0 , 0 , 0 , 0 , 
1e+100 , 0.12109 , 0.121187 , 0.121325 , 0.121518 , 0.12179 , 0.122168 , 0.122693 , 0.123417 , 0.124409 , 0.125756 , 0.127568 , 0.129975 , 0.133121 , 0.137149 , 0.142163 , 0.148151 , 0.154851 , 0.161502 , 0.166418 , 0.166254 , 0.154783 , 0.120859 , 0 , 0 , 0 , 0 , 0 , 0 , 0 , 0 , 0 , 0 , 
1e+100 , 0.121021 , 0.12109 , 0.121187 , 0.121325 , 0.121518 , 0.12179 , 0.122168 , 0.122693 , 0.123417 , 0.124409 , 0.125756 , 0.127568 , 0.129975 , 0.133121 , 0.137149 , 0.142163 , 0.148151 , 0.154851 , 0.161502 , 0.166418 , 0.166254 , 0.154783 , 0.120859 , 0 , 0 , 0 , 0 , 0 , 0 , 0 , 0 , 0 , 
1e+100 , 0.120972 , 0.121021 , 0.12109 , 0.121187 , 0.121325 , 0.121518 , 0.12179 , 0.122168 , 0.122693 , 0.123417 , 0.124409 , 0.125756 , 0.127568 , 0.129975 , 0.133121 , 0.137149 , 0.142163 , 0.148151 , 0.154851 , 0.161502 , 0.166418 , 0.166254 , 0.154783 , 0.120859 , 0 , 0 , 0 , 0 , 0 , 0 , 0 , 0 , 
1e+100 , 0.120938 , 0.120972 , 0.121021 , 0.12109 , 0.121187 , 0.121325 , 0.121518 , 0.12179 , 0.122168 , 0.122693 , 0.123417 , 0.124409 , 0.125756 , 0.127568 , 0.129975 , 0.133121 , 0.137149 , 0.142163 , 0.148151 , 0.154851 , 0.161502 , 0.166418 , 0.166254 , 0.154783 , 0.120859 , 0 , 0 , 0 , 0 , 0 , 0 , 0 , 
1e+100 , 0.120914 , 0.120938 , 0.120972 , 0.121021 , 0.12109 , 0.121187 , 0.121325 , 0.121518 , 0.12179 , 0.122168 , 0.122693 , 0.123417 , 0.124409 , 0.125756 , 0.127568 , 0.129975 , 0.133121 , 0.137149 , 0.142163 , 0.148151 , 0.154851 , 0.161502 , 0.166418 , 0.166254 , 0.154783 , 0.120859 , 0 , 0 , 0 , 0 , 0 , 0 , 
1e+100 , 0.120898 , 0.120914 , 0.120938 , 0.120972 , 0.121021 , 0.12109 , 0.121187 , 0.121325 , 0.121518 , 0.12179 , 0.122168 , 0.122693 , 0.123417 , 0.124409 , 0.125756 , 0.127568 , 0.129975 , 0.133121 , 0.137149 , 0.142163 , 0.148151 , 0.154851 , 0.161502 , 0.166418 , 0.166254 , 0.154783 , 0.120859 , 0 , 0 , 0 , 0 , 0 , 
1e+100 , 0.120886 , 0.120898 , 0.120914 , 0.120938 , 0.120972 , 0.121021 , 0.12109 , 0.121187 , 0.121325 , 0.121518 , 0.12179 , 0.122168 , 0.122693 , 0.123417 , 0.124409 , 0.125756 , 0.127568 , 0.129975 , 0.133121 , 0.137149 , 0.142163 , 0.148151 , 0.154851 , 0.161502 , 0.166418 , 0.166254 , 0.154783 , 0.120859 , 0 , 0 , 0 , 0 , 
1e+100 , 0.120878 , 0.120886 , 0.120898 , 0.120914 , 0.120938 , 0.120972 , 0.121021 , 0.12109 , 0.121187 , 0.121325 , 0.121518 , 0.12179 , 0.122168 , 0.122693 , 0.123417 , 0.124409 , 0.125756 , 0.127568 , 0.129975 , 0.133121 , 0.137149 , 0.142163 , 0.148151 , 0.154851 , 0.161502 , 0.166418 , 0.166254 , 0.154783 , 0.120859 , 0 , 0 , 0 , 
1e+100 , 0.120872 , 0.120878 , 0.120886 , 0.120898 , 0.120914 , 0.120938 , 0.120972 , 0.121021 , 0.12109 , 0.121187 , 0.121325 , 0.121518 , 0.12179 , 0.122168 , 0.122693 , 0.123417 , 0.124409 , 0.125756 , 0.127568 , 0.129975 , 0.133121 , 0.137149 , 0.142163 , 0.148151 , 0.154851 , 0.161502 , 0.166418 , 0.166254 , 0.154783 , 0.120859 , 0 , 0 , 
1e+100 , 0.120868 , 0.120872 , 0.120878 , 0.120886 , 0.120898 , 0.120914 , 0.120938 , 0.120972 , 0.121021 , 0.12109 , 0.121187 , 0.121325 , 0.121518 , 0.12179 , 0.122168 , 0.122693 , 0.123417 , 0.124409 , 0.125756 , 0.127568 , 0.129975 , 0.133121 , 0.137149 , 0.142163 , 0.148151 , 0.154851 , 0.161502 , 0.166418 , 0.166254 , 0.154783 , 0.120859 , 0 , 
1e+100 , 0.120866 , 0.120868 , 0.120872 , 0.120878 , 0.120886 , 0.120898 , 0.120914 , 0.120938 , 0.120972 , 0.121021 , 0.12109 , 0.121187 , 0.121325 , 0.121518 , 0.12179 , 0.122168 , 0.122693 , 0.123417 , 0.124409 , 0.125756 , 0.127568 , 0.129975 , 0.133121 , 0.137149 , 0.142163 , 0.148151 , 0.154851 , 0.161502 , 0.166418 , 0.166254 , 0.154783 , 0.120859 , 

h*g ,
1e+200 , 0 , 0 , 0 , 0 , 0 , 0 , 0 , 0 , 0 , 0 , 0 , 0 , 0 , 0 , 0 , 0 , 0 , 0 , 0 , 0 , 0 , 0 , 0 , 0 , 0 , 0 , 0 , 0 , 0 , 0 , 0 , 0 , 
1e+200 , 0.125084 , 0 , 0 , 0 , 0 , 0 , 0 , 0 , 0 , 0 , 0 , 0 , 0 , 0 , 0 , 0 , 0 , 0 , 0 , 0 , 0 , 0 , 0 , 0 , 0 , 0 , 0 , 0 , 0 , 0 , 0 , 0 , 
1e+200 , 0.160193 , 0.125084 , 0 , 0 , 0 , 0 , 0 , 0 , 0 , 0 , 0 , 0 , 0 , 0 , 0 , 0 , 0 , 0 , 0 , 0 , 0 , 0 , 0 , 0 , 0 , 0 , 0 , 0 , 0 , 0 , 0 , 0 , 
1e+200 , 0.172065 , 0.160193 , 0.125084 , 0 , 0 , 0 , 0 , 0 , 0 , 0 , 0 , 0 , 0 , 0 , 0 , 0 , 0 , 0 , 0 , 0 , 0 , 0 , 0 , 0 , 0 , 0 , 0 , 0 , 0 , 0 , 0 , 0 , 
1e+200 , 0.171972 , 0.171802 , 0.142304 , 0.111115 , 0 , 0 , 0 , 0 , 0 , 0 , 0 , 0 , 0 , 0 , 0 , 0 , 0 , 0 , 0 , 0 , 0 , 0 , 0 , 0 , 0 , 0 , 0 , 0 , 0 , 0 , 0 , 0 , 
1e+200 , 0.166636 , 0.171708 , 0.152587 , 0.124415 , 0.0971467 , 0 , 0 , 0 , 0 , 0 , 0 , 0 , 0 , 0 , 0 , 0 , 0 , 0 , 0 , 0 , 0 , 0 , 0 , 0 , 0 , 0 , 0 , 0 , 0 , 0 , 0 , 0 , 
1e+200 , 0.160336 , 0.167223 , 0.15469 , 0.136932 , 0.137084 , 0.107039 , 0 , 0 , 0 , 0 , 0 , 0 , 0 , 0 , 0 , 0 , 0 , 0 , 0 , 0 , 0 , 0 , 0 , 0 , 0 , 0 , 0 , 0 , 0 , 0 , 0 , 0 , 
1e+200 , 0.153938 , 0.160899 , 0.152016 , 0.140367 , 0.15054 , 0.149753 , 0.116931 , 0 , 0 , 0 , 0 , 0 , 0 , 0 , 0 , 0 , 0 , 0 , 0 , 0 , 0 , 0 , 0 , 0 , 0 , 0 , 0 , 0 , 0 , 0 , 0 , 0 , 
1e+200 , 0.14892 , 0.155193 , 0.147939 , 0.139408 , 0.152153 , 0.160495 , 0.133999 , 0.10463 , 0 , 0 , 0 , 0 , 0 , 0 , 0 , 0 , 0 , 0 , 0 , 0 , 0 , 0 , 0 , 0 , 0 , 0 , 0 , 0 , 0 , 0 , 0 , 0 , 
1e+200 , 0.144831 , 0.150125 , 0.143628 , 0.136723 , 0.149079 , 0.160297 , 0.143574 , 0.118245 , 0.0923293 , 0 , 0 , 0 , 0 , 0 , 0 , 0 , 0 , 0 , 0 , 0 , 0 , 0 , 0 , 0 , 0 , 0 , 0 , 0 , 0 , 0 , 0 , 0 , 
1e+200 , 0.142059 , 0.146358 , 0.140002 , 0.1337 , 0.144305 , 0.155258 , 0.144926 , 0.12974 , 0.124548 , 0.0972508 , 0 , 0 , 0 , 0 , 0 , 0 , 0 , 0 , 0 , 0 , 0 , 0 , 0 , 0 , 0 , 0 , 0 , 0 , 0 , 0 , 0 , 0 , 
1e+200 , 0.140149 , 0.143541 , 0.137167 , 0.131071 , 0.139368 , 0.148571 , 0.141819 , 0.132603 , 0.13651 , 0.130851 , 0.102172 , 0 , 0 , 0 , 0 , 0 , 0 , 0 , 0 , 0 , 0 , 0 , 0 , 0 , 0 , 0 , 0 , 0 , 0 , 0 , 0 , 0 , 
1e+200 , 0.139015 , 0.141637 , 0.135151 , 0.129026 , 0.134949 , 0.141891 , 0.137119 , 0.13134 , 0.138224 , 0.140971 , 0.121488 , 0.0948615 , 0 , 0 , 0 , 0 , 0 , 0 , 0 , 0 , 0 , 0 , 0 , 0 , 0 , 0 , 0 , 0 , 0 , 0 , 0 , 0 , 
1e+200 , 0.13848 , 0.140476 , 0.133922 , 0.127737 , 0.131362 , 0.135914 , 0.132278 , 0.128475 , 0.135673 , 0.141532 , 0.130914 , 0.112125 , 0.0875507 , 0 , 0 , 0 , 0 , 0 , 0 , 0 , 0 , 0 , 0 , 0 , 0 , 0 , 0 , 0 , 0 , 0 , 0 , 0 , 
1e+200 , 0.138335 , 0.139834 , 0.133274 , 0.127052 , 0.128604 , 0.130926 , 0.12801 , 0.125374 , 0.131578 , 0.137786 , 0.132515 , 0.122928 , 0.113051 , 0.0882738 , 0 , 0 , 0 , 0 , 0 , 0 , 0 , 0 , 0 , 0 , 0 , 0 , 0 , 0 , 0 , 0 , 0 , 0 , 
1e+200 , 0.138561 , 0.139674 , 0.133187 , 0.12699 , 0.126639 , 0.126891 , 0.124535 , 0.122666 , 0.127313 , 0.132528 , 0.130029 , 0.125545 , 0.123923 , 0.113977 , 0.0889969 , 0 , 0 , 0 , 0 , 0 , 0 , 0 , 0 , 0 , 0 , 0 , 0 , 0 , 0 , 0 , 0 , 0 , 
1e+200 , 0.138999 , 0.139819 , 0.133483 , 0.127389 , 0.125356 , 0.123779 , 0.121953 , 0.120674 , 0.123596 , 0.12725 , 0.126084 , 0.124281 , 0.125276 , 0.122367 , 0.113277 , 0.0884499 , 0 , 0 , 0 , 0 , 0 , 0 , 0 , 0 , 0 , 0 , 0 , 0 , 0 , 0 , 0 , 0 , 
1e+200 , 0.13965 , 0.14025 , 0.134129 , 0.128202 , 0.124622 , 0.121376 , 0.12012 , 0.119396 , 0.120616 , 0.122545 , 0.121978 , 0.121505 , 0.122769 , 0.12243 , 0.121614 , 0.112576 , 0.087903 , 0 , 0 , 0 , 0 , 0 , 0 , 0 , 0 , 0 , 0 , 0 , 0 , 0 , 0 , 0 , 
1e+200 , 0.140479 , 0.140915 , 0.135062 , 0.129363 , 0.12439 , 0.119659 , 0.119034 , 0.118887 , 0.11851 , 0.118743 , 0.118419 , 0.118547 , 0.118897 , 0.118778 , 0.121597 , 0.120681 , 0.111539 , 0.0870934 , 0 , 0 , 0 , 0 , 0 , 0 , 0 , 0 , 0 , 0 , 0 , 0 , 0 , 0 , 
1e+200 , 0.141425 , 0.14174 , 0.136198 , 0.130774 , 0.124493 , 0.118383 , 0.118466 , 0.118956 , 0.117112 , 0.11576 , 0.115567 , 0.115961 , 0.114885 , 0.113852 , 0.117871 , 0.120561 , 0.119567 , 0.110503 , 0.0862838 , 0 , 0 , 0 , 0 , 0 , 0 , 0 , 0 , 0 , 0 , 0 , 0 , 0 , 
1e+200 , 0.142544 , 0.142772 , 0.137565 , 0.13245 , 0.124954 , 0.117579 , 0.118431 , 0.119619 , 0.116431 , 0.113623 , 0.113547 , 0.114071 , 0.111383 , 0.108927 , 0.11291 , 0.116775 , 0.118054 , 0.115663 , 0.103642 , 0.0809265 , 0 , 0 , 0 , 0 , 0 , 0 , 0 , 0 , 0 , 0 , 0 , 0 , 
1e+200 , 0.143726 , 0.143889 , 0.139044 , 0.134268 , 0.125606 , 0.117028 , 0.118711 , 0.120665 , 0.116244 , 0.112108 , 0.112205 , 0.112855 , 0.108555 , 0.104526 , 0.107922 , 0.11175 , 0.112983 , 0.112746 , 0.108294 , 0.0967806 , 0.0755693 , 0 , 0 , 0 , 0 , 0 , 0 , 0 , 0 , 0 , 0 , 0 , 
1e+200 , 0.145058 , 0.145175 , 0.1407 , 0.136278 , 0.126502 , 0.116784 , 0.119342 , 0.122115 , 0.116546 , 0.111188 , 0.111524 , 0.112339 , 0.106487 , 0.100879 , 0.103487 , 0.106722 , 0.106819 , 0.106475 , 0.105473 , 0.10113 , 0.107105 , 0.083631 , 0 , 0 , 0 , 0 , 0 , 0 , 0 , 0 , 0 , 0 , 
1e+200 , 0.146422 , 0.146505 , 0.142416 , 0.138366 , 0.127502 , 0.116678 , 0.120153 , 0.123796 , 0.117153 , 0.110663 , 0.111317 , 0.11237 , 0.105064 , 0.0979534 , 0.0997679 , 0.102223 , 0.100753 , 0.0992717 , 0.0995161 , 0.0984031 , 0.112219 , 0.11743 , 0.0916926 , 0 , 0 , 0 , 0 , 0 , 0 , 0 , 0 , 0 , 
1e+200 , 0.147888 , 0.147947 , 0.144248 , 0.140577 , 0.128653 , 0.116754 , 0.121175 , 0.125724 , 0.11806 , 0.110505 , 0.111542 , 0.112902 , 0.10423 , 0.0957035 , 0.0967899 , 0.0984515 , 0.0953011 , 0.0922817 , 0.0926935 , 0.092752 , 0.108736 , 0.121776 , 0.101619 , 0.0793474 , 0 , 0 , 0 , 0 , 0 , 0 , 0 , 0 , 
1e+200 , 0.14937 , 0.149412 , 0.146111 , 0.14283 , 0.129859 , 0.116905 , 0.122296 , 0.127785 , 0.119143 , 0.110577 , 0.11206 , 0.113798 , 0.103845 , 0.0939953 , 0.094456 , 0.095398 , 0.0906095 , 0.085966 , 0.0860768 , 0.0863006 , 0.102036 , 0.117536 , 0.104794 , 0.0858089 , 0.0670022 , 0 , 0 , 0 , 0 , 0 , 0 , 0 , 
1e+200 , 0.150904 , 0.150934 , 0.148033 , 0.145148 , 0.131144 , 0.11715 , 0.123529 , 0.129982 , 0.120391 , 0.110854 , 0.112829 , 0.115003 , 0.103835 , 0.092737 , 0.0926712 , 0.0929908 , 0.0866589 , 0.0804388 , 0.0800947 , 0.0800454 , 0.0944865 , 0.109831 , 0.105858 , 0.0984459 , 0.0938411 , 0.073274 , 0 , 0 , 0 , 0 , 0 , 0 , 
1e+200 , 0.152446 , 0.152467 , 0.149972 , 0.147488 , 0.132457 , 0.117434 , 0.124816 , 0.132253 , 0.121737 , 0.111258 , 0.113767 , 0.116428 , 0.104101 , 0.0918195 , 0.0913194 , 0.0911192 , 0.0833521 , 0.0756541 , 0.0748554 , 0.0743908 , 0.0871961 , 0.101249 , 0.103664 , 0.104827 , 0.107073 , 0.101873 , 0.0795458 , 0 , 0 , 0 , 0 , 0 , 
1e+200 , 0.154004 , 0.154019 , 0.151933 , 0.149855 , 0.133805 , 0.11776 , 0.126154 , 0.13459 , 0.123166 , 0.111767 , 0.114839 , 0.118028 , 0.104583 , 0.0911664 , 0.0903079 , 0.0896775 , 0.0805725 , 0.0714992 , 0.0703101 , 0.0694296 , 0.0805955 , 0.0929816 , 0.100287 , 0.107828 , 0.104774 , 0.098342 , 0.0980308 , 0.0765455 , 0 , 0 , 0 , 0 , 
1e+200 , 0.155566 , 0.155577 , 0.153902 , 0.152233 , 0.135167 , 0.118105 , 0.127521 , 0.136967 , 0.124647 , 0.112344 , 0.116005 , 0.119754 , 0.105224 , 0.0907101 , 0.089555 , 0.0885708 , 0.0782093 , 0.0678523 , 0.0663573 , 0.0651213 , 0.0747855 , 0.0854942 , 0.0968012 , 0.109233 , 0.099346 , 0.0873467 , 0.0942147 , 0.0941882 , 0.0735451 , 0 , 0 , 0 , 
1e+200 , 0.157132 , 0.157139 , 0.155878 , 0.154621 , 0.136542 , 0.118466 , 0.128909 , 0.139375 , 0.126168 , 0.112973 , 0.117242 , 0.121576 , 0.105984 , 0.0904006 , 0.088997 , 0.0877197 , 0.0761652 , 0.0645978 , 0.0628791 , 0.0613658 , 0.0697074 , 0.0788804 , 0.0937072 , 0.110101 , 0.0930173 , 0.0740026 , 0.079618 , 0.0828992 , 0.113731 , 0.0888046 , 0 , 0 , 
1e+200 , 0.1587 , 0.158705 , 0.157858 , 0.157014 , 0.137925 , 0.118837 , 0.130312 , 0.141804 , 0.127717 , 0.113638 , 0.118528 , 0.123467 , 0.106831 , 0.0901991 , 0.0885839 , 0.087061 , 0.0743615 , 0.0616395 , 0.0597683 , 0.0580541 , 0.0652465 , 0.0730706 , 0.0911923 , 0.111018 , 0.0868524 , 0.0606341 , 0.0630105 , 0.0646935 , 0.10389 , 0.133274 , 0.104064 , 0 , 
1e+200 , 0.158696 , 0.1587 , 0.157851 , 0.157004 , 0.137912 , 0.11882 , 0.130287 , 0.141764 , 0.127666 , 0.113573 , 0.118433 , 0.123327 , 0.106661 , 0.0899982 , 0.0883096 , 0.0866885 , 0.0739252 , 0.0611481 , 0.0591279 , 0.0572295 , 0.0640384 , 0.0713437 , 0.0885138 , 0.107103 , 0.0833419 , 0.0580105 , 0.0604154 , 0.0627825 , 0.103993 , 0.143151 , 0.133274 , 0.104064 , 

shifts ,
0 , 0 , 0 , 0 , 0 , 0 , 0 , 0 , 0 , 0 , 0 , 0 , 0 , 0 , 0 , 0 , 0 , 0 , 0 , 0 , 0 , 0 , 0 , 0 , 0 , 0 , 0 , 0 , 0 , 0 , 0 , 0 , 0 , 
0 , 0 , 0 , 0 , 0 , 0 , 0 , 0 , 0 , 0 , 0 , 0 , 0 , 0 , 0 , 0 , 0 , 0 , 0 , 0 , 0 , 0 , 0 , 0 , 0 , 0 , 0 , 0 , 0 , 0 , 0 , 0 , 0 , 
0 , 0 , 0 , 0 , 0 , 0 , 0 , 0 , 0 , 0 , 0 , 0 , 0 , 0 , 0 , 0 , 0 , 0 , 0 , 0 , 0 , 0 , 0 , 0 , 0 , 0 , 0 , 0 , 0 , 0 , 0 , 0 , 0 , 
0 , 0 , 0 , 0 , 0 , 0 , 0 , 0 , 0 , 0 , 0 , 0 , 0 , 0 , 0 , 0 , 0 , 0 , 0 , 0 , 0 , 0 , 0 , 0 , 0 , 0 , 0 , 0 , 0 , 0 , 0 , 0 , 0 , 
0 , 0 , 0 , 0 , 0 , 0 , 0 , 0 , 0 , 0 , 0 , 0 , 0 , 0 , 0 , 0 , 0 , 0 , 0 , 0 , 0 , 0 , 0 , 0 , 0 , 0 , 0 , 0 , 0 , 0 , 0 , 0 , 0 , 
0 , 0 , 0 , 0 , 0 , 0 , 0 , 0 , 0 , 0 , 0 , 0 , 0 , 0 , 0 , 0 , 0 , 0 , 0 , 0 , 0 , 0 , 0 , 0 , 0 , 0 , 0 , 0 , 0 , 0 , 0 , 0 , 0 , 
0 , 0 , 0 , 0 , 0 , 0 , 0 , 0 , 0 , 0 , 0 , 0 , 0 , 0 , 0 , 0 , 0 , 0 , 0 , 0 , 0 , 0 , 0 , 0 , 0 , 0 , 0 , 0 , 0 , 0 , 0 , 0 , 0 , 
0 , 0 , 0 , 0 , 0 , 0 , 0 , 0 , 0 , 0 , 0 , 0 , 0 , 0 , 0 , 0 , 0 , 0 , 0 , 0 , 0 , 0 , 0 , 0 , 0 , 0 , 0 , 0 , 0 , 0 , 0 , 0 , 0 , 
0 , 0 , 0 , 0 , 0 , 0 , 0 , 0 , 0 , 0 , 0 , 0 , 0 , 0 , 0 , 0 , 0 , 0 , 0 , 0 , 0 , 0 , 0 , 0 , 0 , 0 , 0 , 0 , 0 , 0 , 0 , 0 , 0 , 
0 , 0 , 0 , 0 , 0 , 0 , 0 , 0 , 0 , 0 , 0 , 0 , 0 , 0 , 0 , 0 , 0 , 0 , 0 , 0 , 0 , 0 , 0 , 0 , 0 , 0 , 0 , 0 , 0 , 0 , 0 , 0 , 0 , 
0 , 0 , 0 , 0 , 0 , 0 , 0 , 0 , 0 , 0 , 0 , 0 , 0 , 0 , 0 , 0 , 0 , 0 , 0 , 0 , 0 , 0 , 0 , 0 , 0 , 0 , 0 , 0 , 0 , 0 , 0 , 0 , 0 , 
0 , 0 , 0 , 0 , 0 , 0 , 0 , 0 , 0 , 0 , 0 , 0 , 0 , 0 , 0 , 0 , 0 , 0 , 0 , 0 , 0 , 0 , 0 , 0 , 0 , 0 , 0 , 0 , 0 , 0 , 0 , 0 , 0 , 
0 , 0 , 0 , 0 , 0 , 0 , 0 , 0 , 0 , 0 , 0 , 0 , 0 , 0 , 0 , 0 , 0 , 0 , 0 , 0 , 0 , 0 , 0 , 0 , 0 , 0 , 0 , 0 , 0 , 0 , 0 , 0 , 0 , 
0 , 0 , 0 , 0 , 0 , 0 , 0 , 0 , 0 , 0 , 0 , 0 , 0 , 0 , 0 , 0 , 0 , 0 , 0 , 0 , 0 , 0 , 0 , 0 , 0 , 0 , 0 , 0 , 0 , 0 , 0 , 0 , 0 , 
0 , 0 , 0 , 0 , 0 , 0 , 0 , 0 , 0 , 0 , 0 , 0 , 0 , 0 , 0 , 0 , 0 , 0 , 0 , 0 , 0 , 0 , 0 , 0 , 0 , 0 , 0 , 0 , 0 , 0 , 0 , 0 , 0 , 
0 , 0 , 0 , 0 , 0 , 0 , 0 , 0 , 0 , 0 , 0 , 0 , 0 , 0 , 0 , 0 , 0 , 0 , 0 , 0 , 0 , 0 , 0 , 0 , 0 , 0 , 0 , 0 , 0 , 0 , 0 , 0 , 0 , 
0 , 0 , 0 , 0 , 0 , 0 , 0 , 0 , 0 , 0 , 0 , 0 , 0 , 0 , 0 , 0 , 0 , 0 , 0 , 0 , 0 , 0 , 0 , 0 , 0 , 0 , 0 , 0 , 0 , 0 , 0 , 0 , 0 , 
0 , 0 , 0 , 0 , 0 , 0 , 0 , 0 , 0 , 0 , 0 , 0 , 0 , 0 , 0 , 0 , 0 , 0 , 0 , 0 , 0 , 0 , 0 , 0 , 0 , 0 , 0 , 0 , 0 , 0 , 0 , 0 , 0 , 
0 , 0 , 0 , 0 , 0 , 0 , 0 , 0 , 0 , 0 , 0 , 0 , 0 , 0 , 0 , 0 , 0 , 0 , 0 , 0 , 0 , 0 , 0 , 0 , 0 , 0 , 0 , 0 , 0 , 0 , 0 , 0 , 0 , 
0 , 0 , 0 , 0 , 0 , 0 , 0 , 0 , 0 , 0 , 0 , 0 , 0 , 0 , 0 , 0 , 0 , 0 , 0 , 0 , 0 , 0 , 0 , 0 , 0 , 0 , 0 , 0 , 0 , 0 , 0 , 0 , 0 , 
0 , 0 , 0 , 0 , 0 , 0 , 0 , 0 , 0 , 0 , 0 , 0 , 0 , 0 , 0 , 0 , 0 , 0 , 0 , 0 , 0 , 0 , 0 , 0 , 0 , 0 , 0 , 0 , 0 , 0 , 0 , 0 , 0 , 
0 , 0 , 0 , 0 , 0 , 0 , 0 , 0 , 0 , 0 , 0 , 0 , 0 , 0 , 0 , 0 , 0 , 0 , 0 , 0 , 0 , 0 , 0 , 0 , 0 , 0 , 0 , 0 , 0 , 0 , 0 , 0 , 0 , 
0 , 0 , 0 , 0 , 0 , 0 , 0 , 0 , 0 , 0 , 0 , 0 , 0 , 0 , 0 , 0 , 0 , 0 , 0 , 0 , 0 , 0 , 0 , 0 , 0 , 0 , 0 , 0 , 0 , 0 , 0 , 0 , 0 , 
0 , 0 , 0 , 0 , 0 , 0 , 0 , 0 , 0 , 0 , 0 , 0 , 0 , 0 , 0 , 0 , 0 , 0 , 0 , 0 , 0 , 0 , 0 , 0 , 0 , 0 , 0 , 0 , 0 , 0 , 0 , 0 , 0 , 
0 , 0 , 0 , 0 , 0 , 0 , 0 , 0 , 0 , 0 , 0 , 0 , 0 , 0 , 0 , 0 , 0 , 0 , 0 , 0 , 0 , 0 , 0 , 0 , 0 , 0 , 0 , 0 , 0 , 0 , 0 , 0 , 0 , 
0 , 0 , 0 , 0 , 0 , 0 , 0 , 0 , 0 , 0 , 0 , 0 , 0 , 0 , 0 , 0 , 0 , 0 , 0 , 0 , 0 , 0 , 0 , 0 , 0 , 0 , 0 , 0 , 0 , 0 , 0 , 0 , 0 , 
0 , 0 , 0 , 0 , 0 , 0 , 0 , 0 , 0 , 0 , 0 , 0 , 0 , 0 , 0 , 0 , 0 , 0 , 0 , 0 , 0 , 0 , 0 , 0 , 0 , 0 , 0 , 0 , 0 , 0 , 0 , 0 , 0 , 
0 , 0 , 0 , 0 , 0 , 0 , 0 , 0 , 0 , 0 , 0 , 0 , 0 , 0 , 0 , 0 , 0 , 0 , 0 , 0 , 0 , 0 , 0 , 0 , 0 , 0 , 0 , 0 , 0 , 0 , 0 , 0 , 0 , 
0 , 0 , 0 , 0 , 0 , 0 , 0 , 0 , 0 , 0 , 0 , 0 , 0 , 0 , 0 , 0 , 0 , 0 , 0 , 0 , 0 , 0 , 0 , 0 , 0 , 0 , 0 , 0 , 0 , 0 , 0 , 0 , 0 , 
0 , 0 , 0 , 0 , 0 , 0 , 0 , 0 , 0 , 0 , 0 , 0 , 0 , 0 , 0 , 0 , 0 , 0 , 0 , 0 , 0 , 0 , 0 , 0 , 0 , 0 , 0 , 0 , 0 , 0 , 0 , 0 , 0 , 
0 , 0 , 0 , 0 , 0 , 0 , 0 , 0 , 0 , 0 , 0 , 0 , 0 , 0 , 0 , 0 , 0 , 0 , 0 , 0 , 0 , 0 , 0 , 0 , 0 , 0 , 0 , 0 , 0 , 0 , 0 , 0 , 0 , 
0 , 0 , 0 , 0 , 0 , 0 , 0 , 0 , 0 , 0 , 0 , 0 , 0 , 0 , 0 , 0 , 0 , 0 , 0 , 0 , 0 , 0 , 0 , 0 , 0 , 0 , 0 , 0 , 0 , 0 , 0 , 0 , 0 , 
0 , 0 , 0 , 0 , 0 , 0 , 0 , 0 , 0 , 0 , 0 , 0 , 0 , 0 , 0 , 0 , 0 , 0 , 0 , 0 , 0 , 0 , 0 , 0 , 0 , 0 , 0 , 0 , 0 , 0 , 0 , 0 , 0 , 

