g ,
1e+100 , 0 , 0 , 0 , 0 , 0 , 0 , 0 , 0 , 0 , 0 , 0 , 0 , 0 , 0 , 0 , 0 , 0 , 0 , 0 , 0 , 0 , 0 , 0 , 0 , 0 , 0 , 0 , 0 , 0 , 0 , 0 , 0 , 
1e+100 , 1.02463 , 0 , 0 , 0 , 0 , 0 , 0 , 0 , 0 , 0 , 0 , 0 , 0 , 0 , 0 , 0 , 0 , 0 , 0 , 0 , 0 , 0 , 0 , 0 , 0 , 0 , 0 , 0 , 0 , 0 , 0 , 0 , 
1e+100 , 1.02463 , 1.02463 , 0 , 0 , 0 , 0 , 0 , 0 , 0 , 0 , 0 , 0 , 0 , 0 , 0 , 0 , 0 , 0 , 0 , 0 , 0 , 0 , 0 , 0 , 0 , 0 , 0 , 0 , 0 , 0 , 0 , 0 , 
1e+100 , 1.02463 , 1.02463 , 1.02463 , 0 , 0 , 0 , 0 , 0 , 0 , 0 , 0 , 0 , 0 , 0 , 0 , 0 , 0 , 0 , 0 , 0 , 0 , 0 , 0 , 0 , 0 , 0 , 0 , 0 , 0 , 0 , 0 , 0 , 
1e+100 , 1.03176 , 1.03176 , 0.905235 , 0.905235 , 0 , 0 , 0 , 0 , 0 , 0 , 0 , 0 , 0 , 0 , 0 , 0 , 0 , 0 , 0 , 0 , 0 , 0 , 0 , 0 , 0 , 0 , 0 , 0 , 0 , 0 , 0 , 0 , 
1e+100 , 1.03889 , 1.03889 , 0.912366 , 0.785842 , 0.785842 , 0 , 0 , 0 , 0 , 0 , 0 , 0 , 0 , 0 , 0 , 0 , 0 , 0 , 0 , 0 , 0 , 0 , 0 , 0 , 0 , 0 , 0 , 0 , 0 , 0 , 0 , 0 , 
1e+100 , 1.04632 , 1.04632 , 0.926745 , 0.807166 , 0.874999 , 0.874999 , 0 , 0 , 0 , 0 , 0 , 0 , 0 , 0 , 0 , 0 , 0 , 0 , 0 , 0 , 0 , 0 , 0 , 0 , 0 , 0 , 0 , 0 , 0 , 0 , 0 , 0 , 
1e+100 , 1.05376 , 1.05376 , 0.941124 , 0.82849 , 0.896323 , 0.964155 , 0.964155 , 0 , 0 , 0 , 0 , 0 , 0 , 0 , 0 , 0 , 0 , 0 , 0 , 0 , 0 , 0 , 0 , 0 , 0 , 0 , 0 , 0 , 0 , 0 , 0 , 0 , 
1e+100 , 1.06156 , 1.06156 , 0.95569 , 0.849819 , 0.906471 , 0.963122 , 0.860447 , 0.860447 , 0 , 0 , 0 , 0 , 0 , 0 , 0 , 0 , 0 , 0 , 0 , 0 , 0 , 0 , 0 , 0 , 0 , 0 , 0 , 0 , 0 , 0 , 0 , 0 , 
1e+100 , 1.06936 , 1.06936 , 0.970256 , 0.871148 , 0.916618 , 0.962089 , 0.859414 , 0.756739 , 0.756739 , 0 , 0 , 0 , 0 , 0 , 0 , 0 , 0 , 0 , 0 , 0 , 0 , 0 , 0 , 0 , 0 , 0 , 0 , 0 , 0 , 0 , 0 , 0 , 
1e+100 , 1.07748 , 1.07748 , 0.984984 , 0.892484 , 0.926776 , 0.961068 , 0.868064 , 0.775061 , 0.800673 , 0.800673 , 0 , 0 , 0 , 0 , 0 , 0 , 0 , 0 , 0 , 0 , 0 , 0 , 0 , 0 , 0 , 0 , 0 , 0 , 0 , 0 , 0 , 0 , 
1e+100 , 1.0856 , 1.0856 , 0.999712 , 0.913821 , 0.936933 , 0.960046 , 0.876715 , 0.793384 , 0.818995 , 0.844606 , 0.844606 , 0 , 0 , 0 , 0 , 0 , 0 , 0 , 0 , 0 , 0 , 0 , 0 , 0 , 0 , 0 , 0 , 0 , 0 , 0 , 0 , 0 , 
1e+100 , 1.09395 , 1.09395 , 1.01455 , 0.935148 , 0.947092 , 0.959037 , 0.885372 , 0.811707 , 0.829706 , 0.847705 , 0.778705 , 0.778705 , 0 , 0 , 0 , 0 , 0 , 0 , 0 , 0 , 0 , 0 , 0 , 0 , 0 , 0 , 0 , 0 , 0 , 0 , 0 , 0 , 
1e+100 , 1.10229 , 1.10229 , 1.02938 , 0.956475 , 0.957251 , 0.958027 , 0.894029 , 0.830031 , 0.840417 , 0.850804 , 0.781803 , 0.712803 , 0.712803 , 0 , 0 , 0 , 0 , 0 , 0 , 0 , 0 , 0 , 0 , 0 , 0 , 0 , 0 , 0 , 0 , 0 , 0 , 0 , 
1e+100 , 1.1108 , 1.1108 , 1.0443 , 0.977793 , 0.967415 , 0.957036 , 0.902701 , 0.848366 , 0.851138 , 0.853909 , 0.792358 , 0.730807 , 0.720734 , 0.720734 , 0 , 0 , 0 , 0 , 0 , 0 , 0 , 0 , 0 , 0 , 0 , 0 , 0 , 0 , 0 , 0 , 0 , 0 , 
1e+100 , 1.11931 , 1.11931 , 1.05921 , 0.999111 , 0.977579 , 0.956046 , 0.911373 , 0.8667 , 0.861858 , 0.857015 , 0.802913 , 0.74881 , 0.738737 , 0.728664 , 0.728664 , 0 , 0 , 0 , 0 , 0 , 0 , 0 , 0 , 0 , 0 , 0 , 0 , 0 , 0 , 0 , 0 , 0 , 
1e+100 , 1.12796 , 1.12796 , 1.0742 , 1.02044 , 0.987763 , 0.955089 , 0.920074 , 0.885059 , 0.8726 , 0.86014 , 0.81348 , 0.76682 , 0.748178 , 0.729535 , 0.720685 , 0.720685 , 0 , 0 , 0 , 0 , 0 , 0 , 0 , 0 , 0 , 0 , 0 , 0 , 0 , 0 , 0 , 0 , 
1e+100 , 1.13661 , 1.13661 , 1.08919 , 1.04176 , 0.997947 , 0.954132 , 0.928775 , 0.903419 , 0.883342 , 0.863265 , 0.824048 , 0.784831 , 0.757618 , 0.730405 , 0.721555 , 0.712706 , 0.712706 , 0 , 0 , 0 , 0 , 0 , 0 , 0 , 0 , 0 , 0 , 0 , 0 , 0 , 0 , 0 , 
1e+100 , 1.14539 , 1.14539 , 1.10426 , 1.06312 , 1.00817 , 0.953225 , 0.937522 , 0.921819 , 0.894122 , 0.866425 , 0.834642 , 0.802859 , 0.76707 , 0.731281 , 0.723067 , 0.714853 , 0.708048 , 0.708048 , 0 , 0 , 0 , 0 , 0 , 0 , 0 , 0 , 0 , 0 , 0 , 0 , 0 , 0 , 
1e+100 , 1.15418 , 1.15418 , 1.11933 , 1.08448 , 1.0184 , 0.952318 , 0.946268 , 0.940218 , 0.904901 , 0.869584 , 0.845235 , 0.820887 , 0.776522 , 0.732157 , 0.724578 , 0.716999 , 0.710195 , 0.703391 , 0.703391 , 0 , 0 , 0 , 0 , 0 , 0 , 0 , 0 , 0 , 0 , 0 , 0 , 0 , 
1e+100 , 1.16309 , 1.16309 , 1.13448 , 1.10588 , 1.02867 , 0.951468 , 0.955066 , 0.958665 , 0.915724 , 0.872782 , 0.855861 , 0.83894 , 0.785992 , 0.733044 , 0.726096 , 0.719148 , 0.703303 , 0.687457 , 0.658405 , 0.658405 , 0 , 0 , 0 , 0 , 0 , 0 , 0 , 0 , 0 , 0 , 0 , 0 , 
1e+100 , 1.172 , 1.172 , 1.14964 , 1.12728 , 1.03895 , 0.950617 , 0.963865 , 0.977112 , 0.926546 , 0.875981 , 0.866487 , 0.856993 , 0.795462 , 0.733931 , 0.727614 , 0.721297 , 0.69641 , 0.671523 , 0.642472 , 0.61342 , 0.61342 , 0 , 0 , 0 , 0 , 0 , 0 , 0 , 0 , 0 , 0 , 0 , 
1e+100 , 1.18101 , 1.18101 , 1.16487 , 1.14873 , 1.04927 , 0.949817 , 0.972709 , 0.995601 , 0.937408 , 0.879216 , 0.877143 , 0.875071 , 0.804951 , 0.734831 , 0.729141 , 0.723451 , 0.68952 , 0.65559 , 0.627982 , 0.600375 , 0.683294 , 0.683294 , 0 , 0 , 0 , 0 , 0 , 0 , 0 , 0 , 0 , 0 , 
1e+100 , 1.19002 , 1.19002 , 1.1801 , 1.17018 , 1.0596 , 0.949017 , 0.981553 , 1.01409 , 0.94827 , 0.88245 , 0.8878 , 0.893149 , 0.81444 , 0.735731 , 0.730668 , 0.725604 , 0.682631 , 0.639657 , 0.613493 , 0.587329 , 0.670249 , 0.753169 , 0.753169 , 0 , 0 , 0 , 0 , 0 , 0 , 0 , 0 , 0 , 
1e+100 , 1.1991 , 1.1991 , 1.19538 , 1.19166 , 1.06996 , 0.948251 , 0.99043 , 1.03261 , 0.95916 , 0.88571 , 0.898478 , 0.911245 , 0.823943 , 0.736642 , 0.732202 , 0.727762 , 0.675744 , 0.623725 , 0.599004 , 0.574283 , 0.651868 , 0.729454 , 0.650973 , 0.650973 , 0 , 0 , 0 , 0 , 0 , 0 , 0 , 0 , 
1e+100 , 1.20818 , 1.20818 , 1.21066 , 1.21315 , 1.08032 , 0.947486 , 0.999307 , 1.05113 , 0.970049 , 0.88897 , 0.909156 , 0.929341 , 0.833447 , 0.737552 , 0.733736 , 0.72992 , 0.668857 , 0.607793 , 0.584515 , 0.561237 , 0.633488 , 0.705739 , 0.627258 , 0.548777 , 0.548777 , 0 , 0 , 0 , 0 , 0 , 0 , 0 , 
1e+100 , 1.21729 , 1.21729 , 1.22597 , 1.23465 , 1.09069 , 0.946739 , 1.0082 , 1.06966 , 0.980953 , 0.892244 , 0.919846 , 0.947447 , 0.842958 , 0.738469 , 0.735274 , 0.73208 , 0.661971 , 0.591861 , 0.570026 , 0.54819 , 0.615107 , 0.682024 , 0.636127 , 0.590231 , 0.603051 , 0.603051 , 0 , 0 , 0 , 0 , 0 , 0 , 
1e+100 , 1.2264 , 1.2264 , 1.24127 , 1.25615 , 1.10107 , 0.945993 , 1.0171 , 1.0882 , 0.991858 , 0.895518 , 0.930535 , 0.965553 , 0.852469 , 0.739385 , 0.736813 , 0.734241 , 0.655085 , 0.575929 , 0.555536 , 0.535143 , 0.596726 , 0.658309 , 0.644997 , 0.631685 , 0.644505 , 0.657325 , 0.657325 , 0 , 0 , 0 , 0 , 0 , 
1e+100 , 1.23552 , 1.23552 , 1.25659 , 1.27766 , 1.11145 , 0.945253 , 1.026 , 1.10674 , 1.00277 , 0.898796 , 0.941229 , 0.983662 , 0.861982 , 0.740303 , 0.738352 , 0.736401 , 0.648199 , 0.559997 , 0.541046 , 0.522095 , 0.578344 , 0.634593 , 0.653866 , 0.673139 , 0.632517 , 0.591896 , 0.632462 , 0.632462 , 0 , 0 , 0 , 0 , 
1e+100 , 1.24465 , 1.24465 , 1.27191 , 1.29916 , 1.12184 , 0.944513 , 1.0349 , 1.12528 , 1.01368 , 0.902075 , 0.951923 , 1.00177 , 0.871496 , 0.741221 , 0.739891 , 0.738562 , 0.641313 , 0.544065 , 0.526556 , 0.509047 , 0.559962 , 0.610877 , 0.662735 , 0.714593 , 0.62053 , 0.526467 , 0.567033 , 0.607599 , 0.607599 , 0 , 0 , 0 , 
1e+100 , 1.25377 , 1.25377 , 1.28722 , 1.32067 , 1.13222 , 0.943775 , 1.0438 , 1.14382 , 1.02459 , 0.905354 , 0.962618 , 1.01988 , 0.88101 , 0.742139 , 0.741431 , 0.740723 , 0.634428 , 0.528132 , 0.512066 , 0.495999 , 0.54158 , 0.587161 , 0.671604 , 0.756047 , 0.608542 , 0.461038 , 0.481261 , 0.501484 , 0.734989 , 0.734989 , 0 , 0 , 
1e+100 , 1.2629 , 1.2629 , 1.30254 , 1.34218 , 1.14261 , 0.943036 , 1.0527 , 1.16236 , 1.0355 , 0.908634 , 0.973312 , 1.03799 , 0.890524 , 0.743057 , 0.74297 , 0.742884 , 0.627542 , 0.5122 , 0.497575 , 0.482951 , 0.523198 , 0.563445 , 0.680473 , 0.797501 , 0.596555 , 0.395609 , 0.395489 , 0.39537 , 0.628875 , 0.86238 , 0.86238 , 0 , 
1e+100 , 1.2629 , 1.2629 , 1.30254 , 1.34218 , 1.14261 , 0.943036 , 1.0527 , 1.16236 , 1.0355 , 0.908634 , 0.973312 , 1.03799 , 0.890524 , 0.743057 , 0.74297 , 0.742884 , 0.627542 , 0.5122 , 0.497575 , 0.482951 , 0.523198 , 0.563445 , 0.680473 , 0.797501 , 0.596555 , 0.395609 , 0.395489 , 0.39537 , 0.628875 , 0.86238 , 0.86238 , 0.86238 , 

h ,
1e+100 , 0 , 0 , 0 , 0 , 0 , 0 , 0 , 0 , 0 , 0 , 0 , 0 , 0 , 0 , 0 , 0 , 0 , 0 , 0 , 0 , 0 , 0 , 0 , 0 , 0 , 0 , 0 , 0 , 0 , 0 , 0 , 0 , 
1e+100 , 0.120859 , 0 , 0 , 0 , 0 , 0 , 0 , 0 , 0 , 0 , 0 , 0 , 0 , 0 , 0 , 0 , 0 , 0 , 0 , 0 , 0 , 0 , 0 , 0 , 0 , 0 , 0 , 0 , 0 , 0 , 0 , 0 , 
1e+100 , 0.154783 , 0.120859 , 0 , 0 , 0 , 0 , 0 , 0 , 0 , 0 , 0 , 0 , 0 , 0 , 0 , 0 , 0 , 0 , 0 , 0 , 0 , 0 , 0 , 0 , 0 , 0 , 0 , 0 , 0 , 0 , 0 , 0 , 
1e+100 , 0.166254 , 0.154783 , 0.120859 , 0 , 0 , 0 , 0 , 0 , 0 , 0 , 0 , 0 , 0 , 0 , 0 , 0 , 0 , 0 , 0 , 0 , 0 , 0 , 0 , 0 , 0 , 0 , 0 , 0 , 0 , 0 , 0 , 0 , 
1e+100 , 0.166418 , 0.166254 , 0.154783 , 0.120859 , 0 , 0 , 0 , 0 , 0 , 0 , 0 , 0 , 0 , 0 , 0 , 0 , 0 , 0 , 0 , 0 , 0 , 0 , 0 , 0 , 0 , 0 , 0 , 0 , 0 , 0 , 0 , 0 , 
1e+100 , 0.161502 , 0.166418 , 0.166254 , 0.154783 , 0.120859 , 0 , 0 , 0 , 0 , 0 , 0 , 0 , 0 , 0 , 0 , 0 , 0 , 0 , 0 , 0 , 0 , 0 , 0 , 0 , 0 , 0 , 0 , 0 , 0 , 0 , 0 , 0 , 
1e+100 , 0.154851 , 0.161502 , 0.166418 , 0.166254 , 0.154783 , 0.120859 , 0 , 0 , 0 , 0 , 0 , 0 , 0 , 0 , 0 , 0 , 0 , 0 , 0 , 0 , 0 , 0 , 0 , 0 , 0 , 0 , 0 , 0 , 0 , 0 , 0 , 0 , 
1e+100 , 0.148151 , 0.154851 , 0.161502 , 0.166418 , 0.166254 , 0.154783 , 0.120859 , 0 , 0 , 0 , 0 , 0 , 0 , 0 , 0 , 0 , 0 , 0 , 0 , 0 , 0 , 0 , 0 , 0 , 0 , 0 , 0 , 0 , 0 , 0 , 0 , 0 , 
1e+100 , 0.142163 , 0.148151 , 0.154851 , 0.161502 , 0.166418 , 0.166254 , 0.154783 , 0.120859 , 0 , 0 , 0 , 0 , 0 , 0 , 0 , 0 , 0 , 0 , 0 , 0 , 0 , 0 , 0 , 0 , 0 , 0 , 0 , 0 , 0 , 0 , 0 , 0 , 
1e+100 , 0.137149 , 0.142163 , 0.148151 , 0.154851 , 0.161502 , 0.166418 , 0.166254 , 0.154783 , 0.120859 , 0 , 0 , 0 , 0 , 0 , 0 , 0 , 0 , 0 , 0 , 0 , 0 , 0 , 0 , 0 , 0 , 0 , 0 , 0 , 0 , 0 , 0 , 0 , 
1e+100 , 0.133121 , 0.137149 , 0.142163 , 0.148151 , 0.154851 , 0.161502 , 0.166418 , 0.166254 , 0.154783 , 0.120859 , 0 , 0 , 0 , 0 , 0 , 0 , 0 , 0 , 0 , 0 , 0 , 0 , 0 , 0 , 0 , 0 , 0 , 0 , 0 , 0 , 0 , 0 , 
1e+100 , 0.129975 , 0.133121 , 0.137149 , 0.142163 , 0.148151 , 0.154851 , 0.161502 , 0.166418 , 0.166254 , 0.154783 , 0.120859 , 0 , 0 , 0 , 0 , 0 , 0 , 0 , 0 , 0 , 0 , 0 , 0 , 0 , 0 , 0 , 0 , 0 , 0 , 0 , 0 , 0 , 
1e+100 , 0.127568 , 0.129975 , 0.133121 , 0.137149 , 0.142163 , 0.148151 , 0.154851 , 0.161502 , 0.166418 , 0.166254 , 0.154783 , 0.120859 , 0 , 0 , 0 , 0 , 0 , 0 , 0 , 0 , 0 , 0 , 0 , 0 , 0 , 0 , 0 , 0 , 0 , 0 , 0 , 0 , 
1e+100 , 0.125756 , 0.127568 , 0.129975 , 0.133121 , 0.137149 , 0.142163 , 0.148151 , 0.154851 , 0.161502 , 0.166418 , 0.166254 , 0.154783 , 0.120859 , 0 , 0 , 0 , 0 , 0 , 0 , 0 , 0 , 0 , 0 , 0 , 0 , 0 , 0 , 0 , 0 , 0 , 0 , 0 , 
1e+100 , 0.124409 , 0.125756 , 0.127568 , 0.129975 , 0.133121 , 0.137149 , 0.142163 , 0.148151 , 0.154851 , 0.161502 , 0.166418 , 0.166254 , 0.154783 , 0.120859 , 0 , 0 , 0 , 0 , 0 , 0 , 0 , 0 , 0 , 0 , 0 , 0 , 0 , 0 , 0 , 0 , 0 , 0 , 
1e+100 , 0.123417 , 0.124409 , 0.125756 , 0.127568 , 0.129975 , 0.133121 , 0.137149 , 0.142163 , 0.148151 , 0.154851 , 0.161502 , 0.166418 , 0.166254 , 0.154783 , 0.120859 , 0 , 0 , 0 , 0 , 0 , 0 , 0 , 0 , 0 , 0 , 0 , 0 , 0 , 0 , 0 , 0 , 0 , 
1e+100 , 0.122693 , 0.123417 , 0.124409 , 0.125756 , 0.127568 , 0.129975 , 0.133121 , 0.137149 , 0.142163 , 0.148151 , 0.154851 , 0.161502 , 0.166418 , 0.166254 , 0.154783 , 0.120859 , 0 , 0 , 0 , 0 , 0 , 0 , 0 , 0 , 0 , 0 , 0 , 0 , 0 , 0 , 0 , 0 , 
1e+100 , 0.122168 , 0.122693 , 0.123417 , 0.124409 , 0.125756 , 0.127568 , 0.129975 , 0.133121 , 0.137149 , 0.142163 , 0.148151 , 0.154851 , 0.161502 , 0.166418 , 0.166254 , 0.154783 , 0.120859 , 0 , 0 , 0 , 0 , 0 , 0 , 0 , 0 , 0 , 0 , 0 , 0 , 0 , 0 , 0 , 
1e+100 , 0.12179 , 0.122168 , 0.122693 , 0.123417 , 0.124409 , 0.125756 , 0.127568 , 0.129975 , 0.133121 , 0.137149 , 0.142163 , 0.148151 , 0.154851 , 0.161502 , 0.166418 , 0.166254 , 0.154783 , 0.120859 , 0 , 0 , 0 , 0 , 0 , 0 , 0 , 0 , 0 , 0 , 0 , 0 , 0 , 0 , 
1e+100 , 0.121518 , 0.12179 , 0.122168 , 0.122693 , 0.123417 , 0.124409 , 0.125756 , 0.127568 , 0.129975 , 0.133121 , 0.137149 , 0.142163 , 0.148151 , 0.154851 , 0.161502 , 0.166418 , 0.166254 , 0.154783 , 0.120859 , 0 , 0 , 0 , 0 , 0 , 0 , 0 , 0 , 0 , 0 , 0 , 0 , 0 , 
1e+100 , 0.121325 , 0.121518 , 0.12179 , 0.122168 , 0.122693 , 0.123417 , 0.124409 , 0.125756 , 0.127568 , 0.129975 , 0.133121 , 0.137149 , 0.142163 , 0.148151 , 0.154851 , 0.161502 , 0.166418 , 0.166254 , 0.154783 , 0.120859 , 0 , 0 , 0 , 0 , 0 , 0 , 0 , 0 , 0 , 0 , 0 , 0 , 
1e+100 , 0.121187 , 0.121325 , 0.121518 , 0.12179 , 0.122168 , 0.122693 , 0.123417 , 0.124409 , 0.125756 , 0.127568 , 0.129975 , 0.133121 , 0.137149 , 0.142163 , 0.148151 , 0.154851 , 0.161502 , 0.166418 , 0.166254 , 0.154783 , 0.120859 , 0 , 0 , 0 , 0 , 0 , 0 , 0 , 0 , 0 , 0 , 0 , 
1e+100 , 0.12109 , 0.121187 , 0.121325 , 0.121518 , 0.12179 , 0.122168 , 0.122693 , 0.123417 , 0.124409 , 0.125756 , 0.127568 , 0.129975 , 0.133121 , 0.137149 , 0.142163 , 0.148151 , 0.154851 , 0.161502 , 0.166418 , 0.166254 , 0.154783 , 0.120859 , 0 , 0 , 0 , 0 , 0 , 0 , 0 , 0 , 0 , 0 , 
1e+100 , 0.121021 , 0.12109 , 0.121187 , 0.121325 , 0.121518 , 0.12179 , 0.122168 , 0.122693 , 0.123417 , 0.124409 , 0.125756 , 0.127568 , 0.129975 , 0.133121 , 0.137149 , 0.142163 , 0.148151 , 0.154851 , 0.161502 , 0.166418 , 0.166254 , 0.154783 , 0.120859 , 0 , 0 , 0 , 0 , 0 , 0 , 0 , 0 , 0 , 
1e+100 , 0.120972 , 0.121021 , 0.12109 , 0.121187 , 0.121325 , 0.121518 , 0.12179 , 0.122168 , 0.122693 , 0.123417 , 0.124409 , 0.125756 , 0.127568 , 0.129975 , 0.133121 , 0.137149 , 0.142163 , 0.148151 , 0.154851 , 0.161502 , 0.166418 , 0.166254 , 0.154783 , 0.120859 , 0 , 0 , 0 , 0 , 0 , 0 , 0 , 0 , 
1e+100 , 0.120938 , 0.120972 , 0.121021 , 0.12109 , 0.121187 , 0.121325 , 0.121518 , 0.12179 , 0.122168 , 0.122693 , 0.123417 , 0.124409 , 0.125756 , 0.127568 , 0.129975 , 0.133121 , 0.137149 , 0.142163 , 0.148151 , 0.154851 , 0.161502 , 0.166418 , 0.166254 , 0.154783 , 0.120859 , 0 , 0 , 0 , 0 , 0 , 0 , 0 , 
1e+100 , 0.120914 , 0.120938 , 0.120972 , 0.121021 , 0.12109 , 0.121187 , 0.121325 , 0.121518 , 0.12179 , 0.122168 , 0.122693 , 0.123417 , 0.124409 , 0.125756 , 0.127568 , 0.129975 , 0.133121 , 0.137149 , 0.142163 , 0.148151 , 0.154851 , 0.161502 , 0.166418 , 0.166254 , 0.154783 , 0.120859 , 0 , 0 , 0 , 0 , 0 , 0 , 
1e+100 , 0.120898 , 0.120914 , 0.120938 , 0.120972 , 0.121021 , 0.12109 , 0.121187 , 0.121325 , 0.121518 , 0.12179 , 0.122168 , 0.122693 , 0.123417 , 0.124409 , 0.125756 , 0.127568 , 0.129975 , 0.133121 , 0.137149 , 0.142163 , 0.148151 , 0.154851 , 0.161502 , 0.166418 , 0.166254 , 0.154783 , 0.120859 , 0 , 0 , 0 , 0 , 0 , 
1e+100 , 0.120886 , 0.120898 , 0.120914 , 0.120938 , 0.120972 , 0.121021 , 0.12109 , 0.121187 , 0.121325 , 0.121518 , 0.12179 , 0.122168 , 0.122693 , 0.123417 , 0.124409 , 0.125756 , 0.127568 , 0.129975 , 0.133121 , 0.137149 , 0.142163 , 0.148151 , 0.154851 , 0.161502 , 0.166418 , 0.166254 , 0.154783 , 0.120859 , 0 , 0 , 0 , 0 , 
1e+100 , 0.120878 , 0.120886 , 0.120898 , 0.120914 , 0.120938 , 0.120972 , 0.121021 , 0.12109 , 0.121187 , 0.121325 , 0.121518 , 0.12179 , 0.122168 , 0.122693 , 0.123417 , 0.124409 , 0.125756 , 0.127568 , 0.129975 , 0.133121 , 0.137149 , 0.142163 , 0.148151 , 0.154851 , 0.161502 , 0.166418 , 0.166254 , 0.154783 , 0.120859 , 0 , 0 , 0 , 
1e+100 , 0.120872 , 0.120878 , 0.120886 , 0.120898 , 0.120914 , 0.120938 , 0.120972 , 0.121021 , 0.12109 , 0.121187 , 0.121325 , 0.121518 , 0.12179 , 0.122168 , 0.122693 , 0.123417 , 0.124409 , 0.125756 , 0.127568 , 0.129975 , 0.133121 , 0.137149 , 0.142163 , 0.148151 , 0.154851 , 0.161502 , 0.166418 , 0.166254 , 0.154783 , 0.120859 , 0 , 0 , 
1e+100 , 0.120868 , 0.120872 , 0.120878 , 0.120886 , 0.120898 , 0.120914 , 0.120938 , 0.120972 , 0.121021 , 0.12109 , 0.121187 , 0.121325 , 0.121518 , 0.12179 , 0.122168 , 0.122693 , 0.123417 , 0.124409 , 0.125756 , 0.127568 , 0.129975 , 0.133121 , 0.137149 , 0.142163 , 0.148151 , 0.154851 , 0.161502 , 0.166418 , 0.166254 , 0.154783 , 0.120859 , 0 , 
1e+100 , 0.120866 , 0.120868 , 0.120872 , 0.120878 , 0.120886 , 0.120898 , 0.120914 , 0.120938 , 0.120972 , 0.121021 , 0.12109 , 0.121187 , 0.121325 , 0.121518 , 0.12179 , 0.122168 , 0.122693 , 0.123417 , 0.124409 , 0.125756 , 0.127568 , 0.129975 , 0.133121 , 0.137149 , 0.142163 , 0.148151 , 0.154851 , 0.161502 , 0.166418 , 0.166254 , 0.154783 , 0.120859 , 

h*g ,
1e+200 , 0 , 0 , 0 , 0 , 0 , 0 , 0 , 0 , 0 , 0 , 0 , 0 , 0 , 0 , 0 , 0 , 0 , 0 , 0 , 0 , 0 , 0 , 0 , 0 , 0 , 0 , 0 , 0 , 0 , 0 , 0 , 0 , 
1e+200 , 0.123836 , 0 , 0 , 0 , 0 , 0 , 0 , 0 , 0 , 0 , 0 , 0 , 0 , 0 , 0 , 0 , 0 , 0 , 0 , 0 , 0 , 0 , 0 , 0 , 0 , 0 , 0 , 0 , 0 , 0 , 0 , 0 , 
1e+200 , 0.158595 , 0.123836 , 0 , 0 , 0 , 0 , 0 , 0 , 0 , 0 , 0 , 0 , 0 , 0 , 0 , 0 , 0 , 0 , 0 , 0 , 0 , 0 , 0 , 0 , 0 , 0 , 0 , 0 , 0 , 0 , 0 , 0 , 
1e+200 , 0.170349 , 0.158595 , 0.123836 , 0 , 0 , 0 , 0 , 0 , 0 , 0 , 0 , 0 , 0 , 0 , 0 , 0 , 0 , 0 , 0 , 0 , 0 , 0 , 0 , 0 , 0 , 0 , 0 , 0 , 0 , 0 , 0 , 0 , 
1e+200 , 0.171703 , 0.171534 , 0.140115 , 0.109406 , 0 , 0 , 0 , 0 , 0 , 0 , 0 , 0 , 0 , 0 , 0 , 0 , 0 , 0 , 0 , 0 , 0 , 0 , 0 , 0 , 0 , 0 , 0 , 0 , 0 , 0 , 0 , 0 , 
1e+200 , 0.167783 , 0.17289 , 0.151685 , 0.121635 , 0.0949764 , 0 , 0 , 0 , 0 , 0 , 0 , 0 , 0 , 0 , 0 , 0 , 0 , 0 , 0 , 0 , 0 , 0 , 0 , 0 , 0 , 0 , 0 , 0 , 0 , 0 , 0 , 0 , 
1e+200 , 0.162024 , 0.168984 , 0.154227 , 0.134195 , 0.135435 , 0.105752 , 0 , 0 , 0 , 0 , 0 , 0 , 0 , 0 , 0 , 0 , 0 , 0 , 0 , 0 , 0 , 0 , 0 , 0 , 0 , 0 , 0 , 0 , 0 , 0 , 0 , 0 , 
1e+200 , 0.156115 , 0.163175 , 0.151994 , 0.137876 , 0.149018 , 0.149235 , 0.116527 , 0 , 0 , 0 , 0 , 0 , 0 , 0 , 0 , 0 , 0 , 0 , 0 , 0 , 0 , 0 , 0 , 0 , 0 , 0 , 0 , 0 , 0 , 0 , 0 , 0 , 
1e+200 , 0.150914 , 0.157271 , 0.147989 , 0.137248 , 0.150853 , 0.160123 , 0.133183 , 0.103993 , 0 , 0 , 0 , 0 , 0 , 0 , 0 , 0 , 0 , 0 , 0 , 0 , 0 , 0 , 0 , 0 , 0 , 0 , 0 , 0 , 0 , 0 , 0 , 0 , 
1e+200 , 0.146662 , 0.152024 , 0.143744 , 0.134898 , 0.148036 , 0.160109 , 0.142881 , 0.11713 , 0.091459 , 0 , 0 , 0 , 0 , 0 , 0 , 0 , 0 , 0 , 0 , 0 , 0 , 0 , 0 , 0 , 0 , 0 , 0 , 0 , 0 , 0 , 0 , 0 , 
1e+200 , 0.143436 , 0.147776 , 0.140028 , 0.132222 , 0.143512 , 0.155215 , 0.144462 , 0.128857 , 0.123931 , 0.0967688 , 0 , 0 , 0 , 0 , 0 , 0 , 0 , 0 , 0 , 0 , 0 , 0 , 0 , 0 , 0 , 0 , 0 , 0 , 0 , 0 , 0 , 0 , 
1e+200 , 0.141101 , 0.144516 , 0.13711 , 0.129911 , 0.138807 , 0.148664 , 0.141592 , 0.132034 , 0.136161 , 0.130731 , 0.102079 , 0 , 0 , 0 , 0 , 0 , 0 , 0 , 0 , 0 , 0 , 0 , 0 , 0 , 0 , 0 , 0 , 0 , 0 , 0 , 0 , 0 , 
1e+200 , 0.139553 , 0.142186 , 0.135057 , 0.128255 , 0.134641 , 0.142082 , 0.137101 , 0.131093 , 0.138078 , 0.140935 , 0.12053 , 0.0941138 , 0 , 0 , 0 , 0 , 0 , 0 , 0 , 0 , 0 , 0 , 0 , 0 , 0 , 0 , 0 , 0 , 0 , 0 , 0 , 0 , 
1e+200 , 0.13862 , 0.140617 , 0.133794 , 0.127327 , 0.131286 , 0.136196 , 0.132451 , 0.128531 , 0.135729 , 0.141589 , 0.129978 , 0.11033 , 0.086149 , 0 , 0 , 0 , 0 , 0 , 0 , 0 , 0 , 0 , 0 , 0 , 0 , 0 , 0 , 0 , 0 , 0 , 0 , 0 , 
1e+200 , 0.138193 , 0.13969 , 0.133219 , 0.127088 , 0.128783 , 0.131257 , 0.12833 , 0.125686 , 0.131799 , 0.137908 , 0.131863 , 0.1215 , 0.111557 , 0.0871075 , 0 , 0 , 0 , 0 , 0 , 0 , 0 , 0 , 0 , 0 , 0 , 0 , 0 , 0 , 0 , 0 , 0 , 0 , 
1e+200 , 0.138142 , 0.139252 , 0.133202 , 0.127455 , 0.12706 , 0.12727 , 0.124994 , 0.123212 , 0.127685 , 0.13271 , 0.129672 , 0.124616 , 0.122818 , 0.112785 , 0.088066 , 0 , 0 , 0 , 0 , 0 , 0 , 0 , 0 , 0 , 0 , 0 , 0 , 0 , 0 , 0 , 0 , 0 , 
1e+200 , 0.138392 , 0.139209 , 0.13364 , 0.128326 , 0.126007 , 0.124137 , 0.122481 , 0.121385 , 0.124051 , 0.12743 , 0.125968 , 0.123843 , 0.12451 , 0.121288 , 0.11155 , 0.0871016 , 0 , 0 , 0 , 0 , 0 , 0 , 0 , 0 , 0 , 0 , 0 , 0 , 0 , 0 , 0 , 0 , 
1e+200 , 0.138857 , 0.139454 , 0.134424 , 0.129604 , 0.125498 , 0.121717 , 0.120717 , 0.120264 , 0.12115 , 0.122724 , 0.122083 , 0.121532 , 0.122357 , 0.121553 , 0.119962 , 0.110315 , 0.0861372 , 0 , 0 , 0 , 0 , 0 , 0 , 0 , 0 , 0 , 0 , 0 , 0 , 0 , 0 , 0 , 
1e+200 , 0.139497 , 0.13993 , 0.135484 , 0.131207 , 0.125425 , 0.119874 , 0.119598 , 0.119813 , 0.119026 , 0.118829 , 0.118655 , 0.118944 , 0.118781 , 0.118104 , 0.120332 , 0.118847 , 0.109594 , 0.0855743 , 0 , 0 , 0 , 0 , 0 , 0 , 0 , 0 , 0 , 0 , 0 , 0 , 0 , 0 , 
1e+200 , 0.140254 , 0.140567 , 0.136746 , 0.133057 , 0.125687 , 0.118477 , 0.118999 , 0.119942 , 0.117614 , 0.11576 , 0.115923 , 0.1167 , 0.115042 , 0.113375 , 0.117021 , 0.119322 , 0.118073 , 0.108873 , 0.0850114 , 0 , 0 , 0 , 0 , 0 , 0 , 0 , 0 , 0 , 0 , 0 , 0 , 0 , 
1e+200 , 0.141111 , 0.141337 , 0.138168 , 0.135103 , 0.126211 , 0.117427 , 0.118819 , 0.120558 , 0.116817 , 0.11344 , 0.113933 , 0.11506 , 0.111739 , 0.108601 , 0.112437 , 0.116144 , 0.117042 , 0.114293 , 0.10191 , 0.0795745 , 0 , 0 , 0 , 0 , 0 , 0 , 0 , 0 , 0 , 0 , 0 , 0 , 
1e+200 , 0.142031 , 0.142192 , 0.139702 , 0.137291 , 0.126926 , 0.116634 , 0.118957 , 0.121561 , 0.116519 , 0.111747 , 0.112621 , 0.114084 , 0.109097 , 0.104338 , 0.107797 , 0.111694 , 0.112472 , 0.111754 , 0.106814 , 0.0949471 , 0.0741376 , 0 , 0 , 0 , 0 , 0 , 0 , 0 , 0 , 0 , 0 , 0 , 
1e+200 , 0.143008 , 0.143123 , 0.141328 , 0.139592 , 0.127791 , 0.116037 , 0.119344 , 0.122874 , 0.116622 , 0.110567 , 0.111896 , 0.113737 , 0.107156 , 0.100781 , 0.103657 , 0.10718 , 0.106773 , 0.105879 , 0.104508 , 0.0998149 , 0.105762 , 0.0825826 , 0 , 0 , 0 , 0 , 0 , 0 , 0 , 0 , 0 , 0 , 
1e+200 , 0.144017 , 0.144099 , 0.143013 , 0.141972 , 0.128761 , 0.11558 , 0.119914 , 0.124421 , 0.117032 , 0.109784 , 0.111646 , 0.113937 , 0.105857 , 0.0979411 , 0.10021 , 0.103154 , 0.101132 , 0.0990515 , 0.0990806 , 0.0977423 , 0.111432 , 0.116578 , 0.0910275 , 0 , 0 , 0 , 0 , 0 , 0 , 0 , 0 , 0 , 
1e+200 , 0.145058 , 0.145116 , 0.144748 , 0.144414 , 0.129812 , 0.11523 , 0.120624 , 0.126152 , 0.117682 , 0.109312 , 0.111778 , 0.114595 , 0.105109 , 0.0957448 , 0.0974713 , 0.0998119 , 0.0960655 , 0.0924054 , 0.0927563 , 0.0927481 , 0.108483 , 0.121275 , 0.10076 , 0.0786762 , 0 , 0 , 0 , 0 , 0 , 0 , 0 , 0 , 
1e+200 , 0.146115 , 0.146156 , 0.146515 , 0.1469 , 0.130921 , 0.114954 , 0.121434 , 0.128016 , 0.118509 , 0.10907 , 0.112205 , 0.115618 , 0.104811 , 0.0940882 , 0.0953671 , 0.0971675 , 0.0917331 , 0.0864055 , 0.0865963 , 0.086908 , 0.10231 , 0.117448 , 0.104284 , 0.0849414 , 0.0663248 , 0 , 0 , 0 , 0 , 0 , 0 , 0 , 
1e+200 , 0.147188 , 0.147217 , 0.148308 , 0.149418 , 0.132072 , 0.114733 , 0.12232 , 0.129984 , 0.11947 , 0.109004 , 0.112858 , 0.116931 , 0.104871 , 0.0928669 , 0.0937976 , 0.0951519 , 0.0881221 , 0.0811732 , 0.0810364 , 0.0812148 , 0.0952499 , 0.110148 , 0.105863 , 0.0981284 , 0.0933421 , 0.0728843 , 0 , 0 , 0 , 0 , 0 , 0 , 
1e+200 , 0.148269 , 0.148289 , 0.150118 , 0.151959 , 0.133253 , 0.11455 , 0.123259 , 0.132025 , 0.120529 , 0.109065 , 0.113681 , 0.118466 , 0.105209 , 0.0919859 , 0.0926587 , 0.0936657 , 0.0851445 , 0.0766682 , 0.0761913 , 0.0760774 , 0.0884054 , 0.10194 , 0.104169 , 0.105124 , 0.107152 , 0.101743 , 0.0794439 , 0 , 0 , 0 , 0 , 0 , 
1e+200 , 0.149357 , 0.149372 , 0.15194 , 0.154518 , 0.134455 , 0.114395 , 0.124237 , 0.134122 , 0.121661 , 0.10922 , 0.114632 , 0.120172 , 0.105759 , 0.0913658 , 0.0918574 , 0.092607 , 0.0826895 , 0.0727854 , 0.0720245 , 0.0716049 , 0.0822189 , 0.0940154 , 0.101252 , 0.108714 , 0.105262 , 0.0984052 , 0.0978944 , 0.076439 , 0 , 0 , 0 , 0 , 
1e+200 , 0.15045 , 0.15046 , 0.15377 , 0.157088 , 0.135673 , 0.11426 , 0.125244 , 0.13626 , 0.122845 , 0.109444 , 0.115676 , 0.122005 , 0.106469 , 0.0909424 , 0.091315 , 0.0918835 , 0.0806491 , 0.0694053 , 0.068439 , 0.0677648 , 0.0767983 , 0.0868439 , 0.0981847 , 0.110655 , 0.100217 , 0.0876137 , 0.0942717 , 0.0940461 , 0.0734341 , 0 , 0 , 0 , 
1e+200 , 0.151546 , 0.151553 , 0.155607 , 0.159666 , 0.136902 , 0.114138 , 0.126271 , 0.138426 , 0.124067 , 0.109717 , 0.116789 , 0.123934 , 0.107298 , 0.0906655 , 0.0909682 , 0.0914177 , 0.0789283 , 0.0664158 , 0.0653232 , 0.0644673 , 0.0720956 , 0.0805286 , 0.095477 , 0.112009 , 0.0942333 , 0.0744587 , 0.0800906 , 0.083374 , 0.113764 , 0.0888304 , 0 , 0 , 
1e+200 , 0.152644 , 0.152649 , 0.157448 , 0.162251 , 0.138139 , 0.114027 , 0.127312 , 0.140614 , 0.125317 , 0.110026 , 0.117953 , 0.125934 , 0.108215 , 0.0904966 , 0.0907671 , 0.0911464 , 0.0774492 , 0.0637221 , 0.0625731 , 0.0616091 , 0.0680025 , 0.0750062 , 0.0933262 , 0.113375 , 0.0883801 , 0.0612604 , 0.0638725 , 0.0657967 , 0.104553 , 0.133482 , 0.104227 , 0 , 
1e+200 , 0.152641 , 0.152644 , 0.157441 , 0.16224 , 0.138125 , 0.114011 , 0.127286 , 0.140574 , 0.125267 , 0.109964 , 0.117858 , 0.125791 , 0.108043 , 0.0902951 , 0.090486 , 0.0907565 , 0.0769948 , 0.0632141 , 0.0619027 , 0.060734 , 0.0667434 , 0.0732336 , 0.090585 , 0.109376 , 0.0848078 , 0.0586098 , 0.0612419 , 0.0638531 , 0.104656 , 0.143374 , 0.133482 , 0.104227 , 

shifts ,
0 , 0 , 0 , 0 , 0 , 0 , 0 , 0 , 0 , 0 , 0 , 0 , 0 , 0 , 0 , 0 , 0 , 0 , 0 , 0 , 0 , 0 , 0 , 0 , 0 , 0 , 0 , 0 , 0 , 0 , 0 , 0 , 0 , 
0 , 0 , 0 , 0 , 0 , 0 , 0 , 0 , 0 , 0 , 0 , 0 , 0 , 0 , 0 , 0 , 0 , 0 , 0 , 0 , 0 , 0 , 0 , 0 , 0 , 0 , 0 , 0 , 0 , 0 , 0 , 0 , 0 , 
0 , 0 , 0 , 0 , 0 , 0 , 0 , 0 , 0 , 0 , 0 , 0 , 0 , 0 , 0 , 0 , 0 , 0 , 0 , 0 , 0 , 0 , 0 , 0 , 0 , 0 , 0 , 0 , 0 , 0 , 0 , 0 , 0 , 
0 , 0 , 0 , 0 , 0 , 0 , 0 , 0 , 0 , 0 , 0 , 0 , 0 , 0 , 0 , 0 , 0 , 0 , 0 , 0 , 0 , 0 , 0 , 0 , 0 , 0 , 0 , 0 , 0 , 0 , 0 , 0 , 0 , 
0 , 0 , 0 , 0 , 0 , 0 , 0 , 0 , 0 , 0 , 0 , 0 , 0 , 0 , 0 , 0 , 0 , 0 , 0 , 0 , 0 , 0 , 0 , 0 , 0 , 0 , 0 , 0 , 0 , 0 , 0 , 0 , 0 , 
0 , 0 , 0 , 0 , 0 , 0 , 0 , 0 , 0 , 0 , 0 , 0 , 0 , 0 , 0 , 0 , 0 , 0 , 0 , 0 , 0 , 0 , 0 , 0 , 0 , 0 , 0 , 0 , 0 , 0 , 0 , 0 , 0 , 
0 , 0 , 0 , 0 , 0 , 0 , 0 , 0 , 0 , 0 , 0 , 0 , 0 , 0 , 0 , 0 , 0 , 0 , 0 , 0 , 0 , 0 , 0 , 0 , 0 , 0 , 0 , 0 , 0 , 0 , 0 , 0 , 0 , 
0 , 0 , 0 , 0 , 0 , 0 , 0 , 0 , 0 , 0 , 0 , 0 , 0 , 0 , 0 , 0 , 0 , 0 , 0 , 0 , 0 , 0 , 0 , 0 , 0 , 0 , 0 , 0 , 0 , 0 , 0 , 0 , 0 , 
0 , 0 , 0 , 0 , 0 , 0 , 0 , 0 , 0 , 0 , 0 , 0 , 0 , 0 , 0 , 0 , 0 , 0 , 0 , 0 , 0 , 0 , 0 , 0 , 0 , 0 , 0 , 0 , 0 , 0 , 0 , 0 , 0 , 
0 , 0 , 0 , 0 , 0 , 0 , 0 , 0 , 0 , 0 , 0 , 0 , 0 , 0 , 0 , 0 , 0 , 0 , 0 , 0 , 0 , 0 , 0 , 0 , 0 , 0 , 0 , 0 , 0 , 0 , 0 , 0 , 0 , 
0 , 0 , 0 , 0 , 0 , 0 , 0 , 0 , 0 , 0 , 0 , 0 , 0 , 0 , 0 , 0 , 0 , 0 , 0 , 0 , 0 , 0 , 0 , 0 , 0 , 0 , 0 , 0 , 0 , 0 , 0 , 0 , 0 , 
0 , 0 , 0 , 0 , 0 , 0 , 0 , 0 , 0 , 0 , 0 , 0 , 0 , 0 , 0 , 0 , 0 , 0 , 0 , 0 , 0 , 0 , 0 , 0 , 0 , 0 , 0 , 0 , 0 , 0 , 0 , 0 , 0 , 
0 , 0 , 0 , 0 , 0 , 0 , 0 , 0 , 0 , 0 , 0 , 0 , 0 , 0 , 0 , 0 , 0 , 0 , 0 , 0 , 0 , 0 , 0 , 0 , 0 , 0 , 0 , 0 , 0 , 0 , 0 , 0 , 0 , 
0 , 0 , 0 , 0 , 0 , 0 , 0 , 0 , 0 , 0 , 0 , 0 , 0 , 0 , 0 , 0 , 0 , 0 , 0 , 0 , 0 , 0 , 0 , 0 , 0 , 0 , 0 , 0 , 0 , 0 , 0 , 0 , 0 , 
0 , 0 , 0 , 0 , 0 , 0 , 0 , 0 , 0 , 0 , 0 , 0 , 0 , 0 , 0 , 0 , 0 , 0 , 0 , 0 , 0 , 0 , 0 , 0 , 0 , 0 , 0 , 0 , 0 , 0 , 0 , 0 , 0 , 
0 , 0 , 0 , 0 , 0 , 0 , 0 , 0 , 0 , 0 , 0 , 0 , 0 , 0 , 0 , 0 , 0 , 0 , 0 , 0 , 0 , 0 , 0 , 0 , 0 , 0 , 0 , 0 , 0 , 0 , 0 , 0 , 0 , 
0 , 0 , 0 , 0 , 0 , 0 , 0 , 0 , 0 , 0 , 0 , 0 , 0 , 0 , 0 , 0 , 0 , 0 , 0 , 0 , 0 , 0 , 0 , 0 , 0 , 0 , 0 , 0 , 0 , 0 , 0 , 0 , 0 , 
0 , 0 , 0 , 0 , 0 , 0 , 0 , 0 , 0 , 0 , 0 , 0 , 0 , 0 , 0 , 0 , 0 , 0 , 0 , 0 , 0 , 0 , 0 , 0 , 0 , 0 , 0 , 0 , 0 , 0 , 0 , 0 , 0 , 
0 , 0 , 0 , 0 , 0 , 0 , 0 , 0 , 0 , 0 , 0 , 0 , 0 , 0 , 0 , 0 , 0 , 0 , 0 , 0 , 0 , 0 , 0 , 0 , 0 , 0 , 0 , 0 , 0 , 0 , 0 , 0 , 0 , 
0 , 0 , 0 , 0 , 0 , 0 , 0 , 0 , 0 , 0 , 0 , 0 , 0 , 0 , 0 , 0 , 0 , 0 , 0 , 0 , 0 , 0 , 0 , 0 , 0 , 0 , 0 , 0 , 0 , 0 , 0 , 0 , 0 , 
0 , 0 , 0 , 0 , 0 , 0 , 0 , 0 , 0 , 0 , 0 , 0 , 0 , 0 , 0 , 0 , 0 , 0 , 0 , 0 , 0 , 0 , 0 , 0 , 0 , 0 , 0 , 0 , 0 , 0 , 0 , 0 , 0 , 
0 , 0 , 0 , 0 , 0 , 0 , 0 , 0 , 0 , 0 , 0 , 0 , 0 , 0 , 0 , 0 , 0 , 0 , 0 , 0 , 0 , 0 , 0 , 0 , 0 , 0 , 0 , 0 , 0 , 0 , 0 , 0 , 0 , 
0 , 0 , 0 , 0 , 0 , 0 , 0 , 0 , 0 , 0 , 0 , 0 , 0 , 0 , 0 , 0 , 0 , 0 , 0 , 0 , 0 , 0 , 0 , 0 , 0 , 0 , 0 , 0 , 0 , 0 , 0 , 0 , 0 , 
0 , 0 , 0 , 0 , 0 , 0 , 0 , 0 , 0 , 0 , 0 , 0 , 0 , 0 , 0 , 0 , 0 , 0 , 0 , 0 , 0 , 0 , 0 , 0 , 0 , 0 , 0 , 0 , 0 , 0 , 0 , 0 , 0 , 
0 , 0 , 0 , 0 , 0 , 0 , 0 , 0 , 0 , 0 , 0 , 0 , 0 , 0 , 0 , 0 , 0 , 0 , 0 , 0 , 0 , 0 , 0 , 0 , 0 , 0 , 0 , 0 , 0 , 0 , 0 , 0 , 0 , 
0 , 0 , 0 , 0 , 0 , 0 , 0 , 0 , 0 , 0 , 0 , 0 , 0 , 0 , 0 , 0 , 0 , 0 , 0 , 0 , 0 , 0 , 0 , 0 , 0 , 0 , 0 , 0 , 0 , 0 , 0 , 0 , 0 , 
0 , 0 , 0 , 0 , 0 , 0 , 0 , 0 , 0 , 0 , 0 , 0 , 0 , 0 , 0 , 0 , 0 , 0 , 0 , 0 , 0 , 0 , 0 , 0 , 0 , 0 , 0 , 0 , 0 , 0 , 0 , 0 , 0 , 
0 , 0 , 0 , 0 , 0 , 0 , 0 , 0 , 0 , 0 , 0 , 0 , 0 , 0 , 0 , 0 , 0 , 0 , 0 , 0 , 0 , 0 , 0 , 0 , 0 , 0 , 0 , 0 , 0 , 0 , 0 , 0 , 0 , 
0 , 0 , 0 , 0 , 0 , 0 , 0 , 0 , 0 , 0 , 0 , 0 , 0 , 0 , 0 , 0 , 0 , 0 , 0 , 0 , 0 , 0 , 0 , 0 , 0 , 0 , 0 , 0 , 0 , 0 , 0 , 0 , 0 , 
0 , 0 , 0 , 0 , 0 , 0 , 0 , 0 , 0 , 0 , 0 , 0 , 0 , 0 , 0 , 0 , 0 , 0 , 0 , 0 , 0 , 0 , 0 , 0 , 0 , 0 , 0 , 0 , 0 , 0 , 0 , 0 , 0 , 
0 , 0 , 0 , 0 , 0 , 0 , 0 , 0 , 0 , 0 , 0 , 0 , 0 , 0 , 0 , 0 , 0 , 0 , 0 , 0 , 0 , 0 , 0 , 0 , 0 , 0 , 0 , 0 , 0 , 0 , 0 , 0 , 0 , 
0 , 0 , 0 , 0 , 0 , 0 , 0 , 0 , 0 , 0 , 0 , 0 , 0 , 0 , 0 , 0 , 0 , 0 , 0 , 0 , 0 , 0 , 0 , 0 , 0 , 0 , 0 , 0 , 0 , 0 , 0 , 0 , 0 , 
0 , 0 , 0 , 0 , 0 , 0 , 0 , 0 , 0 , 0 , 0 , 0 , 0 , 0 , 0 , 0 , 0 , 0 , 0 , 0 , 0 , 0 , 0 , 0 , 0 , 0 , 0 , 0 , 0 , 0 , 0 , 0 , 0 , 

