g ,
1e+100 , 0 , 0 , 0 , 0 , 0 , 0 , 0 , 0 , 0 , 0 , 0 , 0 , 0 , 0 , 0 , 0 , 0 , 0 , 0 , 0 , 0 , 0 , 0 , 0 , 0 , 0 , 0 , 0 , 0 , 0 , 0 , 0 , 
1e+100 , 1.09361 , 0 , 0 , 0 , 0 , 0 , 0 , 0 , 0 , 0 , 0 , 0 , 0 , 0 , 0 , 0 , 0 , 0 , 0 , 0 , 0 , 0 , 0 , 0 , 0 , 0 , 0 , 0 , 0 , 0 , 0 , 0 , 
1e+100 , 1.09361 , 1.09361 , 0 , 0 , 0 , 0 , 0 , 0 , 0 , 0 , 0 , 0 , 0 , 0 , 0 , 0 , 0 , 0 , 0 , 0 , 0 , 0 , 0 , 0 , 0 , 0 , 0 , 0 , 0 , 0 , 0 , 0 , 
1e+100 , 1.09361 , 1.09361 , 1.09361 , 0 , 0 , 0 , 0 , 0 , 0 , 0 , 0 , 0 , 0 , 0 , 0 , 0 , 0 , 0 , 0 , 0 , 0 , 0 , 0 , 0 , 0 , 0 , 0 , 0 , 0 , 0 , 0 , 0 , 
1e+100 , 0.991054 , 0.991054 , 1.06534 , 1.06534 , 0 , 0 , 0 , 0 , 0 , 0 , 0 , 0 , 0 , 0 , 0 , 0 , 0 , 0 , 0 , 0 , 0 , 0 , 0 , 0 , 0 , 0 , 0 , 0 , 0 , 0 , 0 , 0 , 
1e+100 , 0.888498 , 0.888498 , 0.962781 , 1.03706 , 1.03706 , 0 , 0 , 0 , 0 , 0 , 0 , 0 , 0 , 0 , 0 , 0 , 0 , 0 , 0 , 0 , 0 , 0 , 0 , 0 , 0 , 0 , 0 , 0 , 0 , 0 , 0 , 0 , 
1e+100 , 0.957425 , 0.957425 , 0.944781 , 0.932137 , 1.01605 , 1.01605 , 0 , 0 , 0 , 0 , 0 , 0 , 0 , 0 , 0 , 0 , 0 , 0 , 0 , 0 , 0 , 0 , 0 , 0 , 0 , 0 , 0 , 0 , 0 , 0 , 0 , 0 , 
1e+100 , 1.02635 , 1.02635 , 0.926781 , 0.82721 , 0.911127 , 0.995044 , 0.995044 , 0 , 0 , 0 , 0 , 0 , 0 , 0 , 0 , 0 , 0 , 0 , 0 , 0 , 0 , 0 , 0 , 0 , 0 , 0 , 0 , 0 , 0 , 0 , 0 , 0 , 
1e+100 , 1.03044 , 1.03044 , 0.96212 , 0.893801 , 0.889537 , 0.885272 , 0.975259 , 0.975259 , 0 , 0 , 0 , 0 , 0 , 0 , 0 , 0 , 0 , 0 , 0 , 0 , 0 , 0 , 0 , 0 , 0 , 0 , 0 , 0 , 0 , 0 , 0 , 0 , 
1e+100 , 1.03453 , 1.03453 , 0.997459 , 0.960392 , 0.867946 , 0.775501 , 0.865487 , 0.955474 , 0.955474 , 0 , 0 , 0 , 0 , 0 , 0 , 0 , 0 , 0 , 0 , 0 , 0 , 0 , 0 , 0 , 0 , 0 , 0 , 0 , 0 , 0 , 0 , 0 , 
1e+100 , 1.07268 , 1.07268 , 1.02017 , 0.967651 , 0.903494 , 0.839337 , 0.840804 , 0.842271 , 0.938368 , 0.938368 , 0 , 0 , 0 , 0 , 0 , 0 , 0 , 0 , 0 , 0 , 0 , 0 , 0 , 0 , 0 , 0 , 0 , 0 , 0 , 0 , 0 , 0 , 
1e+100 , 1.11084 , 1.11084 , 1.04288 , 0.974911 , 0.939043 , 0.903174 , 0.816121 , 0.729068 , 0.825166 , 0.921263 , 0.921263 , 0 , 0 , 0 , 0 , 0 , 0 , 0 , 0 , 0 , 0 , 0 , 0 , 0 , 0 , 0 , 0 , 0 , 0 , 0 , 0 , 0 , 
1e+100 , 1.10283 , 1.10283 , 1.05988 , 1.01693 , 0.964432 , 0.911936 , 0.851423 , 0.79091 , 0.798159 , 0.805407 , 0.90641 , 0.90641 , 0 , 0 , 0 , 0 , 0 , 0 , 0 , 0 , 0 , 0 , 0 , 0 , 0 , 0 , 0 , 0 , 0 , 0 , 0 , 0 , 
1e+100 , 1.09481 , 1.09481 , 1.07688 , 1.05894 , 0.989821 , 0.920699 , 0.886726 , 0.852753 , 0.771152 , 0.689551 , 0.790554 , 0.891557 , 0.891557 , 0 , 0 , 0 , 0 , 0 , 0 , 0 , 0 , 0 , 0 , 0 , 0 , 0 , 0 , 0 , 0 , 0 , 0 , 0 , 
1e+100 , 1.09213 , 1.09213 , 1.07326 , 1.05439 , 1.0096 , 0.964801 , 0.913509 , 0.862218 , 0.805589 , 0.74896 , 0.760898 , 0.772837 , 0.877927 , 0.877927 , 0 , 0 , 0 , 0 , 0 , 0 , 0 , 0 , 0 , 0 , 0 , 0 , 0 , 0 , 0 , 0 , 0 , 0 , 
1e+100 , 1.08946 , 1.08946 , 1.06965 , 1.04984 , 1.02937 , 1.0089 , 0.940292 , 0.871682 , 0.840025 , 0.808368 , 0.731242 , 0.654117 , 0.759207 , 0.864296 , 0.864296 , 0 , 0 , 0 , 0 , 0 , 0 , 0 , 0 , 0 , 0 , 0 , 0 , 0 , 0 , 0 , 0 , 0 , 
1e+100 , 1.0947 , 1.0947 , 1.07247 , 1.05023 , 1.02858 , 1.00693 , 0.962022 , 0.917114 , 0.867459 , 0.817805 , 0.764317 , 0.71083 , 0.726715 , 0.742601 , 0.851349 , 0.851349 , 0 , 0 , 0 , 0 , 0 , 0 , 0 , 0 , 0 , 0 , 0 , 0 , 0 , 0 , 0 , 0 , 
1e+100 , 1.09994 , 1.09994 , 1.07528 , 1.05062 , 1.02779 , 1.00496 , 0.983751 , 0.962545 , 0.894893 , 0.827241 , 0.797392 , 0.767542 , 0.694224 , 0.620907 , 0.729654 , 0.838402 , 0.838402 , 0 , 0 , 0 , 0 , 0 , 0 , 0 , 0 , 0 , 0 , 0 , 0 , 0 , 0 , 0 , 
1e+100 , 1.11247 , 1.11247 , 1.08561 , 1.05875 , 1.03345 , 1.00816 , 0.985509 , 0.962858 , 0.918287 , 0.873716 , 0.825283 , 0.776851 , 0.725957 , 0.675063 , 0.694439 , 0.713815 , 0.825738 , 0.825738 , 0 , 0 , 0 , 0 , 0 , 0 , 0 , 0 , 0 , 0 , 0 , 0 , 0 , 0 , 
1e+100 , 1.12499 , 1.12499 , 1.09593 , 1.06688 , 1.03912 , 1.01136 , 0.987268 , 0.963171 , 0.941681 , 0.92019 , 0.853175 , 0.78616 , 0.757689 , 0.729219 , 0.659224 , 0.589229 , 0.701151 , 0.813074 , 0.813074 , 0 , 0 , 0 , 0 , 0 , 0 , 0 , 0 , 0 , 0 , 0 , 0 , 0 , 
1e+100 , 1.10532 , 1.10532 , 1.09359 , 1.08186 , 1.05196 , 1.02205 , 0.995414 , 0.968775 , 0.945609 , 0.922443 , 0.877977 , 0.833511 , 0.785996 , 0.738481 , 0.689809 , 0.641136 , 0.663557 , 0.685978 , 0.801187 , 0.801187 , 0 , 0 , 0 , 0 , 0 , 0 , 0 , 0 , 0 , 0 , 0 , 0 , 
1e+100 , 1.08565 , 1.08565 , 1.09125 , 1.09685 , 1.0648 , 1.03274 , 1.00356 , 0.974379 , 0.949538 , 0.924697 , 0.902779 , 0.880862 , 0.814302 , 0.747743 , 0.720393 , 0.693043 , 0.625963 , 0.558882 , 0.674092 , 0.789301 , 0.789301 , 0 , 0 , 0 , 0 , 0 , 0 , 0 , 0 , 0 , 0 , 0 , 
1e+100 , 1.13184 , 1.13184 , 1.10586 , 1.07988 , 1.06526 , 1.05064 , 1.01935 , 0.988063 , 0.960691 , 0.93332 , 0.909611 , 0.885902 , 0.841519 , 0.797136 , 0.750424 , 0.703712 , 0.656976 , 0.61024 , 0.635652 , 0.661063 , 0.779478 , 0.779478 , 0 , 0 , 0 , 0 , 0 , 0 , 0 , 0 , 0 , 0 , 
1e+100 , 1.17803 , 1.17803 , 1.12047 , 1.0629 , 1.06572 , 1.06853 , 1.03514 , 1.00175 , 0.971845 , 0.941943 , 0.916442 , 0.890942 , 0.868736 , 0.846529 , 0.780455 , 0.71438 , 0.687989 , 0.661598 , 0.597211 , 0.532825 , 0.65124 , 0.769655 , 0.769655 , 0 , 0 , 0 , 0 , 0 , 0 , 0 , 0 , 0 , 
1e+100 , 1.09518 , 1.09518 , 1.10356 , 1.11194 , 1.08344 , 1.05494 , 1.03908 , 1.02322 , 0.991278 , 0.95934 , 0.931406 , 0.903472 , 0.879423 , 0.855373 , 0.811199 , 0.767025 , 0.721061 , 0.675097 , 0.630162 , 0.585228 , 0.613323 , 0.641418 , 0.762177 , 0.762177 , 0 , 0 , 0 , 0 , 0 , 0 , 0 , 0 , 
1e+100 , 1.01233 , 1.01233 , 1.08666 , 1.16098 , 1.10117 , 1.04135 , 1.04302 , 1.04468 , 1.01071 , 0.976738 , 0.94637 , 0.916001 , 0.89011 , 0.864218 , 0.841944 , 0.81967 , 0.754133 , 0.688595 , 0.663113 , 0.63763 , 0.575406 , 0.513181 , 0.63394 , 0.754699 , 0.754699 , 0 , 0 , 0 , 0 , 0 , 0 , 0 , 
1e+100 , 1.04421 , 1.04421 , 1.06257 , 1.08093 , 1.08721 , 1.09349 , 1.06399 , 1.03448 , 1.0181 , 1.00173 , 0.969404 , 0.93708 , 0.908844 , 0.880609 , 0.856453 , 0.832298 , 0.788437 , 0.744576 , 0.699349 , 0.654122 , 0.610625 , 0.567129 , 0.597103 , 0.627077 , 0.749517 , 0.749517 , 0 , 0 , 0 , 0 , 0 , 0 , 
1e+100 , 1.07609 , 1.07609 , 1.03849 , 1.00088 , 1.07326 , 1.14564 , 1.08496 , 1.02427 , 1.0255 , 1.02672 , 0.992439 , 0.958158 , 0.927579 , 0.897 , 0.870963 , 0.844926 , 0.822742 , 0.800558 , 0.735585 , 0.670613 , 0.645845 , 0.621077 , 0.560266 , 0.499455 , 0.621895 , 0.744335 , 0.744335 , 0 , 0 , 0 , 0 , 0 , 
1e+100 , 1.02262 , 1.02262 , 1.02895 , 1.03528 , 1.05213 , 1.06898 , 1.07448 , 1.07998 , 1.05014 , 1.0203 , 1.00367 , 0.987051 , 0.954576 , 0.9221 , 0.893778 , 0.865456 , 0.841342 , 0.817229 , 0.773733 , 0.730237 , 0.685576 , 0.640914 , 0.59829 , 0.555666 , 0.586855 , 0.618045 , 0.741574 , 0.741574 , 0 , 0 , 0 , 0 , 
1e+100 , 0.969148 , 0.969148 , 1.01941 , 1.06967 , 1.031 , 0.992329 , 1.06401 , 1.13569 , 1.07478 , 1.01387 , 1.01491 , 1.01594 , 0.981572 , 0.947201 , 0.916594 , 0.885986 , 0.859943 , 0.8339 , 0.811881 , 0.789862 , 0.725306 , 0.660751 , 0.636314 , 0.611877 , 0.551816 , 0.491755 , 0.615284 , 0.738814 , 0.738814 , 0 , 0 , 0 , 
1e+100 , 0.876273 , 0.876273 , 0.947319 , 1.01837 , 1.02397 , 1.02958 , 1.04598 , 1.06239 , 1.0677 , 1.07301 , 1.04306 , 1.01311 , 0.996424 , 0.979737 , 0.947251 , 0.914765 , 0.886449 , 0.858133 , 0.834116 , 0.8101 , 0.766859 , 0.723619 , 0.679189 , 0.63476 , 0.592545 , 0.55033 , 0.582188 , 0.614045 , 0.738036 , 0.738036 , 0 , 0 , 
1e+100 , 0.783398 , 0.783398 , 0.875228 , 0.967059 , 1.01695 , 1.06684 , 1.02796 , 0.989083 , 1.06061 , 1.13214 , 1.07121 , 1.01028 , 1.01128 , 1.01227 , 0.977908 , 0.943544 , 0.912955 , 0.882365 , 0.856351 , 0.830337 , 0.808412 , 0.786487 , 0.722065 , 0.657643 , 0.633274 , 0.608906 , 0.549091 , 0.489276 , 0.613267 , 0.737258 , 0.737258 , 0 , 
1e+100 , 0.783398 , 0.783398 , 0.875228 , 0.967059 , 1.01695 , 1.06684 , 1.02796 , 0.989083 , 1.06061 , 1.13214 , 1.07121 , 1.01028 , 1.01128 , 1.01227 , 0.977908 , 0.943544 , 0.912955 , 0.882365 , 0.856351 , 0.830337 , 0.808412 , 0.786487 , 0.722065 , 0.657643 , 0.633274 , 0.608906 , 0.549091 , 0.489276 , 0.613267 , 0.737258 , 0.737258 , 0.737258 , 

h ,
1e+100 , 0 , 0 , 0 , 0 , 0 , 0 , 0 , 0 , 0 , 0 , 0 , 0 , 0 , 0 , 0 , 0 , 0 , 0 , 0 , 0 , 0 , 0 , 0 , 0 , 0 , 0 , 0 , 0 , 0 , 0 , 0 , 0 , 
1e+100 , 0.120859 , 0 , 0 , 0 , 0 , 0 , 0 , 0 , 0 , 0 , 0 , 0 , 0 , 0 , 0 , 0 , 0 , 0 , 0 , 0 , 0 , 0 , 0 , 0 , 0 , 0 , 0 , 0 , 0 , 0 , 0 , 0 , 
1e+100 , 0.154783 , 0.120859 , 0 , 0 , 0 , 0 , 0 , 0 , 0 , 0 , 0 , 0 , 0 , 0 , 0 , 0 , 0 , 0 , 0 , 0 , 0 , 0 , 0 , 0 , 0 , 0 , 0 , 0 , 0 , 0 , 0 , 0 , 
1e+100 , 0.166254 , 0.154783 , 0.120859 , 0 , 0 , 0 , 0 , 0 , 0 , 0 , 0 , 0 , 0 , 0 , 0 , 0 , 0 , 0 , 0 , 0 , 0 , 0 , 0 , 0 , 0 , 0 , 0 , 0 , 0 , 0 , 0 , 0 , 
1e+100 , 0.166418 , 0.166254 , 0.154783 , 0.120859 , 0 , 0 , 0 , 0 , 0 , 0 , 0 , 0 , 0 , 0 , 0 , 0 , 0 , 0 , 0 , 0 , 0 , 0 , 0 , 0 , 0 , 0 , 0 , 0 , 0 , 0 , 0 , 0 , 
1e+100 , 0.161502 , 0.166418 , 0.166254 , 0.154783 , 0.120859 , 0 , 0 , 0 , 0 , 0 , 0 , 0 , 0 , 0 , 0 , 0 , 0 , 0 , 0 , 0 , 0 , 0 , 0 , 0 , 0 , 0 , 0 , 0 , 0 , 0 , 0 , 0 , 
1e+100 , 0.154851 , 0.161502 , 0.166418 , 0.166254 , 0.154783 , 0.120859 , 0 , 0 , 0 , 0 , 0 , 0 , 0 , 0 , 0 , 0 , 0 , 0 , 0 , 0 , 0 , 0 , 0 , 0 , 0 , 0 , 0 , 0 , 0 , 0 , 0 , 0 , 
1e+100 , 0.148151 , 0.154851 , 0.161502 , 0.166418 , 0.166254 , 0.154783 , 0.120859 , 0 , 0 , 0 , 0 , 0 , 0 , 0 , 0 , 0 , 0 , 0 , 0 , 0 , 0 , 0 , 0 , 0 , 0 , 0 , 0 , 0 , 0 , 0 , 0 , 0 , 
1e+100 , 0.142163 , 0.148151 , 0.154851 , 0.161502 , 0.166418 , 0.166254 , 0.154783 , 0.120859 , 0 , 0 , 0 , 0 , 0 , 0 , 0 , 0 , 0 , 0 , 0 , 0 , 0 , 0 , 0 , 0 , 0 , 0 , 0 , 0 , 0 , 0 , 0 , 0 , 
1e+100 , 0.137149 , 0.142163 , 0.148151 , 0.154851 , 0.161502 , 0.166418 , 0.166254 , 0.154783 , 0.120859 , 0 , 0 , 0 , 0 , 0 , 0 , 0 , 0 , 0 , 0 , 0 , 0 , 0 , 0 , 0 , 0 , 0 , 0 , 0 , 0 , 0 , 0 , 0 , 
1e+100 , 0.133121 , 0.137149 , 0.142163 , 0.148151 , 0.154851 , 0.161502 , 0.166418 , 0.166254 , 0.154783 , 0.120859 , 0 , 0 , 0 , 0 , 0 , 0 , 0 , 0 , 0 , 0 , 0 , 0 , 0 , 0 , 0 , 0 , 0 , 0 , 0 , 0 , 0 , 0 , 
1e+100 , 0.129975 , 0.133121 , 0.137149 , 0.142163 , 0.148151 , 0.154851 , 0.161502 , 0.166418 , 0.166254 , 0.154783 , 0.120859 , 0 , 0 , 0 , 0 , 0 , 0 , 0 , 0 , 0 , 0 , 0 , 0 , 0 , 0 , 0 , 0 , 0 , 0 , 0 , 0 , 0 , 
1e+100 , 0.127568 , 0.129975 , 0.133121 , 0.137149 , 0.142163 , 0.148151 , 0.154851 , 0.161502 , 0.166418 , 0.166254 , 0.154783 , 0.120859 , 0 , 0 , 0 , 0 , 0 , 0 , 0 , 0 , 0 , 0 , 0 , 0 , 0 , 0 , 0 , 0 , 0 , 0 , 0 , 0 , 
1e+100 , 0.125756 , 0.127568 , 0.129975 , 0.133121 , 0.137149 , 0.142163 , 0.148151 , 0.154851 , 0.161502 , 0.166418 , 0.166254 , 0.154783 , 0.120859 , 0 , 0 , 0 , 0 , 0 , 0 , 0 , 0 , 0 , 0 , 0 , 0 , 0 , 0 , 0 , 0 , 0 , 0 , 0 , 
1e+100 , 0.124409 , 0.125756 , 0.127568 , 0.129975 , 0.133121 , 0.137149 , 0.142163 , 0.148151 , 0.154851 , 0.161502 , 0.166418 , 0.166254 , 0.154783 , 0.120859 , 0 , 0 , 0 , 0 , 0 , 0 , 0 , 0 , 0 , 0 , 0 , 0 , 0 , 0 , 0 , 0 , 0 , 0 , 
1e+100 , 0.123417 , 0.124409 , 0.125756 , 0.127568 , 0.129975 , 0.133121 , 0.137149 , 0.142163 , 0.148151 , 0.154851 , 0.161502 , 0.166418 , 0.166254 , 0.154783 , 0.120859 , 0 , 0 , 0 , 0 , 0 , 0 , 0 , 0 , 0 , 0 , 0 , 0 , 0 , 0 , 0 , 0 , 0 , 
1e+100 , 0.122693 , 0.123417 , 0.124409 , 0.125756 , 0.127568 , 0.129975 , 0.133121 , 0.137149 , 0.142163 , 0.148151 , 0.154851 , 0.161502 , 0.166418 , 0.166254 , 0.154783 , 0.120859 , 0 , 0 , 0 , 0 , 0 , 0 , 0 , 0 , 0 , 0 , 0 , 0 , 0 , 0 , 0 , 0 , 
1e+100 , 0.122168 , 0.122693 , 0.123417 , 0.124409 , 0.125756 , 0.127568 , 0.129975 , 0.133121 , 0.137149 , 0.142163 , 0.148151 , 0.154851 , 0.161502 , 0.166418 , 0.166254 , 0.154783 , 0.120859 , 0 , 0 , 0 , 0 , 0 , 0 , 0 , 0 , 0 , 0 , 0 , 0 , 0 , 0 , 0 , 
1e+100 , 0.12179 , 0.122168 , 0.122693 , 0.123417 , 0.124409 , 0.125756 , 0.127568 , 0.129975 , 0.133121 , 0.137149 , 0.142163 , 0.148151 , 0.154851 , 0.161502 , 0.166418 , 0.166254 , 0.154783 , 0.120859 , 0 , 0 , 0 , 0 , 0 , 0 , 0 , 0 , 0 , 0 , 0 , 0 , 0 , 0 , 
1e+100 , 0.121518 , 0.12179 , 0.122168 , 0.122693 , 0.123417 , 0.124409 , 0.125756 , 0.127568 , 0.129975 , 0.133121 , 0.137149 , 0.142163 , 0.148151 , 0.154851 , 0.161502 , 0.166418 , 0.166254 , 0.154783 , 0.120859 , 0 , 0 , 0 , 0 , 0 , 0 , 0 , 0 , 0 , 0 , 0 , 0 , 0 , 
1e+100 , 0.121325 , 0.121518 , 0.12179 , 0.122168 , 0.122693 , 0.123417 , 0.124409 , 0.125756 , 0.127568 , 0.129975 , 0.133121 , 0.137149 , 0.142163 , 0.148151 , 0.154851 , 0.161502 , 0.166418 , 0.166254 , 0.154783 , 0.120859 , 0 , 0 , 0 , 0 , 0 , 0 , 0 , 0 , 0 , 0 , 0 , 0 , 
1e+100 , 0.121187 , 0.121325 , 0.121518 , 0.12179 , 0.122168 , 0.122693 , 0.123417 , 0.124409 , 0.125756 , 0.127568 , 0.129975 , 0.133121 , 0.137149 , 0.142163 , 0.148151 , 0.154851 , 0.161502 , 0.166418 , 0.166254 , 0.154783 , 0.120859 , 0 , 0 , 0 , 0 , 0 , 0 , 0 , 0 , 0 , 0 , 0 , 
1e+100 , 0.12109 , 0.121187 , 0.121325 , 0.121518 , 0.12179 , 0.122168 , 0.122693 , 0.123417 , 0.124409 , 0.125756 , 0.127568 , 0.129975 , 0.133121 , 0.137149 , 0.142163 , 0.148151 , 0.154851 , 0.161502 , 0.166418 , 0.166254 , 0.154783 , 0.120859 , 0 , 0 , 0 , 0 , 0 , 0 , 0 , 0 , 0 , 0 , 
1e+100 , 0.121021 , 0.12109 , 0.121187 , 0.121325 , 0.121518 , 0.12179 , 0.122168 , 0.122693 , 0.123417 , 0.124409 , 0.125756 , 0.127568 , 0.129975 , 0.133121 , 0.137149 , 0.142163 , 0.148151 , 0.154851 , 0.161502 , 0.166418 , 0.166254 , 0.154783 , 0.120859 , 0 , 0 , 0 , 0 , 0 , 0 , 0 , 0 , 0 , 
1e+100 , 0.120972 , 0.121021 , 0.12109 , 0.121187 , 0.121325 , 0.121518 , 0.12179 , 0.122168 , 0.122693 , 0.123417 , 0.124409 , 0.125756 , 0.127568 , 0.129975 , 0.133121 , 0.137149 , 0.142163 , 0.148151 , 0.154851 , 0.161502 , 0.166418 , 0.166254 , 0.154783 , 0.120859 , 0 , 0 , 0 , 0 , 0 , 0 , 0 , 0 , 
1e+100 , 0.120938 , 0.120972 , 0.121021 , 0.12109 , 0.121187 , 0.121325 , 0.121518 , 0.12179 , 0.122168 , 0.122693 , 0.123417 , 0.124409 , 0.125756 , 0.127568 , 0.129975 , 0.133121 , 0.137149 , 0.142163 , 0.148151 , 0.154851 , 0.161502 , 0.166418 , 0.166254 , 0.154783 , 0.120859 , 0 , 0 , 0 , 0 , 0 , 0 , 0 , 
1e+100 , 0.120914 , 0.120938 , 0.120972 , 0.121021 , 0.12109 , 0.121187 , 0.121325 , 0.121518 , 0.12179 , 0.122168 , 0.122693 , 0.123417 , 0.124409 , 0.125756 , 0.127568 , 0.129975 , 0.133121 , 0.137149 , 0.142163 , 0.148151 , 0.154851 , 0.161502 , 0.166418 , 0.166254 , 0.154783 , 0.120859 , 0 , 0 , 0 , 0 , 0 , 0 , 
1e+100 , 0.120898 , 0.120914 , 0.120938 , 0.120972 , 0.121021 , 0.12109 , 0.121187 , 0.121325 , 0.121518 , 0.12179 , 0.122168 , 0.122693 , 0.123417 , 0.124409 , 0.125756 , 0.127568 , 0.129975 , 0.133121 , 0.137149 , 0.142163 , 0.148151 , 0.154851 , 0.161502 , 0.166418 , 0.166254 , 0.154783 , 0.120859 , 0 , 0 , 0 , 0 , 0 , 
1e+100 , 0.120886 , 0.120898 , 0.120914 , 0.120938 , 0.120972 , 0.121021 , 0.12109 , 0.121187 , 0.121325 , 0.121518 , 0.12179 , 0.122168 , 0.122693 , 0.123417 , 0.124409 , 0.125756 , 0.127568 , 0.129975 , 0.133121 , 0.137149 , 0.142163 , 0.148151 , 0.154851 , 0.161502 , 0.166418 , 0.166254 , 0.154783 , 0.120859 , 0 , 0 , 0 , 0 , 
1e+100 , 0.120878 , 0.120886 , 0.120898 , 0.120914 , 0.120938 , 0.120972 , 0.121021 , 0.12109 , 0.121187 , 0.121325 , 0.121518 , 0.12179 , 0.122168 , 0.122693 , 0.123417 , 0.124409 , 0.125756 , 0.127568 , 0.129975 , 0.133121 , 0.137149 , 0.142163 , 0.148151 , 0.154851 , 0.161502 , 0.166418 , 0.166254 , 0.154783 , 0.120859 , 0 , 0 , 0 , 
1e+100 , 0.120872 , 0.120878 , 0.120886 , 0.120898 , 0.120914 , 0.120938 , 0.120972 , 0.121021 , 0.12109 , 0.121187 , 0.121325 , 0.121518 , 0.12179 , 0.122168 , 0.122693 , 0.123417 , 0.124409 , 0.125756 , 0.127568 , 0.129975 , 0.133121 , 0.137149 , 0.142163 , 0.148151 , 0.154851 , 0.161502 , 0.166418 , 0.166254 , 0.154783 , 0.120859 , 0 , 0 , 
1e+100 , 0.120868 , 0.120872 , 0.120878 , 0.120886 , 0.120898 , 0.120914 , 0.120938 , 0.120972 , 0.121021 , 0.12109 , 0.121187 , 0.121325 , 0.121518 , 0.12179 , 0.122168 , 0.122693 , 0.123417 , 0.124409 , 0.125756 , 0.127568 , 0.129975 , 0.133121 , 0.137149 , 0.142163 , 0.148151 , 0.154851 , 0.161502 , 0.166418 , 0.166254 , 0.154783 , 0.120859 , 0 , 
1e+100 , 0.120866 , 0.120868 , 0.120872 , 0.120878 , 0.120886 , 0.120898 , 0.120914 , 0.120938 , 0.120972 , 0.121021 , 0.12109 , 0.121187 , 0.121325 , 0.121518 , 0.12179 , 0.122168 , 0.122693 , 0.123417 , 0.124409 , 0.125756 , 0.127568 , 0.129975 , 0.133121 , 0.137149 , 0.142163 , 0.148151 , 0.154851 , 0.161502 , 0.166418 , 0.166254 , 0.154783 , 0.120859 , 

h*g ,
1e+200 , 0 , 0 , 0 , 0 , 0 , 0 , 0 , 0 , 0 , 0 , 0 , 0 , 0 , 0 , 0 , 0 , 0 , 0 , 0 , 0 , 0 , 0 , 0 , 0 , 0 , 0 , 0 , 0 , 0 , 0 , 0 , 0 , 
1e+200 , 0.132173 , 0 , 0 , 0 , 0 , 0 , 0 , 0 , 0 , 0 , 0 , 0 , 0 , 0 , 0 , 0 , 0 , 0 , 0 , 0 , 0 , 0 , 0 , 0 , 0 , 0 , 0 , 0 , 0 , 0 , 0 , 0 , 
1e+200 , 0.169272 , 0.132173 , 0 , 0 , 0 , 0 , 0 , 0 , 0 , 0 , 0 , 0 , 0 , 0 , 0 , 0 , 0 , 0 , 0 , 0 , 0 , 0 , 0 , 0 , 0 , 0 , 0 , 0 , 0 , 0 , 0 , 0 , 
1e+200 , 0.181817 , 0.169272 , 0.132173 , 0 , 0 , 0 , 0 , 0 , 0 , 0 , 0 , 0 , 0 , 0 , 0 , 0 , 0 , 0 , 0 , 0 , 0 , 0 , 0 , 0 , 0 , 0 , 0 , 0 , 0 , 0 , 0 , 0 , 
1e+200 , 0.164929 , 0.164767 , 0.164896 , 0.128756 , 0 , 0 , 0 , 0 , 0 , 0 , 0 , 0 , 0 , 0 , 0 , 0 , 0 , 0 , 0 , 0 , 0 , 0 , 0 , 0 , 0 , 0 , 0 , 0 , 0 , 0 , 0 , 0 , 
1e+200 , 0.143495 , 0.147862 , 0.160066 , 0.16052 , 0.125339 , 0 , 0 , 0 , 0 , 0 , 0 , 0 , 0 , 0 , 0 , 0 , 0 , 0 , 0 , 0 , 0 , 0 , 0 , 0 , 0 , 0 , 0 , 0 , 0 , 0 , 0 , 0 , 
1e+200 , 0.148258 , 0.154626 , 0.157229 , 0.154972 , 0.157268 , 0.1228 , 0 , 0 , 0 , 0 , 0 , 0 , 0 , 0 , 0 , 0 , 0 , 0 , 0 , 0 , 0 , 0 , 0 , 0 , 0 , 0 , 0 , 0 , 0 , 0 , 0 , 0 , 
1e+200 , 0.152055 , 0.158932 , 0.149677 , 0.137663 , 0.151479 , 0.154016 , 0.12026 , 0 , 0 , 0 , 0 , 0 , 0 , 0 , 0 , 0 , 0 , 0 , 0 , 0 , 0 , 0 , 0 , 0 , 0 , 0 , 0 , 0 , 0 , 0 , 0 , 0 , 
1e+200 , 0.14649 , 0.15266 , 0.148985 , 0.144351 , 0.148035 , 0.14718 , 0.150954 , 0.117869 , 0 , 0 , 0 , 0 , 0 , 0 , 0 , 0 , 0 , 0 , 0 , 0 , 0 , 0 , 0 , 0 , 0 , 0 , 0 , 0 , 0 , 0 , 0 , 0 , 
1e+200 , 0.141884 , 0.147071 , 0.147774 , 0.148717 , 0.140175 , 0.129057 , 0.143891 , 0.147891 , 0.115478 , 0 , 0 , 0 , 0 , 0 , 0 , 0 , 0 , 0 , 0 , 0 , 0 , 0 , 0 , 0 , 0 , 0 , 0 , 0 , 0 , 0 , 0 , 0 , 
1e+200 , 0.142797 , 0.147118 , 0.14503 , 0.143358 , 0.139907 , 0.135555 , 0.139925 , 0.140031 , 0.145244 , 0.113411 , 0 , 0 , 0 , 0 , 0 , 0 , 0 , 0 , 0 , 0 , 0 , 0 , 0 , 0 , 0 , 0 , 0 , 0 , 0 , 0 , 0 , 0 , 
1e+200 , 0.144381 , 0.147876 , 0.14303 , 0.138596 , 0.13912 , 0.139857 , 0.131806 , 0.12133 , 0.137187 , 0.142596 , 0.111343 , 0 , 0 , 0 , 0 , 0 , 0 , 0 , 0 , 0 , 0 , 0 , 0 , 0 , 0 , 0 , 0 , 0 , 0 , 0 , 0 , 0 , 
1e+200 , 0.140685 , 0.143339 , 0.141092 , 0.139471 , 0.137106 , 0.135104 , 0.131844 , 0.127734 , 0.132828 , 0.133902 , 0.140297 , 0.109548 , 0 , 0 , 0 , 0 , 0 , 0 , 0 , 0 , 0 , 0 , 0 , 0 , 0 , 0 , 0 , 0 , 0 , 0 , 0 , 0 , 
1e+200 , 0.137679 , 0.139663 , 0.139967 , 0.140967 , 0.135753 , 0.130889 , 0.131369 , 0.132049 , 0.124543 , 0.114754 , 0.131433 , 0.137998 , 0.107753 , 0 , 0 , 0 , 0 , 0 , 0 , 0 , 0 , 0 , 0 , 0 , 0 , 0 , 0 , 0 , 0 , 0 , 0 , 0 , 
1e+200 , 0.135871 , 0.137342 , 0.136914 , 0.137045 , 0.134398 , 0.132322 , 0.129867 , 0.127738 , 0.124746 , 0.120959 , 0.126627 , 0.128488 , 0.135888 , 0.106106 , 0 , 0 , 0 , 0 , 0 , 0 , 0 , 0 , 0 , 0 , 0 , 0 , 0 , 0 , 0 , 0 , 0 , 0 , 
1e+200 , 0.134458 , 0.135538 , 0.134515 , 0.133927 , 0.133793 , 0.134306 , 0.12896 , 0.123921 , 0.12445 , 0.125176 , 0.118097 , 0.108857 , 0.126221 , 0.133778 , 0.104458 , 0 , 0 , 0 , 0 , 0 , 0 , 0 , 0 , 0 , 0 , 0 , 0 , 0 , 0 , 0 , 0 , 0 , 
1e+200 , 0.134312 , 0.135104 , 0.133424 , 0.132073 , 0.131214 , 0.130875 , 0.128065 , 0.125781 , 0.12332 , 0.121158 , 0.118355 , 0.114801 , 0.120939 , 0.123461 , 0.131774 , 0.102894 , 0 , 0 , 0 , 0 , 0 , 0 , 0 , 0 , 0 , 0 , 0 , 0 , 0 , 0 , 0 , 0 , 
1e+200 , 0.134378 , 0.134955 , 0.132708 , 0.130706 , 0.129251 , 0.128201 , 0.127863 , 0.128135 , 0.122734 , 0.117603 , 0.118134 , 0.118855 , 0.112119 , 0.10333 , 0.121308 , 0.12977 , 0.101329 , 0 , 0 , 0 , 0 , 0 , 0 , 0 , 0 , 0 , 0 , 0 , 0 , 0 , 0 , 0 , 
1e+200 , 0.135487 , 0.135908 , 0.133196 , 0.130667 , 0.128571 , 0.126782 , 0.12572 , 0.125147 , 0.122243 , 0.119829 , 0.117324 , 0.115091 , 0.112415 , 0.109024 , 0.115567 , 0.118675 , 0.12781 , 0.0997982 , 0 , 0 , 0 , 0 , 0 , 0 , 0 , 0 , 0 , 0 , 0 , 0 , 0 , 0 , 
1e+200 , 0.136707 , 0.137012 , 0.133888 , 0.130898 , 0.128245 , 0.125822 , 0.124155 , 0.12287 , 0.122395 , 0.122496 , 0.117012 , 0.111763 , 0.112252 , 0.11292 , 0.106466 , 0.0980584 , 0.116569 , 0.12585 , 0.0982676 , 0 , 0 , 0 , 0 , 0 , 0 , 0 , 0 , 0 , 0 , 0 , 0 , 0 , 
1e+200 , 0.134103 , 0.134317 , 0.133188 , 0.132169 , 0.129068 , 0.126138 , 0.123838 , 0.121829 , 0.12063 , 0.119894 , 0.116877 , 0.114315 , 0.111739 , 0.109407 , 0.106817 , 0.103545 , 0.110428 , 0.114047 , 0.12401 , 0.096831 , 0 , 0 , 0 , 0 , 0 , 0 , 0 , 0 , 0 , 0 , 0 , 0 , 
1e+200 , 0.131567 , 0.131717 , 0.132607 , 0.133585 , 0.130084 , 0.12671 , 0.123856 , 0.121221 , 0.11941 , 0.117962 , 0.117338 , 0.117261 , 0.111681 , 0.106301 , 0.106727 , 0.107318 , 0.101095 , 0.0930082 , 0.112071 , 0.122171 , 0.0953945 , 0 , 0 , 0 , 0 , 0 , 0 , 0 , 0 , 0 , 0 , 0 , 
1e+200 , 0.137054 , 0.137165 , 0.134168 , 0.131225 , 0.129737 , 0.128354 , 0.125067 , 0.121944 , 0.119518 , 0.117371 , 0.116037 , 0.115145 , 0.112024 , 0.109326 , 0.106682 , 0.104255 , 0.101733 , 0.0985553 , 0.105784 , 0.109905 , 0.12065 , 0.0942073 , 0 , 0 , 0 , 0 , 0 , 0 , 0 , 0 , 0 , 0 , 
1e+200 , 0.142566 , 0.142647 , 0.135786 , 0.128957 , 0.129504 , 0.130136 , 0.126461 , 0.122907 , 0.119942 , 0.117186 , 0.115248 , 0.113656 , 0.112914 , 0.112691 , 0.107039 , 0.101558 , 0.101926 , 0.102449 , 0.0964511 , 0.0886717 , 0.108271 , 0.11913 , 0.0930201 , 0 , 0 , 0 , 0 , 0 , 0 , 0 , 0 , 0 , 
1e+200 , 0.132486 , 0.13254 , 0.13363 , 0.134753 , 0.131448 , 0.128195 , 0.126549 , 0.125004 , 0.121623 , 0.118399 , 0.115875 , 0.113617 , 0.112186 , 0.111177 , 0.107987 , 0.105197 , 0.102508 , 0.100016 , 0.0975811 , 0.0945156 , 0.102068 , 0.106639 , 0.117972 , 0.0921163 , 0 , 0 , 0 , 0 , 0 , 0 , 0 , 0 , 
1e+200 , 0.12243 , 0.122464 , 0.131508 , 0.140583 , 0.133447 , 0.126341 , 0.126746 , 0.127232 , 0.123476 , 0.119839 , 0.116798 , 0.113958 , 0.111937 , 0.110247 , 0.109431 , 0.109115 , 0.103429 , 0.0978926 , 0.0982407 , 0.0987376 , 0.0929294 , 0.0854027 , 0.105395 , 0.116815 , 0.0912125 , 0 , 0 , 0 , 0 , 0 , 0 , 0 , 
1e+200 , 0.12626 , 0.126285 , 0.128542 , 0.130815 , 0.13165 , 0.132517 , 0.129088 , 0.125708 , 0.123994 , 0.122379 , 0.118939 , 0.115651 , 0.113068 , 0.110742 , 0.109256 , 0.108178 , 0.104957 , 0.102118 , 0.0994213 , 0.0969086 , 0.0945559 , 0.0915927 , 0.0993688 , 0.104254 , 0.116013 , 0.0905862 , 0 , 0 , 0 , 0 , 0 , 0 , 
1e+200 , 0.130097 , 0.130115 , 0.125593 , 0.121079 , 0.129886 , 0.138725 , 0.131483 , 0.12427 , 0.124617 , 0.125044 , 0.121244 , 0.117559 , 0.114479 , 0.111595 , 0.109529 , 0.107786 , 0.106936 , 0.106571 , 0.100885 , 0.0953361 , 0.0956824 , 0.0961743 , 0.0904843 , 0.0831184 , 0.103393 , 0.11521 , 0.0899598 , 0 , 0 , 0 , 0 , 0 , 
1e+200 , 0.12362 , 0.123632 , 0.124415 , 0.125204 , 0.127278 , 0.129369 , 0.130109 , 0.13088 , 0.127408 , 0.123985 , 0.122237 , 0.120586 , 0.117119 , 0.113803 , 0.111194 , 0.108836 , 0.107328 , 0.106219 , 0.103 , 0.100151 , 0.0974633 , 0.0949519 , 0.0926457 , 0.0897413 , 0.0976634 , 0.102753 , 0.114783 , 0.0896262 , 0 , 0 , 0 , 0 , 
1e+200 , 0.117148 , 0.117156 , 0.123244 , 0.129339 , 0.124687 , 0.120044 , 0.128767 , 0.13752 , 0.13025 , 0.123008 , 0.12333 , 0.123731 , 0.119917 , 0.116215 , 0.113123 , 0.110224 , 0.108143 , 0.106379 , 0.105524 , 0.105147 , 0.0994751 , 0.0939341 , 0.0942703 , 0.0947496 , 0.0891195 , 0.0818369 , 0.102294 , 0.114356 , 0.0892926 , 0 , 0 , 0 , 
1e+200 , 0.105917 , 0.105922 , 0.114518 , 0.123118 , 0.123813 , 0.124516 , 0.126535 , 0.128571 , 0.129287 , 0.130035 , 0.126549 , 0.123112 , 0.121354 , 0.119692 , 0.116221 , 0.112897 , 0.110282 , 0.107915 , 0.106407 , 0.105292 , 0.102085 , 0.0992437 , 0.0965554 , 0.0940401 , 0.0917561 , 0.0888796 , 0.0968867 , 0.102088 , 0.114236 , 0.0891986 , 0 , 0 , 
1e+200 , 0.0946879 , 0.094691 , 0.105796 , 0.116904 , 0.122947 , 0.128996 , 0.12432 , 0.119652 , 0.128356 , 0.137091 , 0.129817 , 0.122572 , 0.122889 , 0.123284 , 0.119469 , 0.115766 , 0.112674 , 0.109774 , 0.107691 , 0.105925 , 0.105073 , 0.104698 , 0.0990305 , 0.0934922 , 0.09382 , 0.0942896 , 0.0886795 , 0.0814245 , 0.101958 , 0.114115 , 0.0891046 , 0 , 
1e+200 , 0.0946858 , 0.0946879 , 0.105791 , 0.116896 , 0.122935 , 0.128978 , 0.124295 , 0.119618 , 0.128305 , 0.137013 , 0.129713 , 0.122433 , 0.122693 , 0.12301 , 0.119099 , 0.115271 , 0.112013 , 0.108899 , 0.106538 , 0.10442 , 0.103128 , 0.102223 , 0.0961218 , 0.0901951 , 0.0900279 , 0.0902098 , 0.0850272 , 0.0790193 , 0.102059 , 0.122572 , 0.114115 , 0.0891046 , 

shifts ,
0 , 0 , 0 , 0 , 0 , 0 , 0 , 0 , 0 , 0 , 0 , 0 , 0 , 0 , 0 , 0 , 0 , 0 , 0 , 0 , 0 , 0 , 0 , 0 , 0 , 0 , 0 , 0 , 0 , 0 , 0 , 0 , 0 , 
0 , 0 , 0 , 0 , 0 , 0 , 0 , 0 , 0 , 0 , 0 , 0 , 0 , 0 , 0 , 0 , 0 , 0 , 0 , 0 , 0 , 0 , 0 , 0 , 0 , 0 , 0 , 0 , 0 , 0 , 0 , 0 , 0 , 
0 , 0 , 0 , 0 , 0 , 0 , 0 , 0 , 0 , 0 , 0 , 0 , 0 , 0 , 0 , 0 , 0 , 0 , 0 , 0 , 0 , 0 , 0 , 0 , 0 , 0 , 0 , 0 , 0 , 0 , 0 , 0 , 0 , 
0 , 0 , 0 , 0 , 0 , 0 , 0 , 0 , 0 , 0 , 0 , 0 , 0 , 0 , 0 , 0 , 0 , 0 , 0 , 0 , 0 , 0 , 0 , 0 , 0 , 0 , 0 , 0 , 0 , 0 , 0 , 0 , 0 , 
0 , 0 , 0 , 0 , 0 , 0 , 0 , 0 , 0 , 0 , 0 , 0 , 0 , 0 , 0 , 0 , 0 , 0 , 0 , 0 , 0 , 0 , 0 , 0 , 0 , 0 , 0 , 0 , 0 , 0 , 0 , 0 , 0 , 
0 , 0 , 0 , 0 , 0 , 0 , 0 , 0 , 0 , 0 , 0 , 0 , 0 , 0 , 0 , 0 , 0 , 0 , 0 , 0 , 0 , 0 , 0 , 0 , 0 , 0 , 0 , 0 , 0 , 0 , 0 , 0 , 0 , 
0 , 0 , 0 , 0 , 0 , 0 , 0 , 0 , 0 , 0 , 0 , 0 , 0 , 0 , 0 , 0 , 0 , 0 , 0 , 0 , 0 , 0 , 0 , 0 , 0 , 0 , 0 , 0 , 0 , 0 , 0 , 0 , 0 , 
0 , 0 , 0 , 0 , 0 , 0 , 0 , 0 , 0 , 0 , 0 , 0 , 0 , 0 , 0 , 0 , 0 , 0 , 0 , 0 , 0 , 0 , 0 , 0 , 0 , 0 , 0 , 0 , 0 , 0 , 0 , 0 , 0 , 
0 , 0 , 0 , 0 , 0 , 0 , 0 , 0 , 0 , 0 , 0 , 0 , 0 , 0 , 0 , 0 , 0 , 0 , 0 , 0 , 0 , 0 , 0 , 0 , 0 , 0 , 0 , 0 , 0 , 0 , 0 , 0 , 0 , 
0 , 0 , 0 , 0 , 0 , 0 , 0 , 0 , 0 , 0 , 0 , 0 , 0 , 0 , 0 , 0 , 0 , 0 , 0 , 0 , 0 , 0 , 0 , 0 , 0 , 0 , 0 , 0 , 0 , 0 , 0 , 0 , 0 , 
0 , 0 , 0 , 0 , 0 , 0 , 0 , 0 , 0 , 0 , 0 , 0 , 0 , 0 , 0 , 0 , 0 , 0 , 0 , 0 , 0 , 0 , 0 , 0 , 0 , 0 , 0 , 0 , 0 , 0 , 0 , 0 , 0 , 
0 , 0 , 0 , 0 , 0 , 0 , 0 , 0 , 0 , 0 , 0 , 0 , 0 , 0 , 0 , 0 , 0 , 0 , 0 , 0 , 0 , 0 , 0 , 0 , 0 , 0 , 0 , 0 , 0 , 0 , 0 , 0 , 0 , 
0 , 0 , 0 , 0 , 0 , 0 , 0 , 0 , 0 , 0 , 0 , 0 , 0 , 0 , 0 , 0 , 0 , 0 , 0 , 0 , 0 , 0 , 0 , 0 , 0 , 0 , 0 , 0 , 0 , 0 , 0 , 0 , 0 , 
0 , 0 , 0 , 0 , 0 , 0 , 0 , 0 , 0 , 0 , 0 , 0 , 0 , 0 , 0 , 0 , 0 , 0 , 0 , 0 , 0 , 0 , 0 , 0 , 0 , 0 , 0 , 0 , 0 , 0 , 0 , 0 , 0 , 
0 , 0 , 0 , 0 , 0 , 0 , 0 , 0 , 0 , 0 , 0 , 0 , 0 , 0 , 0 , 0 , 0 , 0 , 0 , 0 , 0 , 0 , 0 , 0 , 0 , 0 , 0 , 0 , 0 , 0 , 0 , 0 , 0 , 
0 , 0 , 0 , 0 , 0 , 0 , 0 , 0 , 0 , 0 , 0 , 0 , 0 , 0 , 0 , 0 , 0 , 0 , 0 , 0 , 0 , 0 , 0 , 0 , 0 , 0 , 0 , 0 , 0 , 0 , 0 , 0 , 0 , 
0 , 0 , 0 , 0 , 0 , 0 , 0 , 0 , 0 , 0 , 0 , 0 , 0 , 0 , 0 , 0 , 0 , 0 , 0 , 0 , 0 , 0 , 0 , 0 , 0 , 0 , 0 , 0 , 0 , 0 , 0 , 0 , 0 , 
0 , 0 , 0 , 0 , 0 , 0 , 0 , 0 , 0 , 0 , 0 , 0 , 0 , 0 , 0 , 0 , 0 , 0 , 0 , 0 , 0 , 0 , 0 , 0 , 0 , 0 , 0 , 0 , 0 , 0 , 0 , 0 , 0 , 
0 , 0 , 0 , 0 , 0 , 0 , 0 , 0 , 0 , 0 , 0 , 0 , 0 , 0 , 0 , 0 , 0 , 0 , 0 , 0 , 0 , 0 , 0 , 0 , 0 , 0 , 0 , 0 , 0 , 0 , 0 , 0 , 0 , 
0 , 0 , 0 , 0 , 0 , 0 , 0 , 0 , 0 , 0 , 0 , 0 , 0 , 0 , 0 , 0 , 0 , 0 , 0 , 0 , 0 , 0 , 0 , 0 , 0 , 0 , 0 , 0 , 0 , 0 , 0 , 0 , 0 , 
0 , 0 , 0 , 0 , 0 , 0 , 0 , 0 , 0 , 0 , 0 , 0 , 0 , 0 , 0 , 0 , 0 , 0 , 0 , 0 , 0 , 0 , 0 , 0 , 0 , 0 , 0 , 0 , 0 , 0 , 0 , 0 , 0 , 
0 , 0 , 0 , 0 , 0 , 0 , 0 , 0 , 0 , 0 , 0 , 0 , 0 , 0 , 0 , 0 , 0 , 0 , 0 , 0 , 0 , 0 , 0 , 0 , 0 , 0 , 0 , 0 , 0 , 0 , 0 , 0 , 0 , 
0 , 0 , 0 , 0 , 0 , 0 , 0 , 0 , 0 , 0 , 0 , 0 , 0 , 0 , 0 , 0 , 0 , 0 , 0 , 0 , 0 , 0 , 0 , 0 , 0 , 0 , 0 , 0 , 0 , 0 , 0 , 0 , 0 , 
0 , 0 , 0 , 0 , 0 , 0 , 0 , 0 , 0 , 0 , 0 , 0 , 0 , 0 , 0 , 0 , 0 , 0 , 0 , 0 , 0 , 0 , 0 , 0 , 0 , 0 , 0 , 0 , 0 , 0 , 0 , 0 , 0 , 
0 , 0 , 0 , 0 , 0 , 0 , 0 , 0 , 0 , 0 , 0 , 0 , 0 , 0 , 0 , 0 , 0 , 0 , 0 , 0 , 0 , 0 , 0 , 0 , 0 , 0 , 0 , 0 , 0 , 0 , 0 , 0 , 0 , 
0 , 0 , 0 , 0 , 0 , 0 , 0 , 0 , 0 , 0 , 0 , 0 , 0 , 0 , 0 , 0 , 0 , 0 , 0 , 0 , 0 , 0 , 0 , 0 , 0 , 0 , 0 , 0 , 0 , 0 , 0 , 0 , 0 , 
0 , 0 , 0 , 0 , 0 , 0 , 0 , 0 , 0 , 0 , 0 , 0 , 0 , 0 , 0 , 0 , 0 , 0 , 0 , 0 , 0 , 0 , 0 , 0 , 0 , 0 , 0 , 0 , 0 , 0 , 0 , 0 , 0 , 
0 , 0 , 0 , 0 , 0 , 0 , 0 , 0 , 0 , 0 , 0 , 0 , 0 , 0 , 0 , 0 , 0 , 0 , 0 , 0 , 0 , 0 , 0 , 0 , 0 , 0 , 0 , 0 , 0 , 0 , 0 , 0 , 0 , 
0 , 0 , 0 , 0 , 0 , 0 , 0 , 0 , 0 , 0 , 0 , 0 , 0 , 0 , 0 , 0 , 0 , 0 , 0 , 0 , 0 , 0 , 0 , 0 , 0 , 0 , 0 , 0 , 0 , 0 , 0 , 0 , 0 , 
0 , 0 , 0 , 0 , 0 , 0 , 0 , 0 , 0 , 0 , 0 , 0 , 0 , 0 , 0 , 0 , 0 , 0 , 0 , 0 , 0 , 0 , 0 , 0 , 0 , 0 , 0 , 0 , 0 , 0 , 0 , 0 , 0 , 
0 , 0 , 0 , 0 , 0 , 0 , 0 , 0 , 0 , 0 , 0 , 0 , 0 , 0 , 0 , 0 , 0 , 0 , 0 , 0 , 0 , 0 , 0 , 0 , 0 , 0 , 0 , 0 , 0 , 0 , 0 , 0 , 0 , 
0 , 0 , 0 , 0 , 0 , 0 , 0 , 0 , 0 , 0 , 0 , 0 , 0 , 0 , 0 , 0 , 0 , 0 , 0 , 0 , 0 , 0 , 0 , 0 , 0 , 0 , 0 , 0 , 0 , 0 , 0 , 0 , 0 , 
0 , 0 , 0 , 0 , 0 , 0 , 0 , 0 , 0 , 0 , 0 , 0 , 0 , 0 , 0 , 0 , 0 , 0 , 0 , 0 , 0 , 0 , 0 , 0 , 0 , 0 , 0 , 0 , 0 , 0 , 0 , 0 , 0 , 

