g ,
1e+100 , 0 , 0 , 0 , 0 , 0 , 0 , 0 , 0 , 0 , 0 , 0 , 0 , 0 , 0 , 0 , 0 , 0 , 0 , 0 , 0 , 0 , 0 , 0 , 0 , 0 , 0 , 0 , 0 , 0 , 0 , 0 , 0 , 
1e+100 , 1.07539 , 0 , 0 , 0 , 0 , 0 , 0 , 0 , 0 , 0 , 0 , 0 , 0 , 0 , 0 , 0 , 0 , 0 , 0 , 0 , 0 , 0 , 0 , 0 , 0 , 0 , 0 , 0 , 0 , 0 , 0 , 0 , 
1e+100 , 1.07539 , 1.07539 , 0 , 0 , 0 , 0 , 0 , 0 , 0 , 0 , 0 , 0 , 0 , 0 , 0 , 0 , 0 , 0 , 0 , 0 , 0 , 0 , 0 , 0 , 0 , 0 , 0 , 0 , 0 , 0 , 0 , 0 , 
1e+100 , 1.07539 , 1.07539 , 1.07539 , 0 , 0 , 0 , 0 , 0 , 0 , 0 , 0 , 0 , 0 , 0 , 0 , 0 , 0 , 0 , 0 , 0 , 0 , 0 , 0 , 0 , 0 , 0 , 0 , 0 , 0 , 0 , 0 , 0 , 
1e+100 , 1.00319 , 1.00319 , 1.01411 , 1.01411 , 0 , 0 , 0 , 0 , 0 , 0 , 0 , 0 , 0 , 0 , 0 , 0 , 0 , 0 , 0 , 0 , 0 , 0 , 0 , 0 , 0 , 0 , 0 , 0 , 0 , 0 , 0 , 0 , 
1e+100 , 0.930981 , 0.930981 , 0.941908 , 0.952835 , 0.952835 , 0 , 0 , 0 , 0 , 0 , 0 , 0 , 0 , 0 , 0 , 0 , 0 , 0 , 0 , 0 , 0 , 0 , 0 , 0 , 0 , 0 , 0 , 0 , 0 , 0 , 0 , 0 , 
1e+100 , 0.97213 , 0.97213 , 0.932441 , 0.892752 , 0.987359 , 0.987359 , 0 , 0 , 0 , 0 , 0 , 0 , 0 , 0 , 0 , 0 , 0 , 0 , 0 , 0 , 0 , 0 , 0 , 0 , 0 , 0 , 0 , 0 , 0 , 0 , 0 , 0 , 
1e+100 , 1.01328 , 1.01328 , 0.922973 , 0.832668 , 0.927275 , 1.02188 , 1.02188 , 0 , 0 , 0 , 0 , 0 , 0 , 0 , 0 , 0 , 0 , 0 , 0 , 0 , 0 , 0 , 0 , 0 , 0 , 0 , 0 , 0 , 0 , 0 , 0 , 0 , 
1e+100 , 1.05487 , 1.05487 , 0.933668 , 0.812461 , 0.894668 , 0.976874 , 0.923698 , 0.923698 , 0 , 0 , 0 , 0 , 0 , 0 , 0 , 0 , 0 , 0 , 0 , 0 , 0 , 0 , 0 , 0 , 0 , 0 , 0 , 0 , 0 , 0 , 0 , 0 , 
1e+100 , 1.09647 , 1.09647 , 0.944363 , 0.792254 , 0.86206 , 0.931866 , 0.878689 , 0.825512 , 0.825512 , 0 , 0 , 0 , 0 , 0 , 0 , 0 , 0 , 0 , 0 , 0 , 0 , 0 , 0 , 0 , 0 , 0 , 0 , 0 , 0 , 0 , 0 , 0 , 
1e+100 , 1.12438 , 1.12438 , 0.981661 , 0.838937 , 0.877282 , 0.915627 , 0.869955 , 0.824284 , 0.830675 , 0.830675 , 0 , 0 , 0 , 0 , 0 , 0 , 0 , 0 , 0 , 0 , 0 , 0 , 0 , 0 , 0 , 0 , 0 , 0 , 0 , 0 , 0 , 0 , 
1e+100 , 1.1523 , 1.1523 , 1.01896 , 0.88562 , 0.892504 , 0.899388 , 0.861222 , 0.823055 , 0.829447 , 0.835838 , 0.835838 , 0 , 0 , 0 , 0 , 0 , 0 , 0 , 0 , 0 , 0 , 0 , 0 , 0 , 0 , 0 , 0 , 0 , 0 , 0 , 0 , 0 , 
1e+100 , 1.14986 , 1.14986 , 1.04589 , 0.941908 , 0.920451 , 0.898994 , 0.86364 , 0.828287 , 0.825547 , 0.822807 , 0.804612 , 0.804612 , 0 , 0 , 0 , 0 , 0 , 0 , 0 , 0 , 0 , 0 , 0 , 0 , 0 , 0 , 0 , 0 , 0 , 0 , 0 , 0 , 
1e+100 , 1.14743 , 1.14743 , 1.07281 , 0.998195 , 0.948398 , 0.8986 , 0.866059 , 0.833518 , 0.821647 , 0.809776 , 0.791581 , 0.773386 , 0.773386 , 0 , 0 , 0 , 0 , 0 , 0 , 0 , 0 , 0 , 0 , 0 , 0 , 0 , 0 , 0 , 0 , 0 , 0 , 0 , 
1e+100 , 1.13748 , 1.13748 , 1.08406 , 1.03063 , 0.969463 , 0.908297 , 0.879296 , 0.850296 , 0.829361 , 0.808427 , 0.79236 , 0.776293 , 0.773688 , 0.773688 , 0 , 0 , 0 , 0 , 0 , 0 , 0 , 0 , 0 , 0 , 0 , 0 , 0 , 0 , 0 , 0 , 0 , 0 , 
1e+100 , 1.12754 , 1.12754 , 1.0953 , 1.06306 , 0.990529 , 0.917993 , 0.892533 , 0.867074 , 0.837076 , 0.807078 , 0.793139 , 0.779201 , 0.776596 , 0.773991 , 0.773991 , 0 , 0 , 0 , 0 , 0 , 0 , 0 , 0 , 0 , 0 , 0 , 0 , 0 , 0 , 0 , 0 , 0 , 
1e+100 , 1.11654 , 1.11654 , 1.09021 , 1.06387 , 0.994693 , 0.925513 , 0.903365 , 0.881218 , 0.847841 , 0.814463 , 0.797512 , 0.78056 , 0.772436 , 0.764312 , 0.794978 , 0.794978 , 0 , 0 , 0 , 0 , 0 , 0 , 0 , 0 , 0 , 0 , 0 , 0 , 0 , 0 , 0 , 0 , 
1e+100 , 1.10555 , 1.10555 , 1.08511 , 1.06468 , 0.998856 , 0.933032 , 0.914197 , 0.895363 , 0.858605 , 0.821848 , 0.801884 , 0.78192 , 0.768277 , 0.754633 , 0.785299 , 0.815965 , 0.815965 , 0 , 0 , 0 , 0 , 0 , 0 , 0 , 0 , 0 , 0 , 0 , 0 , 0 , 0 , 0 , 
1e+100 , 1.10927 , 1.10927 , 1.08271 , 1.05616 , 1.00104 , 0.945922 , 0.926668 , 0.907414 , 0.874185 , 0.840956 , 0.81429 , 0.787624 , 0.767994 , 0.748364 , 0.773482 , 0.798599 , 0.789967 , 0.789967 , 0 , 0 , 0 , 0 , 0 , 0 , 0 , 0 , 0 , 0 , 0 , 0 , 0 , 0 , 
1e+100 , 1.11299 , 1.11299 , 1.08031 , 1.04764 , 1.00322 , 0.958811 , 0.939138 , 0.919464 , 0.889764 , 0.860063 , 0.826695 , 0.793327 , 0.767711 , 0.742096 , 0.761664 , 0.781233 , 0.7726 , 0.763968 , 0.763968 , 0 , 0 , 0 , 0 , 0 , 0 , 0 , 0 , 0 , 0 , 0 , 0 , 0 , 
1e+100 , 1.13461 , 1.13461 , 1.09046 , 1.04631 , 1.01342 , 0.98052 , 0.954709 , 0.928897 , 0.907291 , 0.885685 , 0.843271 , 0.800856 , 0.768129 , 0.735403 , 0.746909 , 0.758416 , 0.747328 , 0.73624 , 0.715933 , 0.715933 , 0 , 0 , 0 , 0 , 0 , 0 , 0 , 0 , 0 , 0 , 0 , 0 , 
1e+100 , 1.15623 , 1.15623 , 1.10061 , 1.04499 , 1.02361 , 1.00223 , 0.97028 , 0.93833 , 0.924819 , 0.911308 , 0.859846 , 0.808385 , 0.768547 , 0.72871 , 0.732154 , 0.735599 , 0.722055 , 0.708512 , 0.688205 , 0.667899 , 0.667899 , 0 , 0 , 0 , 0 , 0 , 0 , 0 , 0 , 0 , 0 , 0 , 
1e+100 , 1.18659 , 1.18659 , 1.12095 , 1.05531 , 1.04325 , 1.03118 , 0.98895 , 0.946717 , 0.944303 , 0.941889 , 0.881538 , 0.821187 , 0.773507 , 0.725827 , 0.717627 , 0.709426 , 0.694117 , 0.678808 , 0.658586 , 0.638363 , 0.705141 , 0.705141 , 0 , 0 , 0 , 0 , 0 , 0 , 0 , 0 , 0 , 0 , 
1e+100 , 1.21696 , 1.21696 , 1.1413 , 1.06564 , 1.06289 , 1.06014 , 1.00762 , 0.955104 , 0.963787 , 0.97247 , 0.90323 , 0.833989 , 0.778467 , 0.722945 , 0.703099 , 0.683253 , 0.666179 , 0.649105 , 0.628966 , 0.608827 , 0.675605 , 0.742382 , 0.742382 , 0 , 0 , 0 , 0 , 0 , 0 , 0 , 0 , 0 , 
1e+100 , 1.24173 , 1.24173 , 1.16239 , 1.08306 , 1.08809 , 1.09311 , 1.02794 , 0.962776 , 0.985061 , 1.00735 , 0.930328 , 0.85331 , 0.790394 , 0.727478 , 0.693407 , 0.659336 , 0.637882 , 0.616427 , 0.596247 , 0.576066 , 0.647521 , 0.718976 , 0.625074 , 0.625074 , 0 , 0 , 0 , 0 , 0 , 0 , 0 , 0 , 
1e+100 , 1.26649 , 1.26649 , 1.18349 , 1.10049 , 1.11328 , 1.12608 , 1.04826 , 0.970447 , 1.00633 , 1.04222 , 0.957427 , 0.872631 , 0.802321 , 0.732011 , 0.683714 , 0.635418 , 0.609584 , 0.58375 , 0.563528 , 0.543305 , 0.619438 , 0.69557 , 0.601668 , 0.507765 , 0.507765 , 0 , 0 , 0 , 0 , 0 , 0 , 0 , 
1e+100 , 1.27812 , 1.27812 , 1.19805 , 1.11798 , 1.13815 , 1.15832 , 1.06692 , 0.97553 , 1.02608 , 1.07663 , 0.985028 , 0.893425 , 0.816662 , 0.739899 , 0.676394 , 0.612888 , 0.580096 , 0.547304 , 0.525686 , 0.504068 , 0.587314 , 0.67056 , 0.615454 , 0.560348 , 0.558603 , 0.558603 , 0 , 0 , 0 , 0 , 0 , 0 , 
1e+100 , 1.28975 , 1.28975 , 1.21261 , 1.13548 , 1.16302 , 1.19056 , 1.08559 , 0.980613 , 1.04583 , 1.11104 , 1.01263 , 0.91422 , 0.831003 , 0.747787 , 0.669073 , 0.590359 , 0.550609 , 0.510858 , 0.487845 , 0.464831 , 0.55519 , 0.645549 , 0.62924 , 0.61293 , 0.611185 , 0.609441 , 0.609441 , 0 , 0 , 0 , 0 , 0 , 
1e+100 , 1.28564 , 1.28564 , 1.21658 , 1.14753 , 1.18275 , 1.21797 , 1.09945 , 0.980939 , 1.06094 , 1.14095 , 1.03643 , 0.931919 , 0.843068 , 0.754216 , 0.660282 , 0.566347 , 0.518619 , 0.470892 , 0.444904 , 0.418916 , 0.517278 , 0.61564 , 0.640471 , 0.665302 , 0.616233 , 0.567165 , 0.603581 , 0.603581 , 0 , 0 , 0 , 0 , 
1e+100 , 1.28152 , 1.28152 , 1.22055 , 1.15957 , 1.20248 , 1.24538 , 1.11332 , 0.981265 , 1.07606 , 1.17086 , 1.06024 , 0.949618 , 0.855132 , 0.760646 , 0.65149 , 0.542335 , 0.48663 , 0.430925 , 0.401964 , 0.373002 , 0.479366 , 0.58573 , 0.651702 , 0.717674 , 0.621281 , 0.524889 , 0.561305 , 0.597721 , 0.597721 , 0 , 0 , 0 , 
1e+100 , 1.27119 , 1.27119 , 1.22022 , 1.16926 , 1.22014 , 1.27102 , 1.12557 , 0.980112 , 1.0898 , 1.19949 , 1.083 , 0.966518 , 0.866627 , 0.766736 , 0.642392 , 0.518047 , 0.454274 , 0.390501 , 0.35805 , 0.325598 , 0.439968 , 0.554337 , 0.662724 , 0.77111 , 0.627586 , 0.484062 , 0.48341 , 0.482759 , 0.733245 , 0.733245 , 0 , 0 , 
1e+100 , 1.26086 , 1.26086 , 1.2199 , 1.17894 , 1.23781 , 1.29667 , 1.13782 , 0.978959 , 1.10354 , 1.22812 , 1.10577 , 0.983419 , 0.878122 , 0.772826 , 0.633293 , 0.49376 , 0.421919 , 0.350078 , 0.314136 , 0.278194 , 0.400569 , 0.522944 , 0.673745 , 0.824546 , 0.633891 , 0.443235 , 0.405516 , 0.367797 , 0.618283 , 0.868769 , 0.868769 , 0 , 
1e+100 , 1.26086 , 1.26086 , 1.2199 , 1.17894 , 1.23781 , 1.29667 , 1.13782 , 0.978959 , 1.10354 , 1.22812 , 1.10577 , 0.983419 , 0.878122 , 0.772826 , 0.633293 , 0.49376 , 0.421919 , 0.350078 , 0.314136 , 0.278194 , 0.400569 , 0.522944 , 0.673745 , 0.824546 , 0.633891 , 0.443235 , 0.405516 , 0.367797 , 0.618283 , 0.868769 , 0.868769 , 0.868769 , 

h ,
1e+100 , 0 , 0 , 0 , 0 , 0 , 0 , 0 , 0 , 0 , 0 , 0 , 0 , 0 , 0 , 0 , 0 , 0 , 0 , 0 , 0 , 0 , 0 , 0 , 0 , 0 , 0 , 0 , 0 , 0 , 0 , 0 , 0 , 
1e+100 , 0.120859 , 0 , 0 , 0 , 0 , 0 , 0 , 0 , 0 , 0 , 0 , 0 , 0 , 0 , 0 , 0 , 0 , 0 , 0 , 0 , 0 , 0 , 0 , 0 , 0 , 0 , 0 , 0 , 0 , 0 , 0 , 0 , 
1e+100 , 0.154783 , 0.120859 , 0 , 0 , 0 , 0 , 0 , 0 , 0 , 0 , 0 , 0 , 0 , 0 , 0 , 0 , 0 , 0 , 0 , 0 , 0 , 0 , 0 , 0 , 0 , 0 , 0 , 0 , 0 , 0 , 0 , 0 , 
1e+100 , 0.166254 , 0.154783 , 0.120859 , 0 , 0 , 0 , 0 , 0 , 0 , 0 , 0 , 0 , 0 , 0 , 0 , 0 , 0 , 0 , 0 , 0 , 0 , 0 , 0 , 0 , 0 , 0 , 0 , 0 , 0 , 0 , 0 , 0 , 
1e+100 , 0.166418 , 0.166254 , 0.154783 , 0.120859 , 0 , 0 , 0 , 0 , 0 , 0 , 0 , 0 , 0 , 0 , 0 , 0 , 0 , 0 , 0 , 0 , 0 , 0 , 0 , 0 , 0 , 0 , 0 , 0 , 0 , 0 , 0 , 0 , 
1e+100 , 0.161502 , 0.166418 , 0.166254 , 0.154783 , 0.120859 , 0 , 0 , 0 , 0 , 0 , 0 , 0 , 0 , 0 , 0 , 0 , 0 , 0 , 0 , 0 , 0 , 0 , 0 , 0 , 0 , 0 , 0 , 0 , 0 , 0 , 0 , 0 , 
1e+100 , 0.154851 , 0.161502 , 0.166418 , 0.166254 , 0.154783 , 0.120859 , 0 , 0 , 0 , 0 , 0 , 0 , 0 , 0 , 0 , 0 , 0 , 0 , 0 , 0 , 0 , 0 , 0 , 0 , 0 , 0 , 0 , 0 , 0 , 0 , 0 , 0 , 
1e+100 , 0.148151 , 0.154851 , 0.161502 , 0.166418 , 0.166254 , 0.154783 , 0.120859 , 0 , 0 , 0 , 0 , 0 , 0 , 0 , 0 , 0 , 0 , 0 , 0 , 0 , 0 , 0 , 0 , 0 , 0 , 0 , 0 , 0 , 0 , 0 , 0 , 0 , 
1e+100 , 0.142163 , 0.148151 , 0.154851 , 0.161502 , 0.166418 , 0.166254 , 0.154783 , 0.120859 , 0 , 0 , 0 , 0 , 0 , 0 , 0 , 0 , 0 , 0 , 0 , 0 , 0 , 0 , 0 , 0 , 0 , 0 , 0 , 0 , 0 , 0 , 0 , 0 , 
1e+100 , 0.137149 , 0.142163 , 0.148151 , 0.154851 , 0.161502 , 0.166418 , 0.166254 , 0.154783 , 0.120859 , 0 , 0 , 0 , 0 , 0 , 0 , 0 , 0 , 0 , 0 , 0 , 0 , 0 , 0 , 0 , 0 , 0 , 0 , 0 , 0 , 0 , 0 , 0 , 
1e+100 , 0.133121 , 0.137149 , 0.142163 , 0.148151 , 0.154851 , 0.161502 , 0.166418 , 0.166254 , 0.154783 , 0.120859 , 0 , 0 , 0 , 0 , 0 , 0 , 0 , 0 , 0 , 0 , 0 , 0 , 0 , 0 , 0 , 0 , 0 , 0 , 0 , 0 , 0 , 0 , 
1e+100 , 0.129975 , 0.133121 , 0.137149 , 0.142163 , 0.148151 , 0.154851 , 0.161502 , 0.166418 , 0.166254 , 0.154783 , 0.120859 , 0 , 0 , 0 , 0 , 0 , 0 , 0 , 0 , 0 , 0 , 0 , 0 , 0 , 0 , 0 , 0 , 0 , 0 , 0 , 0 , 0 , 
1e+100 , 0.127568 , 0.129975 , 0.133121 , 0.137149 , 0.142163 , 0.148151 , 0.154851 , 0.161502 , 0.166418 , 0.166254 , 0.154783 , 0.120859 , 0 , 0 , 0 , 0 , 0 , 0 , 0 , 0 , 0 , 0 , 0 , 0 , 0 , 0 , 0 , 0 , 0 , 0 , 0 , 0 , 
1e+100 , 0.125756 , 0.127568 , 0.129975 , 0.133121 , 0.137149 , 0.142163 , 0.148151 , 0.154851 , 0.161502 , 0.166418 , 0.166254 , 0.154783 , 0.120859 , 0 , 0 , 0 , 0 , 0 , 0 , 0 , 0 , 0 , 0 , 0 , 0 , 0 , 0 , 0 , 0 , 0 , 0 , 0 , 
1e+100 , 0.124409 , 0.125756 , 0.127568 , 0.129975 , 0.133121 , 0.137149 , 0.142163 , 0.148151 , 0.154851 , 0.161502 , 0.166418 , 0.166254 , 0.154783 , 0.120859 , 0 , 0 , 0 , 0 , 0 , 0 , 0 , 0 , 0 , 0 , 0 , 0 , 0 , 0 , 0 , 0 , 0 , 0 , 
1e+100 , 0.123417 , 0.124409 , 0.125756 , 0.127568 , 0.129975 , 0.133121 , 0.137149 , 0.142163 , 0.148151 , 0.154851 , 0.161502 , 0.166418 , 0.166254 , 0.154783 , 0.120859 , 0 , 0 , 0 , 0 , 0 , 0 , 0 , 0 , 0 , 0 , 0 , 0 , 0 , 0 , 0 , 0 , 0 , 
1e+100 , 0.122693 , 0.123417 , 0.124409 , 0.125756 , 0.127568 , 0.129975 , 0.133121 , 0.137149 , 0.142163 , 0.148151 , 0.154851 , 0.161502 , 0.166418 , 0.166254 , 0.154783 , 0.120859 , 0 , 0 , 0 , 0 , 0 , 0 , 0 , 0 , 0 , 0 , 0 , 0 , 0 , 0 , 0 , 0 , 
1e+100 , 0.122168 , 0.122693 , 0.123417 , 0.124409 , 0.125756 , 0.127568 , 0.129975 , 0.133121 , 0.137149 , 0.142163 , 0.148151 , 0.154851 , 0.161502 , 0.166418 , 0.166254 , 0.154783 , 0.120859 , 0 , 0 , 0 , 0 , 0 , 0 , 0 , 0 , 0 , 0 , 0 , 0 , 0 , 0 , 0 , 
1e+100 , 0.12179 , 0.122168 , 0.122693 , 0.123417 , 0.124409 , 0.125756 , 0.127568 , 0.129975 , 0.133121 , 0.137149 , 0.142163 , 0.148151 , 0.154851 , 0.161502 , 0.166418 , 0.166254 , 0.154783 , 0.120859 , 0 , 0 , 0 , 0 , 0 , 0 , 0 , 0 , 0 , 0 , 0 , 0 , 0 , 0 , 
1e+100 , 0.121518 , 0.12179 , 0.122168 , 0.122693 , 0.123417 , 0.124409 , 0.125756 , 0.127568 , 0.129975 , 0.133121 , 0.137149 , 0.142163 , 0.148151 , 0.154851 , 0.161502 , 0.166418 , 0.166254 , 0.154783 , 0.120859 , 0 , 0 , 0 , 0 , 0 , 0 , 0 , 0 , 0 , 0 , 0 , 0 , 0 , 
1e+100 , 0.121325 , 0.121518 , 0.12179 , 0.122168 , 0.122693 , 0.123417 , 0.124409 , 0.125756 , 0.127568 , 0.129975 , 0.133121 , 0.137149 , 0.142163 , 0.148151 , 0.154851 , 0.161502 , 0.166418 , 0.166254 , 0.154783 , 0.120859 , 0 , 0 , 0 , 0 , 0 , 0 , 0 , 0 , 0 , 0 , 0 , 0 , 
1e+100 , 0.121187 , 0.121325 , 0.121518 , 0.12179 , 0.122168 , 0.122693 , 0.123417 , 0.124409 , 0.125756 , 0.127568 , 0.129975 , 0.133121 , 0.137149 , 0.142163 , 0.148151 , 0.154851 , 0.161502 , 0.166418 , 0.166254 , 0.154783 , 0.120859 , 0 , 0 , 0 , 0 , 0 , 0 , 0 , 0 , 0 , 0 , 0 , 
1e+100 , 0.12109 , 0.121187 , 0.121325 , 0.121518 , 0.12179 , 0.122168 , 0.122693 , 0.123417 , 0.124409 , 0.125756 , 0.127568 , 0.129975 , 0.133121 , 0.137149 , 0.142163 , 0.148151 , 0.154851 , 0.161502 , 0.166418 , 0.166254 , 0.154783 , 0.120859 , 0 , 0 , 0 , 0 , 0 , 0 , 0 , 0 , 0 , 0 , 
1e+100 , 0.121021 , 0.12109 , 0.121187 , 0.121325 , 0.121518 , 0.12179 , 0.122168 , 0.122693 , 0.123417 , 0.124409 , 0.125756 , 0.127568 , 0.129975 , 0.133121 , 0.137149 , 0.142163 , 0.148151 , 0.154851 , 0.161502 , 0.166418 , 0.166254 , 0.154783 , 0.120859 , 0 , 0 , 0 , 0 , 0 , 0 , 0 , 0 , 0 , 
1e+100 , 0.120972 , 0.121021 , 0.12109 , 0.121187 , 0.121325 , 0.121518 , 0.12179 , 0.122168 , 0.122693 , 0.123417 , 0.124409 , 0.125756 , 0.127568 , 0.129975 , 0.133121 , 0.137149 , 0.142163 , 0.148151 , 0.154851 , 0.161502 , 0.166418 , 0.166254 , 0.154783 , 0.120859 , 0 , 0 , 0 , 0 , 0 , 0 , 0 , 0 , 
1e+100 , 0.120938 , 0.120972 , 0.121021 , 0.12109 , 0.121187 , 0.121325 , 0.121518 , 0.12179 , 0.122168 , 0.122693 , 0.123417 , 0.124409 , 0.125756 , 0.127568 , 0.129975 , 0.133121 , 0.137149 , 0.142163 , 0.148151 , 0.154851 , 0.161502 , 0.166418 , 0.166254 , 0.154783 , 0.120859 , 0 , 0 , 0 , 0 , 0 , 0 , 0 , 
1e+100 , 0.120914 , 0.120938 , 0.120972 , 0.121021 , 0.12109 , 0.121187 , 0.121325 , 0.121518 , 0.12179 , 0.122168 , 0.122693 , 0.123417 , 0.124409 , 0.125756 , 0.127568 , 0.129975 , 0.133121 , 0.137149 , 0.142163 , 0.148151 , 0.154851 , 0.161502 , 0.166418 , 0.166254 , 0.154783 , 0.120859 , 0 , 0 , 0 , 0 , 0 , 0 , 
1e+100 , 0.120898 , 0.120914 , 0.120938 , 0.120972 , 0.121021 , 0.12109 , 0.121187 , 0.121325 , 0.121518 , 0.12179 , 0.122168 , 0.122693 , 0.123417 , 0.124409 , 0.125756 , 0.127568 , 0.129975 , 0.133121 , 0.137149 , 0.142163 , 0.148151 , 0.154851 , 0.161502 , 0.166418 , 0.166254 , 0.154783 , 0.120859 , 0 , 0 , 0 , 0 , 0 , 
1e+100 , 0.120886 , 0.120898 , 0.120914 , 0.120938 , 0.120972 , 0.121021 , 0.12109 , 0.121187 , 0.121325 , 0.121518 , 0.12179 , 0.122168 , 0.122693 , 0.123417 , 0.124409 , 0.125756 , 0.127568 , 0.129975 , 0.133121 , 0.137149 , 0.142163 , 0.148151 , 0.154851 , 0.161502 , 0.166418 , 0.166254 , 0.154783 , 0.120859 , 0 , 0 , 0 , 0 , 
1e+100 , 0.120878 , 0.120886 , 0.120898 , 0.120914 , 0.120938 , 0.120972 , 0.121021 , 0.12109 , 0.121187 , 0.121325 , 0.121518 , 0.12179 , 0.122168 , 0.122693 , 0.123417 , 0.124409 , 0.125756 , 0.127568 , 0.129975 , 0.133121 , 0.137149 , 0.142163 , 0.148151 , 0.154851 , 0.161502 , 0.166418 , 0.166254 , 0.154783 , 0.120859 , 0 , 0 , 0 , 
1e+100 , 0.120872 , 0.120878 , 0.120886 , 0.120898 , 0.120914 , 0.120938 , 0.120972 , 0.121021 , 0.12109 , 0.121187 , 0.121325 , 0.121518 , 0.12179 , 0.122168 , 0.122693 , 0.123417 , 0.124409 , 0.125756 , 0.127568 , 0.129975 , 0.133121 , 0.137149 , 0.142163 , 0.148151 , 0.154851 , 0.161502 , 0.166418 , 0.166254 , 0.154783 , 0.120859 , 0 , 0 , 
1e+100 , 0.120868 , 0.120872 , 0.120878 , 0.120886 , 0.120898 , 0.120914 , 0.120938 , 0.120972 , 0.121021 , 0.12109 , 0.121187 , 0.121325 , 0.121518 , 0.12179 , 0.122168 , 0.122693 , 0.123417 , 0.124409 , 0.125756 , 0.127568 , 0.129975 , 0.133121 , 0.137149 , 0.142163 , 0.148151 , 0.154851 , 0.161502 , 0.166418 , 0.166254 , 0.154783 , 0.120859 , 0 , 
1e+100 , 0.120866 , 0.120868 , 0.120872 , 0.120878 , 0.120886 , 0.120898 , 0.120914 , 0.120938 , 0.120972 , 0.121021 , 0.12109 , 0.121187 , 0.121325 , 0.121518 , 0.12179 , 0.122168 , 0.122693 , 0.123417 , 0.124409 , 0.125756 , 0.127568 , 0.129975 , 0.133121 , 0.137149 , 0.142163 , 0.148151 , 0.154851 , 0.161502 , 0.166418 , 0.166254 , 0.154783 , 0.120859 , 

h*g ,
1e+200 , 0 , 0 , 0 , 0 , 0 , 0 , 0 , 0 , 0 , 0 , 0 , 0 , 0 , 0 , 0 , 0 , 0 , 0 , 0 , 0 , 0 , 0 , 0 , 0 , 0 , 0 , 0 , 0 , 0 , 0 , 0 , 0 , 
1e+200 , 0.129971 , 0 , 0 , 0 , 0 , 0 , 0 , 0 , 0 , 0 , 0 , 0 , 0 , 0 , 0 , 0 , 0 , 0 , 0 , 0 , 0 , 0 , 0 , 0 , 0 , 0 , 0 , 0 , 0 , 0 , 0 , 0 , 
1e+200 , 0.166453 , 0.129971 , 0 , 0 , 0 , 0 , 0 , 0 , 0 , 0 , 0 , 0 , 0 , 0 , 0 , 0 , 0 , 0 , 0 , 0 , 0 , 0 , 0 , 0 , 0 , 0 , 0 , 0 , 0 , 0 , 0 , 0 , 
1e+200 , 0.178789 , 0.166453 , 0.129971 , 0 , 0 , 0 , 0 , 0 , 0 , 0 , 0 , 0 , 0 , 0 , 0 , 0 , 0 , 0 , 0 , 0 , 0 , 0 , 0 , 0 , 0 , 0 , 0 , 0 , 0 , 0 , 0 , 0 , 
1e+200 , 0.166949 , 0.166784 , 0.156968 , 0.122565 , 0 , 0 , 0 , 0 , 0 , 0 , 0 , 0 , 0 , 0 , 0 , 0 , 0 , 0 , 0 , 0 , 0 , 0 , 0 , 0 , 0 , 0 , 0 , 0 , 0 , 0 , 0 , 0 , 
1e+200 , 0.150356 , 0.154932 , 0.156596 , 0.147483 , 0.115159 , 0 , 0 , 0 , 0 , 0 , 0 , 0 , 0 , 0 , 0 , 0 , 0 , 0 , 0 , 0 , 0 , 0 , 0 , 0 , 0 , 0 , 0 , 0 , 0 , 0 , 0 , 0 , 
1e+200 , 0.150535 , 0.157001 , 0.155175 , 0.148424 , 0.152826 , 0.119332 , 0 , 0 , 0 , 0 , 0 , 0 , 0 , 0 , 0 , 0 , 0 , 0 , 0 , 0 , 0 , 0 , 0 , 0 , 0 , 0 , 0 , 0 , 0 , 0 , 0 , 0 , 
1e+200 , 0.150118 , 0.156907 , 0.149062 , 0.138571 , 0.154164 , 0.15817 , 0.123504 , 0 , 0 , 0 , 0 , 0 , 0 , 0 , 0 , 0 , 0 , 0 , 0 , 0 , 0 , 0 , 0 , 0 , 0 , 0 , 0 , 0 , 0 , 0 , 0 , 0 , 
1e+200 , 0.149964 , 0.156281 , 0.144579 , 0.131214 , 0.148889 , 0.16241 , 0.142973 , 0.111638 , 0 , 0 , 0 , 0 , 0 , 0 , 0 , 0 , 0 , 0 , 0 , 0 , 0 , 0 , 0 , 0 , 0 , 0 , 0 , 0 , 0 , 0 , 0 , 0 , 
1e+200 , 0.15038 , 0.155877 , 0.139908 , 0.122681 , 0.139225 , 0.155079 , 0.146086 , 0.127775 , 0.099771 , 0 , 0 , 0 , 0 , 0 , 0 , 0 , 0 , 0 , 0 , 0 , 0 , 0 , 0 , 0 , 0 , 0 , 0 , 0 , 0 , 0 , 0 , 0 , 
1e+200 , 0.149679 , 0.154208 , 0.139556 , 0.124289 , 0.135848 , 0.147876 , 0.144776 , 0.137041 , 0.128575 , 0.100395 , 0 , 0 , 0 , 0 , 0 , 0 , 0 , 0 , 0 , 0 , 0 , 0 , 0 , 0 , 0 , 0 , 0 , 0 , 0 , 0 , 0 , 0 , 
1e+200 , 0.14977 , 0.153395 , 0.139749 , 0.125902 , 0.132225 , 0.139271 , 0.139089 , 0.136971 , 0.137899 , 0.129374 , 0.101019 , 0 , 0 , 0 , 0 , 0 , 0 , 0 , 0 , 0 , 0 , 0 , 0 , 0 , 0 , 0 , 0 , 0 , 0 , 0 , 0 , 0 , 
1e+200 , 0.146686 , 0.149453 , 0.139229 , 0.129182 , 0.130854 , 0.133187 , 0.133735 , 0.13377 , 0.137386 , 0.136795 , 0.12454 , 0.0972449 , 0 , 0 , 0 , 0 , 0 , 0 , 0 , 0 , 0 , 0 , 0 , 0 , 0 , 0 , 0 , 0 , 0 , 0 , 0 , 0 , 
1e+200 , 0.144296 , 0.146375 , 0.139439 , 0.132881 , 0.130072 , 0.127747 , 0.128307 , 0.129071 , 0.132698 , 0.134761 , 0.131604 , 0.119707 , 0.093471 , 0 , 0 , 0 , 0 , 0 , 0 , 0 , 0 , 0 , 0 , 0 , 0 , 0 , 0 , 0 , 0 , 0 , 0 , 0 , 
1e+200 , 0.141513 , 0.143046 , 0.138291 , 0.133956 , 0.129056 , 0.124572 , 0.125003 , 0.125972 , 0.128427 , 0.130563 , 0.131863 , 0.129062 , 0.119754 , 0.0935075 , 0 , 0 , 0 , 0 , 0 , 0 , 0 , 0 , 0 , 0 , 0 , 0 , 0 , 0 , 0 , 0 , 0 , 0 , 
1e+200 , 0.139157 , 0.140275 , 0.137741 , 0.135613 , 0.128744 , 0.122204 , 0.12241 , 0.123266 , 0.124013 , 0.124977 , 0.128094 , 0.129673 , 0.129112 , 0.119801 , 0.0935441 , 0 , 0 , 0 , 0 , 0 , 0 , 0 , 0 , 0 , 0 , 0 , 0 , 0 , 0 , 0 , 0 , 0 , 
1e+200 , 0.136992 , 0.1378 , 0.135631 , 0.133788 , 0.126891 , 0.120293 , 0.120257 , 0.120858 , 0.120531 , 0.120663 , 0.123495 , 0.126062 , 0.128547 , 0.12707 , 0.123049 , 0.0960806 , 0 , 0 , 0 , 0 , 0 , 0 , 0 , 0 , 0 , 0 , 0 , 0 , 0 , 0 , 0 , 0 , 
1e+200 , 0.135062 , 0.135643 , 0.133921 , 0.132455 , 0.125612 , 0.119025 , 0.118823 , 0.119191 , 0.117757 , 0.116836 , 0.1188 , 0.121081 , 0.124079 , 0.125585 , 0.130559 , 0.126298 , 0.0986171 , 0 , 0 , 0 , 0 , 0 , 0 , 0 , 0 , 0 , 0 , 0 , 0 , 0 , 0 , 0 , 
1e+200 , 0.135097 , 0.135517 , 0.132841 , 0.130348 , 0.124538 , 0.118955 , 0.118213 , 0.117941 , 0.116372 , 0.115336 , 0.115762 , 0.116687 , 0.118925 , 0.120863 , 0.128721 , 0.132771 , 0.122273 , 0.0954749 , 0 , 0 , 0 , 0 , 0 , 0 , 0 , 0 , 0 , 0 , 0 , 0 , 0 , 0 , 
1e+200 , 0.135248 , 0.13555 , 0.131979 , 0.128537 , 0.123815 , 0.119284 , 0.118102 , 0.117294 , 0.115647 , 0.114492 , 0.11338 , 0.112781 , 0.113737 , 0.114914 , 0.123011 , 0.130011 , 0.128448 , 0.118249 , 0.0923327 , 0 , 0 , 0 , 0 , 0 , 0 , 0 , 0 , 0 , 0 , 0 , 0 , 0 , 
1e+200 , 0.137656 , 0.137876 , 0.132807 , 0.127826 , 0.124339 , 0.121013 , 0.118774 , 0.116814 , 0.115741 , 0.115117 , 0.112257 , 0.109837 , 0.109199 , 0.10895 , 0.11566 , 0.122486 , 0.124369 , 0.122403 , 0.110814 , 0.0865273 , 0 , 0 , 0 , 0 , 0 , 0 , 0 , 0 , 0 , 0 , 0 , 0 , 
1e+200 , 0.14012 , 0.140279 , 0.133744 , 0.127269 , 0.125052 , 0.122966 , 0.119749 , 0.116736 , 0.116302 , 0.116254 , 0.111758 , 0.107613 , 0.105406 , 0.103595 , 0.108469 , 0.113908 , 0.116614 , 0.117909 , 0.114417 , 0.103379 , 0.0807219 , 0 , 0 , 0 , 0 , 0 , 0 , 0 , 0 , 0 , 0 , 0 , 
1e+200 , 0.143684 , 0.1438 , 0.135999 , 0.12824 , 0.127057 , 0.125977 , 0.121337 , 0.116841 , 0.117479 , 0.118448 , 0.112456 , 0.106734 , 0.10297 , 0.0995466 , 0.10202 , 0.105102 , 0.107485 , 0.109629 , 0.109601 , 0.106131 , 0.109144 , 0.0852229 , 0 , 0 , 0 , 0 , 0 , 0 , 0 , 0 , 0 , 0 , 
1e+200 , 0.147277 , 0.147361 , 0.138311 , 0.129288 , 0.12916 , 0.129113 , 0.123099 , 0.117184 , 0.118948 , 0.120984 , 0.113587 , 0.10639 , 0.101181 , 0.096239 , 0.0964294 , 0.0971331 , 0.098695 , 0.100514 , 0.10158 , 0.10132 , 0.112322 , 0.114908 , 0.0897239 , 0 , 0 , 0 , 0 , 0 , 0 , 0 , 0 , 0 , 
1e+200 , 0.150215 , 0.150275 , 0.140754 , 0.131253 , 0.132012 , 0.132833 , 0.125193 , 0.11762 , 0.12086 , 0.124323 , 0.115741 , 0.107309 , 0.100829 , 0.0945537 , 0.0923069 , 0.0904273 , 0.0906829 , 0.0913242 , 0.0923294 , 0.0930361 , 0.107759 , 0.119533 , 0.0967508 , 0.075546 , 0 , 0 , 0 , 0 , 0 , 0 , 0 , 0 , 
1e+200 , 0.153168 , 0.153211 , 0.143227 , 0.133257 , 0.134916 , 0.136622 , 0.127383 , 0.11819 , 0.122942 , 0.127873 , 0.118163 , 0.108563 , 0.100897 , 0.0933812 , 0.0888656 , 0.0845873 , 0.0836039 , 0.0829874 , 0.0834871 , 0.0841313 , 0.100041 , 0.115756 , 0.10003 , 0.0785934 , 0.0613682 , 0 , 0 , 0 , 0 , 0 , 0 , 0 , 
1e+200 , 0.154543 , 0.154574 , 0.144931 , 0.135299 , 0.137818 , 0.140373 , 0.129444 , 0.118545 , 0.124966 , 0.13153 , 0.120856 , 0.110264 , 0.1016 , 0.0930468 , 0.0862862 , 0.07966 , 0.0772229 , 0.0750623 , 0.0747329 , 0.0746781 , 0.0909461 , 0.108297 , 0.102423 , 0.0931602 , 0.0864623 , 0.0675124 , 0 , 0 , 0 , 0 , 0 , 0 , 
1e+200 , 0.155928 , 0.155949 , 0.146651 , 0.137362 , 0.14075 , 0.144164 , 0.131559 , 0.118973 , 0.127087 , 0.135313 , 0.123711 , 0.112168 , 0.10256 , 0.0930311 , 0.08414 , 0.075311 , 0.0715652 , 0.0680059 , 0.0669074 , 0.0660816 , 0.0822518 , 0.0999639 , 0.101624 , 0.102003 , 0.101612 , 0.0943311 , 0.0736566 , 0 , 0 , 0 , 0 , 0 , 
1e+200 , 0.155415 , 0.15543 , 0.147102 , 0.13878 , 0.14308 , 0.147399 , 0.133132 , 0.118877 , 0.128719 , 0.138646 , 0.126227 , 0.11385 , 0.103438 , 0.093083 , 0.0821448 , 0.0712216 , 0.0661593 , 0.061204 , 0.059226 , 0.057454 , 0.0735376 , 0.0912075 , 0.0991775 , 0.107448 , 0.102552 , 0.0942936 , 0.0934241 , 0.0729484 , 0 , 0 , 0 , 0 , 
1e+200 , 0.154908 , 0.154918 , 0.147562 , 0.140209 , 0.145425 , 0.150656 , 0.134735 , 0.118821 , 0.130405 , 0.142054 , 0.128838 , 0.115654 , 0.10447 , 0.0933257 , 0.0804049 , 0.0674712 , 0.0611967 , 0.0549723 , 0.0522451 , 0.0496544 , 0.0657446 , 0.083269 , 0.0965501 , 0.111132 , 0.100338 , 0.0873511 , 0.0933194 , 0.0925171 , 0.0722402 , 0 , 0 , 0 , 
1e+200 , 0.153652 , 0.153659 , 0.147508 , 0.14136 , 0.147533 , 0.153715 , 0.136163 , 0.118614 , 0.131964 , 0.145363 , 0.131395 , 0.11745 , 0.105546 , 0.0936705 , 0.0788168 , 0.0639357 , 0.0565157 , 0.0491079 , 0.0456757 , 0.0423195 , 0.0585688 , 0.0760268 , 0.0942146 , 0.114241 , 0.0971822 , 0.0781771 , 0.0804483 , 0.0802608 , 0.113494 , 0.0886196 , 0 , 0 , 
1e+200 , 0.152398 , 0.152403 , 0.147459 , 0.142517 , 0.149648 , 0.156786 , 0.137605 , 0.118427 , 0.133551 , 0.148713 , 0.134005 , 0.119313 , 0.106708 , 0.0941221 , 0.077368 , 0.0605807 , 0.0520718 , 0.0435527 , 0.0395045 , 0.0354887 , 0.0520638 , 0.0696147 , 0.0924035 , 0.11722 , 0.0939114 , 0.0686353 , 0.0654918 , 0.0612081 , 0.102792 , 0.134471 , 0.104999 , 0 , 
1e+200 , 0.152394 , 0.152398 , 0.147452 , 0.142508 , 0.149633 , 0.156765 , 0.137578 , 0.118394 , 0.133498 , 0.148628 , 0.133897 , 0.119178 , 0.106538 , 0.0939125 , 0.0771284 , 0.0603215 , 0.0517663 , 0.0432054 , 0.0390812 , 0.0349846 , 0.0510998 , 0.0679695 , 0.0896895 , 0.113086 , 0.0901156 , 0.0656656 , 0.0627945 , 0.0594001 , 0.102894 , 0.144437 , 0.134471 , 0.104999 , 

shifts ,
0 , 0 , 0 , 0 , 0 , 0 , 0 , 0 , 0 , 0 , 0 , 0 , 0 , 0 , 0 , 0 , 0 , 0 , 0 , 0 , 0 , 0 , 0 , 0 , 0 , 0 , 0 , 0 , 0 , 0 , 0 , 0 , 0 , 
0 , 0 , 0 , 0 , 0 , 0 , 0 , 0 , 0 , 0 , 0 , 0 , 0 , 0 , 0 , 0 , 0 , 0 , 0 , 0 , 0 , 0 , 0 , 0 , 0 , 0 , 0 , 0 , 0 , 0 , 0 , 0 , 0 , 
0 , 0 , 0 , 0 , 0 , 0 , 0 , 0 , 0 , 0 , 0 , 0 , 0 , 0 , 0 , 0 , 0 , 0 , 0 , 0 , 0 , 0 , 0 , 0 , 0 , 0 , 0 , 0 , 0 , 0 , 0 , 0 , 0 , 
0 , 0 , 0 , 0 , 0 , 0 , 0 , 0 , 0 , 0 , 0 , 0 , 0 , 0 , 0 , 0 , 0 , 0 , 0 , 0 , 0 , 0 , 0 , 0 , 0 , 0 , 0 , 0 , 0 , 0 , 0 , 0 , 0 , 
0 , 0 , 0 , 0 , 0 , 0 , 0 , 0 , 0 , 0 , 0 , 0 , 0 , 0 , 0 , 0 , 0 , 0 , 0 , 0 , 0 , 0 , 0 , 0 , 0 , 0 , 0 , 0 , 0 , 0 , 0 , 0 , 0 , 
0 , 0 , 0 , 0 , 0 , 0 , 0 , 0 , 0 , 0 , 0 , 0 , 0 , 0 , 0 , 0 , 0 , 0 , 0 , 0 , 0 , 0 , 0 , 0 , 0 , 0 , 0 , 0 , 0 , 0 , 0 , 0 , 0 , 
0 , 0 , 0 , 0 , 0 , 0 , 0 , 0 , 0 , 0 , 0 , 0 , 0 , 0 , 0 , 0 , 0 , 0 , 0 , 0 , 0 , 0 , 0 , 0 , 0 , 0 , 0 , 0 , 0 , 0 , 0 , 0 , 0 , 
0 , 0 , 0 , 0 , 0 , 0 , 0 , 0 , 0 , 0 , 0 , 0 , 0 , 0 , 0 , 0 , 0 , 0 , 0 , 0 , 0 , 0 , 0 , 0 , 0 , 0 , 0 , 0 , 0 , 0 , 0 , 0 , 0 , 
0 , 0 , 0 , 0 , 0 , 0 , 0 , 0 , 0 , 0 , 0 , 0 , 0 , 0 , 0 , 0 , 0 , 0 , 0 , 0 , 0 , 0 , 0 , 0 , 0 , 0 , 0 , 0 , 0 , 0 , 0 , 0 , 0 , 
0 , 0 , 0 , 0 , 0 , 0 , 0 , 0 , 0 , 0 , 0 , 0 , 0 , 0 , 0 , 0 , 0 , 0 , 0 , 0 , 0 , 0 , 0 , 0 , 0 , 0 , 0 , 0 , 0 , 0 , 0 , 0 , 0 , 
0 , 0 , 0 , 0 , 0 , 0 , 0 , 0 , 0 , 0 , 0 , 0 , 0 , 0 , 0 , 0 , 0 , 0 , 0 , 0 , 0 , 0 , 0 , 0 , 0 , 0 , 0 , 0 , 0 , 0 , 0 , 0 , 0 , 
0 , 0 , 0 , 0 , 0 , 0 , 0 , 0 , 0 , 0 , 0 , 0 , 0 , 0 , 0 , 0 , 0 , 0 , 0 , 0 , 0 , 0 , 0 , 0 , 0 , 0 , 0 , 0 , 0 , 0 , 0 , 0 , 0 , 
0 , 0 , 0 , 0 , 0 , 0 , 0 , 0 , 0 , 0 , 0 , 0 , 0 , 0 , 0 , 0 , 0 , 0 , 0 , 0 , 0 , 0 , 0 , 0 , 0 , 0 , 0 , 0 , 0 , 0 , 0 , 0 , 0 , 
0 , 0 , 0 , 0 , 0 , 0 , 0 , 0 , 0 , 0 , 0 , 0 , 0 , 0 , 0 , 0 , 0 , 0 , 0 , 0 , 0 , 0 , 0 , 0 , 0 , 0 , 0 , 0 , 0 , 0 , 0 , 0 , 0 , 
0 , 0 , 0 , 0 , 0 , 0 , 0 , 0 , 0 , 0 , 0 , 0 , 0 , 0 , 0 , 0 , 0 , 0 , 0 , 0 , 0 , 0 , 0 , 0 , 0 , 0 , 0 , 0 , 0 , 0 , 0 , 0 , 0 , 
0 , 0 , 0 , 0 , 0 , 0 , 0 , 0 , 0 , 0 , 0 , 0 , 0 , 0 , 0 , 0 , 0 , 0 , 0 , 0 , 0 , 0 , 0 , 0 , 0 , 0 , 0 , 0 , 0 , 0 , 0 , 0 , 0 , 
0 , 0 , 0 , 0 , 0 , 0 , 0 , 0 , 0 , 0 , 0 , 0 , 0 , 0 , 0 , 0 , 0 , 0 , 0 , 0 , 0 , 0 , 0 , 0 , 0 , 0 , 0 , 0 , 0 , 0 , 0 , 0 , 0 , 
0 , 0 , 0 , 0 , 0 , 0 , 0 , 0 , 0 , 0 , 0 , 0 , 0 , 0 , 0 , 0 , 0 , 0 , 0 , 0 , 0 , 0 , 0 , 0 , 0 , 0 , 0 , 0 , 0 , 0 , 0 , 0 , 0 , 
0 , 0 , 0 , 0 , 0 , 0 , 0 , 0 , 0 , 0 , 0 , 0 , 0 , 0 , 0 , 0 , 0 , 0 , 0 , 0 , 0 , 0 , 0 , 0 , 0 , 0 , 0 , 0 , 0 , 0 , 0 , 0 , 0 , 
0 , 0 , 0 , 0 , 0 , 0 , 0 , 0 , 0 , 0 , 0 , 0 , 0 , 0 , 0 , 0 , 0 , 0 , 0 , 0 , 0 , 0 , 0 , 0 , 0 , 0 , 0 , 0 , 0 , 0 , 0 , 0 , 0 , 
0 , 0 , 0 , 0 , 0 , 0 , 0 , 0 , 0 , 0 , 0 , 0 , 0 , 0 , 0 , 0 , 0 , 0 , 0 , 0 , 0 , 0 , 0 , 0 , 0 , 0 , 0 , 0 , 0 , 0 , 0 , 0 , 0 , 
0 , 0 , 0 , 0 , 0 , 0 , 0 , 0 , 0 , 0 , 0 , 0 , 0 , 0 , 0 , 0 , 0 , 0 , 0 , 0 , 0 , 0 , 0 , 0 , 0 , 0 , 0 , 0 , 0 , 0 , 0 , 0 , 0 , 
0 , 0 , 0 , 0 , 0 , 0 , 0 , 0 , 0 , 0 , 0 , 0 , 0 , 0 , 0 , 0 , 0 , 0 , 0 , 0 , 0 , 0 , 0 , 0 , 0 , 0 , 0 , 0 , 0 , 0 , 0 , 0 , 0 , 
0 , 0 , 0 , 0 , 0 , 0 , 0 , 0 , 0 , 0 , 0 , 0 , 0 , 0 , 0 , 0 , 0 , 0 , 0 , 0 , 0 , 0 , 0 , 0 , 0 , 0 , 0 , 0 , 0 , 0 , 0 , 0 , 0 , 
0 , 0 , 0 , 0 , 0 , 0 , 0 , 0 , 0 , 0 , 0 , 0 , 0 , 0 , 0 , 0 , 0 , 0 , 0 , 0 , 0 , 0 , 0 , 0 , 0 , 0 , 0 , 0 , 0 , 0 , 0 , 0 , 0 , 
0 , 0 , 0 , 0 , 0 , 0 , 0 , 0 , 0 , 0 , 0 , 0 , 0 , 0 , 0 , 0 , 0 , 0 , 0 , 0 , 0 , 0 , 0 , 0 , 0 , 0 , 0 , 0 , 0 , 0 , 0 , 0 , 0 , 
0 , 0 , 0 , 0 , 0 , 0 , 0 , 0 , 0 , 0 , 0 , 0 , 0 , 0 , 0 , 0 , 0 , 0 , 0 , 0 , 0 , 0 , 0 , 0 , 0 , 0 , 0 , 0 , 0 , 0 , 0 , 0 , 0 , 
0 , 0 , 0 , 0 , 0 , 0 , 0 , 0 , 0 , 0 , 0 , 0 , 0 , 0 , 0 , 0 , 0 , 0 , 0 , 0 , 0 , 0 , 0 , 0 , 0 , 0 , 0 , 0 , 0 , 0 , 0 , 0 , 0 , 
0 , 0 , 0 , 0 , 0 , 0 , 0 , 0 , 0 , 0 , 0 , 0 , 0 , 0 , 0 , 0 , 0 , 0 , 0 , 0 , 0 , 0 , 0 , 0 , 0 , 0 , 0 , 0 , 0 , 0 , 0 , 0 , 0 , 
0 , 0 , 0 , 0 , 0 , 0 , 0 , 0 , 0 , 0 , 0 , 0 , 0 , 0 , 0 , 0 , 0 , 0 , 0 , 0 , 0 , 0 , 0 , 0 , 0 , 0 , 0 , 0 , 0 , 0 , 0 , 0 , 0 , 
0 , 0 , 0 , 0 , 0 , 0 , 0 , 0 , 0 , 0 , 0 , 0 , 0 , 0 , 0 , 0 , 0 , 0 , 0 , 0 , 0 , 0 , 0 , 0 , 0 , 0 , 0 , 0 , 0 , 0 , 0 , 0 , 0 , 
0 , 0 , 0 , 0 , 0 , 0 , 0 , 0 , 0 , 0 , 0 , 0 , 0 , 0 , 0 , 0 , 0 , 0 , 0 , 0 , 0 , 0 , 0 , 0 , 0 , 0 , 0 , 0 , 0 , 0 , 0 , 0 , 0 , 
0 , 0 , 0 , 0 , 0 , 0 , 0 , 0 , 0 , 0 , 0 , 0 , 0 , 0 , 0 , 0 , 0 , 0 , 0 , 0 , 0 , 0 , 0 , 0 , 0 , 0 , 0 , 0 , 0 , 0 , 0 , 0 , 0 , 

