g ,
1e+100 , 0 , 0 , 0 , 0 , 0 , 0 , 0 , 0 , 0 , 0 , 0 , 0 , 0 , 0 , 0 , 0 , 0 , 0 , 0 , 0 , 0 , 0 , 0 , 0 , 0 , 0 , 0 , 0 , 0 , 0 , 0 , 0 , 
1e+100 , 1.07541 , 0 , 0 , 0 , 0 , 0 , 0 , 0 , 0 , 0 , 0 , 0 , 0 , 0 , 0 , 0 , 0 , 0 , 0 , 0 , 0 , 0 , 0 , 0 , 0 , 0 , 0 , 0 , 0 , 0 , 0 , 0 , 
1e+100 , 1.07541 , 1.07541 , 0 , 0 , 0 , 0 , 0 , 0 , 0 , 0 , 0 , 0 , 0 , 0 , 0 , 0 , 0 , 0 , 0 , 0 , 0 , 0 , 0 , 0 , 0 , 0 , 0 , 0 , 0 , 0 , 0 , 0 , 
1e+100 , 1.07541 , 1.07541 , 1.07541 , 0 , 0 , 0 , 0 , 0 , 0 , 0 , 0 , 0 , 0 , 0 , 0 , 0 , 0 , 0 , 0 , 0 , 0 , 0 , 0 , 0 , 0 , 0 , 0 , 0 , 0 , 0 , 0 , 0 , 
1e+100 , 1.00319 , 1.00319 , 1.01404 , 1.01404 , 0 , 0 , 0 , 0 , 0 , 0 , 0 , 0 , 0 , 0 , 0 , 0 , 0 , 0 , 0 , 0 , 0 , 0 , 0 , 0 , 0 , 0 , 0 , 0 , 0 , 0 , 0 , 0 , 
1e+100 , 0.930976 , 0.930976 , 0.941826 , 0.952676 , 0.952676 , 0 , 0 , 0 , 0 , 0 , 0 , 0 , 0 , 0 , 0 , 0 , 0 , 0 , 0 , 0 , 0 , 0 , 0 , 0 , 0 , 0 , 0 , 0 , 0 , 0 , 0 , 0 , 
1e+100 , 0.972124 , 0.972124 , 0.932588 , 0.893052 , 0.986767 , 0.986767 , 0 , 0 , 0 , 0 , 0 , 0 , 0 , 0 , 0 , 0 , 0 , 0 , 0 , 0 , 0 , 0 , 0 , 0 , 0 , 0 , 0 , 0 , 0 , 0 , 0 , 0 , 
1e+100 , 1.01327 , 1.01327 , 0.923349 , 0.833427 , 0.927143 , 1.02086 , 1.02086 , 0 , 0 , 0 , 0 , 0 , 0 , 0 , 0 , 0 , 0 , 0 , 0 , 0 , 0 , 0 , 0 , 0 , 0 , 0 , 0 , 0 , 0 , 0 , 0 , 0 , 
1e+100 , 1.05468 , 1.05468 , 0.934019 , 0.813354 , 0.89447 , 0.975586 , 0.924428 , 0.924428 , 0 , 0 , 0 , 0 , 0 , 0 , 0 , 0 , 0 , 0 , 0 , 0 , 0 , 0 , 0 , 0 , 0 , 0 , 0 , 0 , 0 , 0 , 0 , 0 , 
1e+100 , 1.0961 , 1.0961 , 0.944689 , 0.793282 , 0.861797 , 0.930313 , 0.879156 , 0.827998 , 0.827998 , 0 , 0 , 0 , 0 , 0 , 0 , 0 , 0 , 0 , 0 , 0 , 0 , 0 , 0 , 0 , 0 , 0 , 0 , 0 , 0 , 0 , 0 , 0 , 
1e+100 , 1.12412 , 1.12412 , 0.981914 , 0.839704 , 0.877225 , 0.914746 , 0.869984 , 0.825222 , 0.831712 , 0.831712 , 0 , 0 , 0 , 0 , 0 , 0 , 0 , 0 , 0 , 0 , 0 , 0 , 0 , 0 , 0 , 0 , 0 , 0 , 0 , 0 , 0 , 0 , 
1e+100 , 1.15215 , 1.15215 , 1.01914 , 0.886126 , 0.892652 , 0.899178 , 0.860813 , 0.822447 , 0.828937 , 0.835427 , 0.835427 , 0 , 0 , 0 , 0 , 0 , 0 , 0 , 0 , 0 , 0 , 0 , 0 , 0 , 0 , 0 , 0 , 0 , 0 , 0 , 0 , 0 , 
1e+100 , 1.14996 , 1.14996 , 1.04577 , 0.941592 , 0.920963 , 0.900335 , 0.863115 , 0.825895 , 0.82505 , 0.824206 , 0.803841 , 0.803841 , 0 , 0 , 0 , 0 , 0 , 0 , 0 , 0 , 0 , 0 , 0 , 0 , 0 , 0 , 0 , 0 , 0 , 0 , 0 , 0 , 
1e+100 , 1.14776 , 1.14776 , 1.07241 , 0.997058 , 0.949275 , 0.901492 , 0.865417 , 0.829343 , 0.821164 , 0.812984 , 0.79262 , 0.772256 , 0.772256 , 0 , 0 , 0 , 0 , 0 , 0 , 0 , 0 , 0 , 0 , 0 , 0 , 0 , 0 , 0 , 0 , 0 , 0 , 0 , 
1e+100 , 1.13792 , 1.13792 , 1.08316 , 1.02839 , 0.970587 , 0.912781 , 0.878556 , 0.844332 , 0.82864 , 0.812949 , 0.793853 , 0.774756 , 0.773147 , 0.773147 , 0 , 0 , 0 , 0 , 0 , 0 , 0 , 0 , 0 , 0 , 0 , 0 , 0 , 0 , 0 , 0 , 0 , 0 , 
1e+100 , 1.12808 , 1.12808 , 1.0939 , 1.05973 , 0.9919 , 0.924069 , 0.891695 , 0.85932 , 0.836117 , 0.812914 , 0.795086 , 0.777257 , 0.775648 , 0.774039 , 0.774039 , 0 , 0 , 0 , 0 , 0 , 0 , 0 , 0 , 0 , 0 , 0 , 0 , 0 , 0 , 0 , 0 , 0 , 
1e+100 , 1.11712 , 1.11712 , 1.08853 , 1.05993 , 0.996166 , 0.932402 , 0.902588 , 0.872773 , 0.846747 , 0.820722 , 0.799704 , 0.778687 , 0.771626 , 0.764566 , 0.794911 , 0.794911 , 0 , 0 , 0 , 0 , 0 , 0 , 0 , 0 , 0 , 0 , 0 , 0 , 0 , 0 , 0 , 0 , 
1e+100 , 1.10617 , 1.10617 , 1.08315 , 1.06013 , 1.00043 , 0.940735 , 0.91348 , 0.886225 , 0.857377 , 0.828529 , 0.804323 , 0.780116 , 0.767605 , 0.755094 , 0.785438 , 0.815783 , 0.815783 , 0 , 0 , 0 , 0 , 0 , 0 , 0 , 0 , 0 , 0 , 0 , 0 , 0 , 0 , 0 , 
1e+100 , 1.10988 , 1.10988 , 1.08095 , 1.05201 , 1.00245 , 0.952893 , 0.926301 , 0.899709 , 0.873156 , 0.846604 , 0.816611 , 0.786617 , 0.767762 , 0.748906 , 0.77355 , 0.798195 , 0.789465 , 0.789465 , 0 , 0 , 0 , 0 , 0 , 0 , 0 , 0 , 0 , 0 , 0 , 0 , 0 , 0 , 
1e+100 , 1.1136 , 1.1136 , 1.07874 , 1.04389 , 1.00447 , 0.965051 , 0.939122 , 0.913192 , 0.888936 , 0.864679 , 0.828899 , 0.793118 , 0.767918 , 0.742718 , 0.761663 , 0.780607 , 0.771877 , 0.763147 , 0.763147 , 0 , 0 , 0 , 0 , 0 , 0 , 0 , 0 , 0 , 0 , 0 , 0 , 0 , 
1e+100 , 1.13497 , 1.13497 , 1.08949 , 1.04402 , 1.01394 , 0.983861 , 0.955266 , 0.926672 , 0.906865 , 0.887057 , 0.844475 , 0.801892 , 0.768793 , 0.735693 , 0.746648 , 0.757603 , 0.745856 , 0.734108 , 0.717846 , 0.717846 , 0 , 0 , 0 , 0 , 0 , 0 , 0 , 0 , 0 , 0 , 0 , 0 , 
1e+100 , 1.15634 , 1.15634 , 1.10024 , 1.04414 , 1.02341 , 1.00267 , 0.971411 , 0.940151 , 0.924793 , 0.909435 , 0.860051 , 0.810667 , 0.769668 , 0.728668 , 0.731634 , 0.734599 , 0.719834 , 0.705069 , 0.688807 , 0.672544 , 0.672544 , 0 , 0 , 0 , 0 , 0 , 0 , 0 , 0 , 0 , 0 , 0 , 
1e+100 , 1.18658 , 1.18658 , 1.12188 , 1.05718 , 1.042 , 1.02681 , 0.991195 , 0.955578 , 0.945069 , 0.934561 , 0.879883 , 0.825205 , 0.775296 , 0.725387 , 0.717091 , 0.708795 , 0.691539 , 0.674284 , 0.660387 , 0.64649 , 0.697774 , 0.697774 , 0 , 0 , 0 , 0 , 0 , 0 , 0 , 0 , 0 , 0 , 
1e+100 , 1.21683 , 1.21683 , 1.14352 , 1.07022 , 1.06059 , 1.05095 , 1.01098 , 0.971005 , 0.965345 , 0.959686 , 0.899714 , 0.839743 , 0.780924 , 0.722105 , 0.702548 , 0.68299 , 0.663244 , 0.643498 , 0.631967 , 0.620436 , 0.67172 , 0.723004 , 0.723004 , 0 , 0 , 0 , 0 , 0 , 0 , 0 , 0 , 0 , 
1e+100 , 1.2405 , 1.2405 , 1.16552 , 1.09053 , 1.08364 , 1.07676 , 1.03215 , 0.987543 , 0.986918 , 0.986293 , 0.923363 , 0.860433 , 0.793099 , 0.725765 , 0.692696 , 0.659628 , 0.634616 , 0.609603 , 0.600303 , 0.591002 , 0.646067 , 0.701133 , 0.636263 , 0.636263 , 0 , 0 , 0 , 0 , 0 , 0 , 0 , 0 , 
1e+100 , 1.26417 , 1.26417 , 1.18751 , 1.11084 , 1.1067 , 1.10256 , 1.05332 , 1.00408 , 1.00849 , 1.0129 , 0.947012 , 0.881123 , 0.805274 , 0.729424 , 0.682845 , 0.636266 , 0.605987 , 0.575708 , 0.568638 , 0.561568 , 0.620415 , 0.679262 , 0.614391 , 0.549521 , 0.549521 , 0 , 0 , 0 , 0 , 0 , 0 , 0 , 
1e+100 , 1.27551 , 1.27551 , 1.20391 , 1.13232 , 1.1297 , 1.12708 , 1.07369 , 1.02029 , 1.02915 , 1.038 , 0.97105 , 0.904103 , 0.820798 , 0.737493 , 0.676789 , 0.616084 , 0.577899 , 0.539714 , 0.533443 , 0.527173 , 0.592173 , 0.657173 , 0.618745 , 0.580316 , 0.572502 , 0.572502 , 0 , 0 , 0 , 0 , 0 , 0 , 
1e+100 , 1.28684 , 1.28684 , 1.22032 , 1.15379 , 1.15269 , 1.1516 , 1.09405 , 1.03651 , 1.0498 , 1.06309 , 0.995089 , 0.927083 , 0.836323 , 0.745562 , 0.670732 , 0.595902 , 0.549811 , 0.50372 , 0.498249 , 0.492778 , 0.563931 , 0.635085 , 0.623098 , 0.611111 , 0.603297 , 0.595483 , 0.595483 , 0 , 0 , 0 , 0 , 0 , 
1e+100 , 1.28242 , 1.28242 , 1.2262 , 1.16997 , 1.17036 , 1.17075 , 1.10979 , 1.04883 , 1.06583 , 1.08283 , 1.01513 , 0.94742 , 0.850282 , 0.753143 , 0.664477 , 0.575811 , 0.520725 , 0.465638 , 0.459114 , 0.45259 , 0.530502 , 0.608414 , 0.624622 , 0.64083 , 0.608885 , 0.576939 , 0.603969 , 0.603969 , 0 , 0 , 0 , 0 , 
1e+100 , 1.278 , 1.278 , 1.23207 , 1.18615 , 1.18802 , 1.18989 , 1.12553 , 1.06116 , 1.08186 , 1.10257 , 1.03516 , 0.967757 , 0.864241 , 0.760725 , 0.658223 , 0.555721 , 0.491639 , 0.427556 , 0.419979 , 0.412402 , 0.497073 , 0.581744 , 0.626146 , 0.670549 , 0.614472 , 0.558395 , 0.585425 , 0.612455 , 0.612455 , 0 , 0 , 0 , 
1e+100 , 1.26704 , 1.26704 , 1.2334 , 1.19976 , 1.20335 , 1.20695 , 1.13951 , 1.07207 , 1.09631 , 1.12055 , 1.05405 , 0.987548 , 0.878079 , 0.768611 , 0.652421 , 0.536232 , 0.462953 , 0.389675 , 0.380254 , 0.370834 , 0.461955 , 0.553075 , 0.626877 , 0.700679 , 0.62108 , 0.54148 , 0.533031 , 0.524581 , 0.7065 , 0.7065 , 0 , 0 , 
1e+100 , 1.25608 , 1.25608 , 1.23472 , 1.21336 , 1.21868 , 1.224 , 1.1535 , 1.08299 , 1.11076 , 1.13853 , 1.07293 , 1.00734 , 0.891918 , 0.776497 , 0.64662 , 0.516743 , 0.434268 , 0.351793 , 0.340529 , 0.329266 , 0.426837 , 0.524407 , 0.627609 , 0.73081 , 0.627687 , 0.524565 , 0.480636 , 0.436707 , 0.618626 , 0.800544 , 0.800544 , 0 , 
1e+100 , 1.25608 , 1.25608 , 1.23472 , 1.21336 , 1.21868 , 1.224 , 1.1535 , 1.08299 , 1.11076 , 1.13853 , 1.07293 , 1.00734 , 0.891918 , 0.776497 , 0.64662 , 0.516743 , 0.434268 , 0.351793 , 0.340529 , 0.329266 , 0.426837 , 0.524407 , 0.627609 , 0.73081 , 0.627687 , 0.524565 , 0.480636 , 0.436707 , 0.618626 , 0.800544 , 0.800544 , 0.800544 , 

h ,
1e+100 , 0 , 0 , 0 , 0 , 0 , 0 , 0 , 0 , 0 , 0 , 0 , 0 , 0 , 0 , 0 , 0 , 0 , 0 , 0 , 0 , 0 , 0 , 0 , 0 , 0 , 0 , 0 , 0 , 0 , 0 , 0 , 0 , 
1e+100 , 0.120859 , 0 , 0 , 0 , 0 , 0 , 0 , 0 , 0 , 0 , 0 , 0 , 0 , 0 , 0 , 0 , 0 , 0 , 0 , 0 , 0 , 0 , 0 , 0 , 0 , 0 , 0 , 0 , 0 , 0 , 0 , 0 , 
1e+100 , 0.154783 , 0.120859 , 0 , 0 , 0 , 0 , 0 , 0 , 0 , 0 , 0 , 0 , 0 , 0 , 0 , 0 , 0 , 0 , 0 , 0 , 0 , 0 , 0 , 0 , 0 , 0 , 0 , 0 , 0 , 0 , 0 , 0 , 
1e+100 , 0.166254 , 0.154783 , 0.120859 , 0 , 0 , 0 , 0 , 0 , 0 , 0 , 0 , 0 , 0 , 0 , 0 , 0 , 0 , 0 , 0 , 0 , 0 , 0 , 0 , 0 , 0 , 0 , 0 , 0 , 0 , 0 , 0 , 0 , 
1e+100 , 0.166418 , 0.166254 , 0.154783 , 0.120859 , 0 , 0 , 0 , 0 , 0 , 0 , 0 , 0 , 0 , 0 , 0 , 0 , 0 , 0 , 0 , 0 , 0 , 0 , 0 , 0 , 0 , 0 , 0 , 0 , 0 , 0 , 0 , 0 , 
1e+100 , 0.161502 , 0.166418 , 0.166254 , 0.154783 , 0.120859 , 0 , 0 , 0 , 0 , 0 , 0 , 0 , 0 , 0 , 0 , 0 , 0 , 0 , 0 , 0 , 0 , 0 , 0 , 0 , 0 , 0 , 0 , 0 , 0 , 0 , 0 , 0 , 
1e+100 , 0.154851 , 0.161502 , 0.166418 , 0.166254 , 0.154783 , 0.120859 , 0 , 0 , 0 , 0 , 0 , 0 , 0 , 0 , 0 , 0 , 0 , 0 , 0 , 0 , 0 , 0 , 0 , 0 , 0 , 0 , 0 , 0 , 0 , 0 , 0 , 0 , 
1e+100 , 0.148151 , 0.154851 , 0.161502 , 0.166418 , 0.166254 , 0.154783 , 0.120859 , 0 , 0 , 0 , 0 , 0 , 0 , 0 , 0 , 0 , 0 , 0 , 0 , 0 , 0 , 0 , 0 , 0 , 0 , 0 , 0 , 0 , 0 , 0 , 0 , 0 , 
1e+100 , 0.142163 , 0.148151 , 0.154851 , 0.161502 , 0.166418 , 0.166254 , 0.154783 , 0.120859 , 0 , 0 , 0 , 0 , 0 , 0 , 0 , 0 , 0 , 0 , 0 , 0 , 0 , 0 , 0 , 0 , 0 , 0 , 0 , 0 , 0 , 0 , 0 , 0 , 
1e+100 , 0.137149 , 0.142163 , 0.148151 , 0.154851 , 0.161502 , 0.166418 , 0.166254 , 0.154783 , 0.120859 , 0 , 0 , 0 , 0 , 0 , 0 , 0 , 0 , 0 , 0 , 0 , 0 , 0 , 0 , 0 , 0 , 0 , 0 , 0 , 0 , 0 , 0 , 0 , 
1e+100 , 0.133121 , 0.137149 , 0.142163 , 0.148151 , 0.154851 , 0.161502 , 0.166418 , 0.166254 , 0.154783 , 0.120859 , 0 , 0 , 0 , 0 , 0 , 0 , 0 , 0 , 0 , 0 , 0 , 0 , 0 , 0 , 0 , 0 , 0 , 0 , 0 , 0 , 0 , 0 , 
1e+100 , 0.129975 , 0.133121 , 0.137149 , 0.142163 , 0.148151 , 0.154851 , 0.161502 , 0.166418 , 0.166254 , 0.154783 , 0.120859 , 0 , 0 , 0 , 0 , 0 , 0 , 0 , 0 , 0 , 0 , 0 , 0 , 0 , 0 , 0 , 0 , 0 , 0 , 0 , 0 , 0 , 
1e+100 , 0.127568 , 0.129975 , 0.133121 , 0.137149 , 0.142163 , 0.148151 , 0.154851 , 0.161502 , 0.166418 , 0.166254 , 0.154783 , 0.120859 , 0 , 0 , 0 , 0 , 0 , 0 , 0 , 0 , 0 , 0 , 0 , 0 , 0 , 0 , 0 , 0 , 0 , 0 , 0 , 0 , 
1e+100 , 0.125756 , 0.127568 , 0.129975 , 0.133121 , 0.137149 , 0.142163 , 0.148151 , 0.154851 , 0.161502 , 0.166418 , 0.166254 , 0.154783 , 0.120859 , 0 , 0 , 0 , 0 , 0 , 0 , 0 , 0 , 0 , 0 , 0 , 0 , 0 , 0 , 0 , 0 , 0 , 0 , 0 , 
1e+100 , 0.124409 , 0.125756 , 0.127568 , 0.129975 , 0.133121 , 0.137149 , 0.142163 , 0.148151 , 0.154851 , 0.161502 , 0.166418 , 0.166254 , 0.154783 , 0.120859 , 0 , 0 , 0 , 0 , 0 , 0 , 0 , 0 , 0 , 0 , 0 , 0 , 0 , 0 , 0 , 0 , 0 , 0 , 
1e+100 , 0.123417 , 0.124409 , 0.125756 , 0.127568 , 0.129975 , 0.133121 , 0.137149 , 0.142163 , 0.148151 , 0.154851 , 0.161502 , 0.166418 , 0.166254 , 0.154783 , 0.120859 , 0 , 0 , 0 , 0 , 0 , 0 , 0 , 0 , 0 , 0 , 0 , 0 , 0 , 0 , 0 , 0 , 0 , 
1e+100 , 0.122693 , 0.123417 , 0.124409 , 0.125756 , 0.127568 , 0.129975 , 0.133121 , 0.137149 , 0.142163 , 0.148151 , 0.154851 , 0.161502 , 0.166418 , 0.166254 , 0.154783 , 0.120859 , 0 , 0 , 0 , 0 , 0 , 0 , 0 , 0 , 0 , 0 , 0 , 0 , 0 , 0 , 0 , 0 , 
1e+100 , 0.122168 , 0.122693 , 0.123417 , 0.124409 , 0.125756 , 0.127568 , 0.129975 , 0.133121 , 0.137149 , 0.142163 , 0.148151 , 0.154851 , 0.161502 , 0.166418 , 0.166254 , 0.154783 , 0.120859 , 0 , 0 , 0 , 0 , 0 , 0 , 0 , 0 , 0 , 0 , 0 , 0 , 0 , 0 , 0 , 
1e+100 , 0.12179 , 0.122168 , 0.122693 , 0.123417 , 0.124409 , 0.125756 , 0.127568 , 0.129975 , 0.133121 , 0.137149 , 0.142163 , 0.148151 , 0.154851 , 0.161502 , 0.166418 , 0.166254 , 0.154783 , 0.120859 , 0 , 0 , 0 , 0 , 0 , 0 , 0 , 0 , 0 , 0 , 0 , 0 , 0 , 0 , 
1e+100 , 0.121518 , 0.12179 , 0.122168 , 0.122693 , 0.123417 , 0.124409 , 0.125756 , 0.127568 , 0.129975 , 0.133121 , 0.137149 , 0.142163 , 0.148151 , 0.154851 , 0.161502 , 0.166418 , 0.166254 , 0.154783 , 0.120859 , 0 , 0 , 0 , 0 , 0 , 0 , 0 , 0 , 0 , 0 , 0 , 0 , 0 , 
1e+100 , 0.121325 , 0.121518 , 0.12179 , 0.122168 , 0.122693 , 0.123417 , 0.124409 , 0.125756 , 0.127568 , 0.129975 , 0.133121 , 0.137149 , 0.142163 , 0.148151 , 0.154851 , 0.161502 , 0.166418 , 0.166254 , 0.154783 , 0.120859 , 0 , 0 , 0 , 0 , 0 , 0 , 0 , 0 , 0 , 0 , 0 , 0 , 
1e+100 , 0.121187 , 0.121325 , 0.121518 , 0.12179 , 0.122168 , 0.122693 , 0.123417 , 0.124409 , 0.125756 , 0.127568 , 0.129975 , 0.133121 , 0.137149 , 0.142163 , 0.148151 , 0.154851 , 0.161502 , 0.166418 , 0.166254 , 0.154783 , 0.120859 , 0 , 0 , 0 , 0 , 0 , 0 , 0 , 0 , 0 , 0 , 0 , 
1e+100 , 0.12109 , 0.121187 , 0.121325 , 0.121518 , 0.12179 , 0.122168 , 0.122693 , 0.123417 , 0.124409 , 0.125756 , 0.127568 , 0.129975 , 0.133121 , 0.137149 , 0.142163 , 0.148151 , 0.154851 , 0.161502 , 0.166418 , 0.166254 , 0.154783 , 0.120859 , 0 , 0 , 0 , 0 , 0 , 0 , 0 , 0 , 0 , 0 , 
1e+100 , 0.121021 , 0.12109 , 0.121187 , 0.121325 , 0.121518 , 0.12179 , 0.122168 , 0.122693 , 0.123417 , 0.124409 , 0.125756 , 0.127568 , 0.129975 , 0.133121 , 0.137149 , 0.142163 , 0.148151 , 0.154851 , 0.161502 , 0.166418 , 0.166254 , 0.154783 , 0.120859 , 0 , 0 , 0 , 0 , 0 , 0 , 0 , 0 , 0 , 
1e+100 , 0.120972 , 0.121021 , 0.12109 , 0.121187 , 0.121325 , 0.121518 , 0.12179 , 0.122168 , 0.122693 , 0.123417 , 0.124409 , 0.125756 , 0.127568 , 0.129975 , 0.133121 , 0.137149 , 0.142163 , 0.148151 , 0.154851 , 0.161502 , 0.166418 , 0.166254 , 0.154783 , 0.120859 , 0 , 0 , 0 , 0 , 0 , 0 , 0 , 0 , 
1e+100 , 0.120938 , 0.120972 , 0.121021 , 0.12109 , 0.121187 , 0.121325 , 0.121518 , 0.12179 , 0.122168 , 0.122693 , 0.123417 , 0.124409 , 0.125756 , 0.127568 , 0.129975 , 0.133121 , 0.137149 , 0.142163 , 0.148151 , 0.154851 , 0.161502 , 0.166418 , 0.166254 , 0.154783 , 0.120859 , 0 , 0 , 0 , 0 , 0 , 0 , 0 , 
1e+100 , 0.120914 , 0.120938 , 0.120972 , 0.121021 , 0.12109 , 0.121187 , 0.121325 , 0.121518 , 0.12179 , 0.122168 , 0.122693 , 0.123417 , 0.124409 , 0.125756 , 0.127568 , 0.129975 , 0.133121 , 0.137149 , 0.142163 , 0.148151 , 0.154851 , 0.161502 , 0.166418 , 0.166254 , 0.154783 , 0.120859 , 0 , 0 , 0 , 0 , 0 , 0 , 
1e+100 , 0.120898 , 0.120914 , 0.120938 , 0.120972 , 0.121021 , 0.12109 , 0.121187 , 0.121325 , 0.121518 , 0.12179 , 0.122168 , 0.122693 , 0.123417 , 0.124409 , 0.125756 , 0.127568 , 0.129975 , 0.133121 , 0.137149 , 0.142163 , 0.148151 , 0.154851 , 0.161502 , 0.166418 , 0.166254 , 0.154783 , 0.120859 , 0 , 0 , 0 , 0 , 0 , 
1e+100 , 0.120886 , 0.120898 , 0.120914 , 0.120938 , 0.120972 , 0.121021 , 0.12109 , 0.121187 , 0.121325 , 0.121518 , 0.12179 , 0.122168 , 0.122693 , 0.123417 , 0.124409 , 0.125756 , 0.127568 , 0.129975 , 0.133121 , 0.137149 , 0.142163 , 0.148151 , 0.154851 , 0.161502 , 0.166418 , 0.166254 , 0.154783 , 0.120859 , 0 , 0 , 0 , 0 , 
1e+100 , 0.120878 , 0.120886 , 0.120898 , 0.120914 , 0.120938 , 0.120972 , 0.121021 , 0.12109 , 0.121187 , 0.121325 , 0.121518 , 0.12179 , 0.122168 , 0.122693 , 0.123417 , 0.124409 , 0.125756 , 0.127568 , 0.129975 , 0.133121 , 0.137149 , 0.142163 , 0.148151 , 0.154851 , 0.161502 , 0.166418 , 0.166254 , 0.154783 , 0.120859 , 0 , 0 , 0 , 
1e+100 , 0.120872 , 0.120878 , 0.120886 , 0.120898 , 0.120914 , 0.120938 , 0.120972 , 0.121021 , 0.12109 , 0.121187 , 0.121325 , 0.121518 , 0.12179 , 0.122168 , 0.122693 , 0.123417 , 0.124409 , 0.125756 , 0.127568 , 0.129975 , 0.133121 , 0.137149 , 0.142163 , 0.148151 , 0.154851 , 0.161502 , 0.166418 , 0.166254 , 0.154783 , 0.120859 , 0 , 0 , 
1e+100 , 0.120868 , 0.120872 , 0.120878 , 0.120886 , 0.120898 , 0.120914 , 0.120938 , 0.120972 , 0.121021 , 0.12109 , 0.121187 , 0.121325 , 0.121518 , 0.12179 , 0.122168 , 0.122693 , 0.123417 , 0.124409 , 0.125756 , 0.127568 , 0.129975 , 0.133121 , 0.137149 , 0.142163 , 0.148151 , 0.154851 , 0.161502 , 0.166418 , 0.166254 , 0.154783 , 0.120859 , 0 , 
1e+100 , 0.120866 , 0.120868 , 0.120872 , 0.120878 , 0.120886 , 0.120898 , 0.120914 , 0.120938 , 0.120972 , 0.121021 , 0.12109 , 0.121187 , 0.121325 , 0.121518 , 0.12179 , 0.122168 , 0.122693 , 0.123417 , 0.124409 , 0.125756 , 0.127568 , 0.129975 , 0.133121 , 0.137149 , 0.142163 , 0.148151 , 0.154851 , 0.161502 , 0.166418 , 0.166254 , 0.154783 , 0.120859 , 

h*g ,
1e+200 , 0 , 0 , 0 , 0 , 0 , 0 , 0 , 0 , 0 , 0 , 0 , 0 , 0 , 0 , 0 , 0 , 0 , 0 , 0 , 0 , 0 , 0 , 0 , 0 , 0 , 0 , 0 , 0 , 0 , 0 , 0 , 0 , 
1e+200 , 0.129974 , 0 , 0 , 0 , 0 , 0 , 0 , 0 , 0 , 0 , 0 , 0 , 0 , 0 , 0 , 0 , 0 , 0 , 0 , 0 , 0 , 0 , 0 , 0 , 0 , 0 , 0 , 0 , 0 , 0 , 0 , 0 , 
1e+200 , 0.166456 , 0.129974 , 0 , 0 , 0 , 0 , 0 , 0 , 0 , 0 , 0 , 0 , 0 , 0 , 0 , 0 , 0 , 0 , 0 , 0 , 0 , 0 , 0 , 0 , 0 , 0 , 0 , 0 , 0 , 0 , 0 , 0 , 
1e+200 , 0.178792 , 0.166456 , 0.129974 , 0 , 0 , 0 , 0 , 0 , 0 , 0 , 0 , 0 , 0 , 0 , 0 , 0 , 0 , 0 , 0 , 0 , 0 , 0 , 0 , 0 , 0 , 0 , 0 , 0 , 0 , 0 , 0 , 0 , 
1e+200 , 0.16695 , 0.166785 , 0.156957 , 0.122557 , 0 , 0 , 0 , 0 , 0 , 0 , 0 , 0 , 0 , 0 , 0 , 0 , 0 , 0 , 0 , 0 , 0 , 0 , 0 , 0 , 0 , 0 , 0 , 0 , 0 , 0 , 0 , 0 , 
1e+200 , 0.150355 , 0.154931 , 0.156583 , 0.147458 , 0.11514 , 0 , 0 , 0 , 0 , 0 , 0 , 0 , 0 , 0 , 0 , 0 , 0 , 0 , 0 , 0 , 0 , 0 , 0 , 0 , 0 , 0 , 0 , 0 , 0 , 0 , 0 , 0 , 
1e+200 , 0.150534 , 0.157 , 0.1552 , 0.148474 , 0.152735 , 0.11926 , 0 , 0 , 0 , 0 , 0 , 0 , 0 , 0 , 0 , 0 , 0 , 0 , 0 , 0 , 0 , 0 , 0 , 0 , 0 , 0 , 0 , 0 , 0 , 0 , 0 , 0 , 
1e+200 , 0.150117 , 0.156906 , 0.149123 , 0.138698 , 0.154142 , 0.158012 , 0.12338 , 0 , 0 , 0 , 0 , 0 , 0 , 0 , 0 , 0 , 0 , 0 , 0 , 0 , 0 , 0 , 0 , 0 , 0 , 0 , 0 , 0 , 0 , 0 , 0 , 0 , 
1e+200 , 0.149937 , 0.156252 , 0.144634 , 0.131359 , 0.148856 , 0.162195 , 0.143086 , 0.111726 , 0 , 0 , 0 , 0 , 0 , 0 , 0 , 0 , 0 , 0 , 0 , 0 , 0 , 0 , 0 , 0 , 0 , 0 , 0 , 0 , 0 , 0 , 0 , 0 , 
1e+200 , 0.150329 , 0.155824 , 0.139956 , 0.12284 , 0.139182 , 0.154821 , 0.146163 , 0.12816 , 0.100071 , 0 , 0 , 0 , 0 , 0 , 0 , 0 , 0 , 0 , 0 , 0 , 0 , 0 , 0 , 0 , 0 , 0 , 0 , 0 , 0 , 0 , 0 , 0 , 
1e+200 , 0.149644 , 0.154173 , 0.139591 , 0.124403 , 0.135839 , 0.147734 , 0.144781 , 0.137197 , 0.128735 , 0.10052 , 0 , 0 , 0 , 0 , 0 , 0 , 0 , 0 , 0 , 0 , 0 , 0 , 0 , 0 , 0 , 0 , 0 , 0 , 0 , 0 , 0 , 0 , 
1e+200 , 0.14975 , 0.153375 , 0.139774 , 0.125974 , 0.132247 , 0.139238 , 0.139023 , 0.13687 , 0.137814 , 0.12931 , 0.100969 , 0 , 0 , 0 , 0 , 0 , 0 , 0 , 0 , 0 , 0 , 0 , 0 , 0 , 0 , 0 , 0 , 0 , 0 , 0 , 0 , 0 , 
1e+200 , 0.146698 , 0.149465 , 0.139214 , 0.129138 , 0.130927 , 0.133385 , 0.133654 , 0.133384 , 0.137303 , 0.137028 , 0.124421 , 0.0971518 , 0 , 0 , 0 , 0 , 0 , 0 , 0 , 0 , 0 , 0 , 0 , 0 , 0 , 0 , 0 , 0 , 0 , 0 , 0 , 0 , 
1e+200 , 0.144338 , 0.146418 , 0.139386 , 0.132729 , 0.130192 , 0.128158 , 0.128212 , 0.128424 , 0.13262 , 0.135295 , 0.131777 , 0.119532 , 0.0933344 , 0 , 0 , 0 , 0 , 0 , 0 , 0 , 0 , 0 , 0 , 0 , 0 , 0 , 0 , 0 , 0 , 0 , 0 , 0 , 
1e+200 , 0.141567 , 0.1431 , 0.138176 , 0.133665 , 0.129205 , 0.125187 , 0.124898 , 0.125088 , 0.128316 , 0.131293 , 0.132112 , 0.128807 , 0.11967 , 0.0934421 , 0 , 0 , 0 , 0 , 0 , 0 , 0 , 0 , 0 , 0 , 0 , 0 , 0 , 0 , 0 , 0 , 0 , 0 , 
1e+200 , 0.139224 , 0.140343 , 0.137565 , 0.135188 , 0.128922 , 0.123013 , 0.122295 , 0.122163 , 0.123871 , 0.125881 , 0.128408 , 0.12935 , 0.128955 , 0.119808 , 0.0935499 , 0 , 0 , 0 , 0 , 0 , 0 , 0 , 0 , 0 , 0 , 0 , 0 , 0 , 0 , 0 , 0 , 0 , 
1e+200 , 0.137063 , 0.137872 , 0.135422 , 0.133293 , 0.127079 , 0.121189 , 0.120153 , 0.1197 , 0.120376 , 0.121591 , 0.123835 , 0.12576 , 0.128413 , 0.127112 , 0.123039 , 0.0960725 , 0 , 0 , 0 , 0 , 0 , 0 , 0 , 0 , 0 , 0 , 0 , 0 , 0 , 0 , 0 , 0 , 
1e+200 , 0.135138 , 0.135719 , 0.133679 , 0.131889 , 0.12581 , 0.120008 , 0.118729 , 0.117975 , 0.117589 , 0.117786 , 0.119161 , 0.120802 , 0.12397 , 0.125661 , 0.130583 , 0.126269 , 0.098595 , 0 , 0 , 0 , 0 , 0 , 0 , 0 , 0 , 0 , 0 , 0 , 0 , 0 , 0 , 0 , 
1e+200 , 0.135172 , 0.135592 , 0.132624 , 0.129836 , 0.124714 , 0.119832 , 0.118166 , 0.116939 , 0.116235 , 0.116111 , 0.116092 , 0.116538 , 0.118889 , 0.12095 , 0.128733 , 0.132703 , 0.122196 , 0.0954143 , 0 , 0 , 0 , 0 , 0 , 0 , 0 , 0 , 0 , 0 , 0 , 0 , 0 , 0 , 
1e+200 , 0.135323 , 0.135625 , 0.131788 , 0.128078 , 0.123969 , 0.120061 , 0.1181 , 0.116494 , 0.115539 , 0.115107 , 0.113683 , 0.112752 , 0.113768 , 0.115011 , 0.12301 , 0.129907 , 0.128328 , 0.118122 , 0.0922335 , 0 , 0 , 0 , 0 , 0 , 0 , 0 , 0 , 0 , 0 , 0 , 0 , 0 , 
1e+200 , 0.1377 , 0.137919 , 0.132689 , 0.127545 , 0.124403 , 0.121425 , 0.118843 , 0.116535 , 0.115687 , 0.115295 , 0.112417 , 0.109979 , 0.109294 , 0.108994 , 0.115619 , 0.122355 , 0.124124 , 0.122049 , 0.11111 , 0.0867584 , 0 , 0 , 0 , 0 , 0 , 0 , 0 , 0 , 0 , 0 , 0 , 0 , 
1e+200 , 0.140133 , 0.140292 , 0.133699 , 0.127166 , 0.125027 , 0.12302 , 0.119888 , 0.116963 , 0.116298 , 0.116015 , 0.111785 , 0.107917 , 0.105559 , 0.103589 , 0.108392 , 0.113753 , 0.116255 , 0.117336 , 0.114517 , 0.104099 , 0.0812833 , 0 , 0 , 0 , 0 , 0 , 0 , 0 , 0 , 0 , 0 , 0 , 
1e+200 , 0.143683 , 0.143799 , 0.136112 , 0.128467 , 0.126904 , 0.125443 , 0.121612 , 0.117934 , 0.117575 , 0.117527 , 0.112245 , 0.107256 , 0.103208 , 0.0994861 , 0.101944 , 0.105008 , 0.107085 , 0.108898 , 0.1099 , 0.107482 , 0.108004 , 0.0843326 , 0 , 0 , 0 , 0 , 0 , 0 , 0 , 0 , 0 , 0 , 
1e+200 , 0.147262 , 0.147346 , 0.138581 , 0.129844 , 0.128881 , 0.127995 , 0.123509 , 0.119135 , 0.11914 , 0.119393 , 0.113145 , 0.107124 , 0.1015 , 0.0961272 , 0.0963538 , 0.0970957 , 0.0982601 , 0.0996463 , 0.102064 , 0.103252 , 0.111676 , 0.111909 , 0.0873819 , 0 , 0 , 0 , 0 , 0 , 0 , 0 , 0 , 0 , 
1e+200 , 0.150066 , 0.150126 , 0.141132 , 0.132158 , 0.131473 , 0.130846 , 0.125705 , 0.120646 , 0.121088 , 0.121725 , 0.114874 , 0.108205 , 0.101174 , 0.094331 , 0.0922123 , 0.0904674 , 0.0902187 , 0.0903132 , 0.0929574 , 0.0954482 , 0.107517 , 0.116566 , 0.0984828 , 0.0768984 , 0 , 0 , 0 , 0 , 0 , 0 , 0 , 0 , 
1e+200 , 0.152887 , 0.15293 , 0.143713 , 0.134512 , 0.134118 , 0.133768 , 0.127998 , 0.122287 , 0.123205 , 0.124275 , 0.116877 , 0.109619 , 0.101268 , 0.0930513 , 0.0887526 , 0.0847002 , 0.0831106 , 0.0818442 , 0.0842442 , 0.0869593 , 0.100198 , 0.113042 , 0.102145 , 0.0850566 , 0.0664148 , 0 , 0 , 0 , 0 , 0 , 0 , 0 , 
1e+200 , 0.154227 , 0.154258 , 0.14564 , 0.137034 , 0.136795 , 0.136587 , 0.130265 , 0.123984 , 0.125339 , 0.12681 , 0.119141 , 0.111582 , 0.102114 , 0.0927443 , 0.0863366 , 0.0800753 , 0.0769304 , 0.0740213 , 0.0758357 , 0.078101 , 0.0916985 , 0.106135 , 0.10297 , 0.0964801 , 0.0886137 , 0.0691923 , 0 , 0 , 0 , 0 , 0 , 0 , 
1e+200 , 0.155576 , 0.155598 , 0.147583 , 0.139576 , 0.1395 , 0.139447 , 0.132585 , 0.125754 , 0.12757 , 0.129474 , 0.121568 , 0.113746 , 0.103216 , 0.0927544 , 0.0843486 , 0.076018 , 0.0714615 , 0.0670556 , 0.0683344 , 0.0700546 , 0.0835468 , 0.0983434 , 0.100632 , 0.1017 , 0.100301 , 0.0921707 , 0.0719697 , 0 , 0 , 0 , 0 , 0 , 
1e+200 , 0.155027 , 0.155042 , 0.148265 , 0.141494 , 0.141581 , 0.141685 , 0.134384 , 0.127105 , 0.129312 , 0.131584 , 0.123632 , 0.115744 , 0.104323 , 0.0929505 , 0.0826667 , 0.0724118 , 0.0664279 , 0.0605212 , 0.0611176 , 0.0620723 , 0.0754176 , 0.090137 , 0.0967233 , 0.103496 , 0.10133 , 0.0959186 , 0.0934842 , 0.0729953 , 0 , 0 , 0 , 0 , 
1e+200 , 0.154482 , 0.154492 , 0.148955 , 0.143422 , 0.143677 , 0.143944 , 0.136212 , 0.128495 , 0.131108 , 0.133769 , 0.125791 , 0.117863 , 0.105582 , 0.0933354 , 0.0812358 , 0.0691365 , 0.0618265 , 0.0545425 , 0.0545867 , 0.0548993 , 0.0681731 , 0.0827022 , 0.0927641 , 0.103835 , 0.0992387 , 0.0929272 , 0.0973295 , 0.0947977 , 0.074021 , 0 , 0 , 0 , 
1e+200 , 0.15315 , 0.153157 , 0.149101 , 0.145048 , 0.145503 , 0.145966 , 0.137849 , 0.129743 , 0.132752 , 0.135796 , 0.127882 , 0.120005 , 0.106941 , 0.0938995 , 0.0800474 , 0.0661801 , 0.0575954 , 0.0490039 , 0.0485083 , 0.048199 , 0.0614958 , 0.0758538 , 0.0891186 , 0.103806 , 0.0961747 , 0.0874503 , 0.088706 , 0.0872139 , 0.109354 , 0.0853871 , 0 , 0 , 
1e+200 , 0.15182 , 0.151825 , 0.14925 , 0.146679 , 0.147336 , 0.147999 , 0.139502 , 0.131012 , 0.134425 , 0.137864 , 0.130026 , 0.122215 , 0.108384 , 0.0945692 , 0.0789962 , 0.0634007 , 0.053596 , 0.0437661 , 0.0428236 , 0.0420038 , 0.055478 , 0.0698095 , 0.0860759 , 0.103894 , 0.0929924 , 0.0812293 , 0.0776239 , 0.072676 , 0.102849 , 0.123911 , 0.0967533 , 0 , 
1e+200 , 0.151817 , 0.15182 , 0.149243 , 0.146669 , 0.147322 , 0.147979 , 0.139474 , 0.130975 , 0.134371 , 0.137786 , 0.129921 , 0.122076 , 0.108212 , 0.0943586 , 0.0787516 , 0.0631294 , 0.0532815 , 0.0434172 , 0.0423648 , 0.0414072 , 0.0544507 , 0.0681597 , 0.0835477 , 0.10023 , 0.0892337 , 0.0777147 , 0.0744269 , 0.0705293 , 0.102951 , 0.133094 , 0.123911 , 0.0967533 , 

shifts ,
0 , 0 , 0 , 0 , 0 , 0 , 0 , 0 , 0 , 0 , 0 , 0 , 0 , 0 , 0 , 0 , 0 , 0 , 0 , 0 , 0 , 0 , 0 , 0 , 0 , 0 , 0 , 0 , 0 , 0 , 0 , 0 , 0 , 
0 , 0 , 0 , 0 , 0 , 0 , 0 , 0 , 0 , 0 , 0 , 0 , 0 , 0 , 0 , 0 , 0 , 0 , 0 , 0 , 0 , 0 , 0 , 0 , 0 , 0 , 0 , 0 , 0 , 0 , 0 , 0 , 0 , 
0 , 0 , 0 , 0 , 0 , 0 , 0 , 0 , 0 , 0 , 0 , 0 , 0 , 0 , 0 , 0 , 0 , 0 , 0 , 0 , 0 , 0 , 0 , 0 , 0 , 0 , 0 , 0 , 0 , 0 , 0 , 0 , 0 , 
0 , 0 , 0 , 0 , 0 , 0 , 0 , 0 , 0 , 0 , 0 , 0 , 0 , 0 , 0 , 0 , 0 , 0 , 0 , 0 , 0 , 0 , 0 , 0 , 0 , 0 , 0 , 0 , 0 , 0 , 0 , 0 , 0 , 
0 , 0 , 0 , 0 , 0 , 0 , 0 , 0 , 0 , 0 , 0 , 0 , 0 , 0 , 0 , 0 , 0 , 0 , 0 , 0 , 0 , 0 , 0 , 0 , 0 , 0 , 0 , 0 , 0 , 0 , 0 , 0 , 0 , 
0 , 0 , 0 , 0 , 0 , 0 , 0 , 0 , 0 , 0 , 0 , 0 , 0 , 0 , 0 , 0 , 0 , 0 , 0 , 0 , 0 , 0 , 0 , 0 , 0 , 0 , 0 , 0 , 0 , 0 , 0 , 0 , 0 , 
0 , 0 , 0 , 0 , 0 , 0 , 0 , 0 , 0 , 0 , 0 , 0 , 0 , 0 , 0 , 0 , 0 , 0 , 0 , 0 , 0 , 0 , 0 , 0 , 0 , 0 , 0 , 0 , 0 , 0 , 0 , 0 , 0 , 
0 , 0 , 0 , 0 , 0 , 0 , 0 , 0 , 0 , 0 , 0 , 0 , 0 , 0 , 0 , 0 , 0 , 0 , 0 , 0 , 0 , 0 , 0 , 0 , 0 , 0 , 0 , 0 , 0 , 0 , 0 , 0 , 0 , 
0 , 0 , 0 , 0 , 0 , 0 , 0 , 0 , 0 , 0 , 0 , 0 , 0 , 0 , 0 , 0 , 0 , 0 , 0 , 0 , 0 , 0 , 0 , 0 , 0 , 0 , 0 , 0 , 0 , 0 , 0 , 0 , 0 , 
0 , 0 , 0 , 0 , 0 , 0 , 0 , 0 , 0 , 0 , 0 , 0 , 0 , 0 , 0 , 0 , 0 , 0 , 0 , 0 , 0 , 0 , 0 , 0 , 0 , 0 , 0 , 0 , 0 , 0 , 0 , 0 , 0 , 
0 , 0 , 0 , 0 , 0 , 0 , 0 , 0 , 0 , 0 , 0 , 0 , 0 , 0 , 0 , 0 , 0 , 0 , 0 , 0 , 0 , 0 , 0 , 0 , 0 , 0 , 0 , 0 , 0 , 0 , 0 , 0 , 0 , 
0 , 0 , 0 , 0 , 0 , 0 , 0 , 0 , 0 , 0 , 0 , 0 , 0 , 0 , 0 , 0 , 0 , 0 , 0 , 0 , 0 , 0 , 0 , 0 , 0 , 0 , 0 , 0 , 0 , 0 , 0 , 0 , 0 , 
0 , 0 , 0 , 0 , 0 , 0 , 0 , 0 , 0 , 0 , 0 , 0 , 0 , 0 , 0 , 0 , 0 , 0 , 0 , 0 , 0 , 0 , 0 , 0 , 0 , 0 , 0 , 0 , 0 , 0 , 0 , 0 , 0 , 
0 , 0 , 0 , 0 , 0 , 0 , 0 , 0 , 0 , 0 , 0 , 0 , 0 , 0 , 0 , 0 , 0 , 0 , 0 , 0 , 0 , 0 , 0 , 0 , 0 , 0 , 0 , 0 , 0 , 0 , 0 , 0 , 0 , 
0 , 0 , 0 , 0 , 0 , 0 , 0 , 0 , 0 , 0 , 0 , 0 , 0 , 0 , 0 , 0 , 0 , 0 , 0 , 0 , 0 , 0 , 0 , 0 , 0 , 0 , 0 , 0 , 0 , 0 , 0 , 0 , 0 , 
0 , 0 , 0 , 0 , 0 , 0 , 0 , 0 , 0 , 0 , 0 , 0 , 0 , 0 , 0 , 0 , 0 , 0 , 0 , 0 , 0 , 0 , 0 , 0 , 0 , 0 , 0 , 0 , 0 , 0 , 0 , 0 , 0 , 
0 , 0 , 0 , 0 , 0 , 0 , 0 , 0 , 0 , 0 , 0 , 0 , 0 , 0 , 0 , 0 , 0 , 0 , 0 , 0 , 0 , 0 , 0 , 0 , 0 , 0 , 0 , 0 , 0 , 0 , 0 , 0 , 0 , 
0 , 0 , 0 , 0 , 0 , 0 , 0 , 0 , 0 , 0 , 0 , 0 , 0 , 0 , 0 , 0 , 0 , 0 , 0 , 0 , 0 , 0 , 0 , 0 , 0 , 0 , 0 , 0 , 0 , 0 , 0 , 0 , 0 , 
0 , 0 , 0 , 0 , 0 , 0 , 0 , 0 , 0 , 0 , 0 , 0 , 0 , 0 , 0 , 0 , 0 , 0 , 0 , 0 , 0 , 0 , 0 , 0 , 0 , 0 , 0 , 0 , 0 , 0 , 0 , 0 , 0 , 
0 , 0 , 0 , 0 , 0 , 0 , 0 , 0 , 0 , 0 , 0 , 0 , 0 , 0 , 0 , 0 , 0 , 0 , 0 , 0 , 0 , 0 , 0 , 0 , 0 , 0 , 0 , 0 , 0 , 0 , 0 , 0 , 0 , 
0 , 0 , 0 , 0 , 0 , 0 , 0 , 0 , 0 , 0 , 0 , 0 , 0 , 0 , 0 , 0 , 0 , 0 , 0 , 0 , 0 , 0 , 0 , 0 , 0 , 0 , 0 , 0 , 0 , 0 , 0 , 0 , 0 , 
0 , 0 , 0 , 0 , 0 , 0 , 0 , 0 , 0 , 0 , 0 , 0 , 0 , 0 , 0 , 0 , 0 , 0 , 0 , 0 , 0 , 0 , 0 , 0 , 0 , 0 , 0 , 0 , 0 , 0 , 0 , 0 , 0 , 
0 , 0 , 0 , 0 , 0 , 0 , 0 , 0 , 0 , 0 , 0 , 0 , 0 , 0 , 0 , 0 , 0 , 0 , 0 , 0 , 0 , 0 , 0 , 0 , 0 , 0 , 0 , 0 , 0 , 0 , 0 , 0 , 0 , 
0 , 0 , 0 , 0 , 0 , 0 , 0 , 0 , 0 , 0 , 0 , 0 , 0 , 0 , 0 , 0 , 0 , 0 , 0 , 0 , 0 , 0 , 0 , 0 , 0 , 0 , 0 , 0 , 0 , 0 , 0 , 0 , 0 , 
0 , 0 , 0 , 0 , 0 , 0 , 0 , 0 , 0 , 0 , 0 , 0 , 0 , 0 , 0 , 0 , 0 , 0 , 0 , 0 , 0 , 0 , 0 , 0 , 0 , 0 , 0 , 0 , 0 , 0 , 0 , 0 , 0 , 
0 , 0 , 0 , 0 , 0 , 0 , 0 , 0 , 0 , 0 , 0 , 0 , 0 , 0 , 0 , 0 , 0 , 0 , 0 , 0 , 0 , 0 , 0 , 0 , 0 , 0 , 0 , 0 , 0 , 0 , 0 , 0 , 0 , 
0 , 0 , 0 , 0 , 0 , 0 , 0 , 0 , 0 , 0 , 0 , 0 , 0 , 0 , 0 , 0 , 0 , 0 , 0 , 0 , 0 , 0 , 0 , 0 , 0 , 0 , 0 , 0 , 0 , 0 , 0 , 0 , 0 , 
0 , 0 , 0 , 0 , 0 , 0 , 0 , 0 , 0 , 0 , 0 , 0 , 0 , 0 , 0 , 0 , 0 , 0 , 0 , 0 , 0 , 0 , 0 , 0 , 0 , 0 , 0 , 0 , 0 , 0 , 0 , 0 , 0 , 
0 , 0 , 0 , 0 , 0 , 0 , 0 , 0 , 0 , 0 , 0 , 0 , 0 , 0 , 0 , 0 , 0 , 0 , 0 , 0 , 0 , 0 , 0 , 0 , 0 , 0 , 0 , 0 , 0 , 0 , 0 , 0 , 0 , 
0 , 0 , 0 , 0 , 0 , 0 , 0 , 0 , 0 , 0 , 0 , 0 , 0 , 0 , 0 , 0 , 0 , 0 , 0 , 0 , 0 , 0 , 0 , 0 , 0 , 0 , 0 , 0 , 0 , 0 , 0 , 0 , 0 , 
0 , 0 , 0 , 0 , 0 , 0 , 0 , 0 , 0 , 0 , 0 , 0 , 0 , 0 , 0 , 0 , 0 , 0 , 0 , 0 , 0 , 0 , 0 , 0 , 0 , 0 , 0 , 0 , 0 , 0 , 0 , 0 , 0 , 
0 , 0 , 0 , 0 , 0 , 0 , 0 , 0 , 0 , 0 , 0 , 0 , 0 , 0 , 0 , 0 , 0 , 0 , 0 , 0 , 0 , 0 , 0 , 0 , 0 , 0 , 0 , 0 , 0 , 0 , 0 , 0 , 0 , 
0 , 0 , 0 , 0 , 0 , 0 , 0 , 0 , 0 , 0 , 0 , 0 , 0 , 0 , 0 , 0 , 0 , 0 , 0 , 0 , 0 , 0 , 0 , 0 , 0 , 0 , 0 , 0 , 0 , 0 , 0 , 0 , 0 , 

