g ,
1e+100 , 0 , 0 , 0 , 0 , 0 , 0 , 0 , 0 , 0 , 0 , 0 , 0 , 0 , 0 , 0 , 0 , 0 , 0 , 0 , 0 , 0 , 0 , 0 , 0 , 0 , 0 , 0 , 0 , 0 , 0 , 0 , 0 , 
1e+100 , 1.02444 , 0 , 0 , 0 , 0 , 0 , 0 , 0 , 0 , 0 , 0 , 0 , 0 , 0 , 0 , 0 , 0 , 0 , 0 , 0 , 0 , 0 , 0 , 0 , 0 , 0 , 0 , 0 , 0 , 0 , 0 , 0 , 
1e+100 , 1.02444 , 1.02444 , 0 , 0 , 0 , 0 , 0 , 0 , 0 , 0 , 0 , 0 , 0 , 0 , 0 , 0 , 0 , 0 , 0 , 0 , 0 , 0 , 0 , 0 , 0 , 0 , 0 , 0 , 0 , 0 , 0 , 0 , 
1e+100 , 1.02444 , 1.02444 , 1.02444 , 0 , 0 , 0 , 0 , 0 , 0 , 0 , 0 , 0 , 0 , 0 , 0 , 0 , 0 , 0 , 0 , 0 , 0 , 0 , 0 , 0 , 0 , 0 , 0 , 0 , 0 , 0 , 0 , 0 , 
1e+100 , 1.0316 , 1.0316 , 0.906203 , 0.906203 , 0 , 0 , 0 , 0 , 0 , 0 , 0 , 0 , 0 , 0 , 0 , 0 , 0 , 0 , 0 , 0 , 0 , 0 , 0 , 0 , 0 , 0 , 0 , 0 , 0 , 0 , 0 , 0 , 
1e+100 , 1.03876 , 1.03876 , 0.913362 , 0.787967 , 0.787967 , 0 , 0 , 0 , 0 , 0 , 0 , 0 , 0 , 0 , 0 , 0 , 0 , 0 , 0 , 0 , 0 , 0 , 0 , 0 , 0 , 0 , 0 , 0 , 0 , 0 , 0 , 0 , 
1e+100 , 1.04622 , 1.04622 , 0.927561 , 0.808903 , 0.873362 , 0.873362 , 0 , 0 , 0 , 0 , 0 , 0 , 0 , 0 , 0 , 0 , 0 , 0 , 0 , 0 , 0 , 0 , 0 , 0 , 0 , 0 , 0 , 0 , 0 , 0 , 0 , 0 , 
1e+100 , 1.05368 , 1.05368 , 0.941761 , 0.82984 , 0.894298 , 0.958756 , 0.958756 , 0 , 0 , 0 , 0 , 0 , 0 , 0 , 0 , 0 , 0 , 0 , 0 , 0 , 0 , 0 , 0 , 0 , 0 , 0 , 0 , 0 , 0 , 0 , 0 , 0 , 
1e+100 , 1.06152 , 1.06152 , 0.956148 , 0.85078 , 0.90484 , 0.958901 , 0.862411 , 0.862411 , 0 , 0 , 0 , 0 , 0 , 0 , 0 , 0 , 0 , 0 , 0 , 0 , 0 , 0 , 0 , 0 , 0 , 0 , 0 , 0 , 0 , 0 , 0 , 0 , 
1e+100 , 1.06935 , 1.06935 , 0.970534 , 0.87172 , 0.915383 , 0.959046 , 0.862556 , 0.766066 , 0.766066 , 0 , 0 , 0 , 0 , 0 , 0 , 0 , 0 , 0 , 0 , 0 , 0 , 0 , 0 , 0 , 0 , 0 , 0 , 0 , 0 , 0 , 0 , 0 , 
1e+100 , 1.0775 , 1.0775 , 0.985083 , 0.892665 , 0.925934 , 0.959203 , 0.870675 , 0.782146 , 0.798946 , 0.798946 , 0 , 0 , 0 , 0 , 0 , 0 , 0 , 0 , 0 , 0 , 0 , 0 , 0 , 0 , 0 , 0 , 0 , 0 , 0 , 0 , 0 , 0 , 
1e+100 , 1.08565 , 1.08565 , 0.999631 , 0.913611 , 0.936486 , 0.959361 , 0.878794 , 0.798227 , 0.815026 , 0.831825 , 0.831825 , 0 , 0 , 0 , 0 , 0 , 0 , 0 , 0 , 0 , 0 , 0 , 0 , 0 , 0 , 0 , 0 , 0 , 0 , 0 , 0 , 0 , 
1e+100 , 1.09403 , 1.09403 , 1.01429 , 0.934546 , 0.947039 , 0.959532 , 0.88692 , 0.814308 , 0.826335 , 0.838362 , 0.779772 , 0.779772 , 0 , 0 , 0 , 0 , 0 , 0 , 0 , 0 , 0 , 0 , 0 , 0 , 0 , 0 , 0 , 0 , 0 , 0 , 0 , 0 , 
1e+100 , 1.10241 , 1.10241 , 1.02894 , 0.955481 , 0.957592 , 0.959704 , 0.895046 , 0.830389 , 0.837644 , 0.844898 , 0.786308 , 0.727718 , 0.727718 , 0 , 0 , 0 , 0 , 0 , 0 , 0 , 0 , 0 , 0 , 0 , 0 , 0 , 0 , 0 , 0 , 0 , 0 , 0 , 
1e+100 , 1.11095 , 1.11095 , 1.04368 , 0.976405 , 0.968151 , 0.959897 , 0.903188 , 0.846479 , 0.848961 , 0.851443 , 0.796293 , 0.741142 , 0.720582 , 0.720582 , 0 , 0 , 0 , 0 , 0 , 0 , 0 , 0 , 0 , 0 , 0 , 0 , 0 , 0 , 0 , 0 , 0 , 0 , 
1e+100 , 1.11949 , 1.11949 , 1.05841 , 0.997329 , 0.97871 , 0.96009 , 0.91133 , 0.86257 , 0.860279 , 0.857987 , 0.806277 , 0.754567 , 0.734006 , 0.713445 , 0.713445 , 0 , 0 , 0 , 0 , 0 , 0 , 0 , 0 , 0 , 0 , 0 , 0 , 0 , 0 , 0 , 0 , 0 , 
1e+100 , 1.12818 , 1.12818 , 1.07322 , 1.01826 , 0.989289 , 0.96032 , 0.919502 , 0.878685 , 0.871618 , 0.864552 , 0.816275 , 0.767997 , 0.743899 , 0.7198 , 0.719361 , 0.719361 , 0 , 0 , 0 , 0 , 0 , 0 , 0 , 0 , 0 , 0 , 0 , 0 , 0 , 0 , 0 , 0 , 
1e+100 , 1.13686 , 1.13686 , 1.08803 , 1.03919 , 0.999869 , 0.96055 , 0.927675 , 0.894799 , 0.882958 , 0.871117 , 0.826272 , 0.781427 , 0.753791 , 0.726155 , 0.725716 , 0.725276 , 0.725276 , 0 , 0 , 0 , 0 , 0 , 0 , 0 , 0 , 0 , 0 , 0 , 0 , 0 , 0 , 0 , 
1e+100 , 1.14569 , 1.14569 , 1.10292 , 1.06015 , 1.01049 , 0.960834 , 0.935894 , 0.910953 , 0.894335 , 0.877716 , 0.836296 , 0.794876 , 0.763696 , 0.732516 , 0.727499 , 0.722482 , 0.708755 , 0.708755 , 0 , 0 , 0 , 0 , 0 , 0 , 0 , 0 , 0 , 0 , 0 , 0 , 0 , 0 , 
1e+100 , 1.15451 , 1.15451 , 1.11781 , 1.08111 , 1.02111 , 0.961118 , 0.944112 , 0.927107 , 0.905712 , 0.884316 , 0.84632 , 0.808324 , 0.7736 , 0.738877 , 0.729283 , 0.719688 , 0.705961 , 0.692233 , 0.692233 , 0 , 0 , 0 , 0 , 0 , 0 , 0 , 0 , 0 , 0 , 0 , 0 , 0 , 
1e+100 , 1.16346 , 1.16346 , 1.13279 , 1.10211 , 1.03179 , 0.961461 , 0.952384 , 0.943306 , 0.917132 , 0.890957 , 0.856377 , 0.821796 , 0.783522 , 0.745248 , 0.731072 , 0.716896 , 0.698397 , 0.679897 , 0.659206 , 0.659206 , 0 , 0 , 0 , 0 , 0 , 0 , 0 , 0 , 0 , 0 , 0 , 0 , 
1e+100 , 1.17241 , 1.17241 , 1.14776 , 1.12312 , 1.04246 , 0.961804 , 0.960655 , 0.959506 , 0.928552 , 0.897597 , 0.866433 , 0.835269 , 0.793445 , 0.75162 , 0.732862 , 0.714105 , 0.690833 , 0.667562 , 0.646871 , 0.626179 , 0.626179 , 0 , 0 , 0 , 0 , 0 , 0 , 0 , 0 , 0 , 0 , 0 , 
1e+100 , 1.18146 , 1.18146 , 1.16281 , 1.14417 , 1.05318 , 0.9622 , 0.968973 , 0.975747 , 0.940011 , 0.904275 , 0.87652 , 0.848765 , 0.803385 , 0.758005 , 0.734661 , 0.711317 , 0.683272 , 0.655227 , 0.634029 , 0.612831 , 0.676154 , 0.676154 , 0 , 0 , 0 , 0 , 0 , 0 , 0 , 0 , 0 , 0 , 
1e+100 , 1.19051 , 1.19051 , 1.17786 , 1.16522 , 1.06391 , 0.962596 , 0.977292 , 0.991988 , 0.95147 , 0.910952 , 0.886607 , 0.862262 , 0.813326 , 0.76439 , 0.73646 , 0.70853 , 0.675711 , 0.642892 , 0.621188 , 0.599483 , 0.662806 , 0.726128 , 0.726128 , 0 , 0 , 0 , 0 , 0 , 0 , 0 , 0 , 0 , 
1e+100 , 1.19963 , 1.19963 , 1.19296 , 1.1863 , 1.07466 , 0.963028 , 0.985643 , 1.00826 , 0.962957 , 0.917656 , 0.896716 , 0.875776 , 0.823281 , 0.770786 , 0.738266 , 0.705747 , 0.668153 , 0.630558 , 0.608347 , 0.586135 , 0.647332 , 0.708529 , 0.655207 , 0.655207 , 0 , 0 , 0 , 0 , 0 , 0 , 0 , 0 , 
1e+100 , 1.20875 , 1.20875 , 1.20806 , 1.20738 , 1.08542 , 0.963461 , 0.993994 , 1.02453 , 0.974443 , 0.924359 , 0.906825 , 0.889291 , 0.833236 , 0.777182 , 0.740073 , 0.702964 , 0.660594 , 0.618224 , 0.595506 , 0.572787 , 0.631858 , 0.690929 , 0.637607 , 0.584285 , 0.584285 , 0 , 0 , 0 , 0 , 0 , 0 , 0 , 
1e+100 , 1.2179 , 1.2179 , 1.22319 , 1.22848 , 1.0962 , 0.963913 , 1.00236 , 1.04081 , 0.985945 , 0.931077 , 0.916946 , 0.902815 , 0.843199 , 0.783583 , 0.741883 , 0.700183 , 0.653037 , 0.605891 , 0.582664 , 0.559438 , 0.616383 , 0.673329 , 0.639305 , 0.605281 , 0.611142 , 0.611142 , 0 , 0 , 0 , 0 , 0 , 0 , 
1e+100 , 1.22705 , 1.22705 , 1.23832 , 1.24958 , 1.10697 , 0.964365 , 1.01073 , 1.0571 , 0.997447 , 0.937795 , 0.927067 , 0.916339 , 0.853162 , 0.789985 , 0.743694 , 0.697403 , 0.64548 , 0.593557 , 0.569823 , 0.546089 , 0.600909 , 0.655729 , 0.641003 , 0.626276 , 0.632138 , 0.637999 , 0.637999 , 0 , 0 , 0 , 0 , 0 , 
1e+100 , 1.23622 , 1.23622 , 1.25345 , 1.27069 , 1.11776 , 0.964825 , 1.01911 , 1.07339 , 1.00895 , 0.944518 , 0.937192 , 0.929867 , 0.863128 , 0.796388 , 0.745506 , 0.694623 , 0.637923 , 0.581224 , 0.556981 , 0.532739 , 0.585434 , 0.638129 , 0.6427 , 0.647272 , 0.623379 , 0.599486 , 0.629752 , 0.629752 , 0 , 0 , 0 , 0 , 
1e+100 , 1.24538 , 1.24538 , 1.26859 , 1.2918 , 1.12854 , 0.965285 , 1.02748 , 1.08968 , 1.02046 , 0.951241 , 0.947318 , 0.943394 , 0.873093 , 0.802792 , 0.747318 , 0.691843 , 0.630367 , 0.56889 , 0.544139 , 0.519389 , 0.569958 , 0.620528 , 0.644398 , 0.668267 , 0.614621 , 0.560974 , 0.591239 , 0.621505 , 0.621505 , 0 , 0 , 0 , 
1e+100 , 1.25455 , 1.25455 , 1.28373 , 1.3129 , 1.13932 , 0.965746 , 1.03586 , 1.10597 , 1.03197 , 0.957965 , 0.957444 , 0.956922 , 0.883059 , 0.809196 , 0.74913 , 0.689064 , 0.62281 , 0.556556 , 0.531297 , 0.506038 , 0.554483 , 0.602927 , 0.646095 , 0.689263 , 0.605862 , 0.522462 , 0.526317 , 0.530173 , 0.71244 , 0.71244 , 0 , 0 , 
1e+100 , 1.26372 , 1.26372 , 1.29886 , 1.33401 , 1.15011 , 0.966208 , 1.04424 , 1.12226 , 1.04348 , 0.964689 , 0.96757 , 0.97045 , 0.893025 , 0.8156 , 0.750942 , 0.686284 , 0.615253 , 0.544222 , 0.518455 , 0.492688 , 0.539007 , 0.585326 , 0.647792 , 0.710258 , 0.597104 , 0.483949 , 0.461395 , 0.438841 , 0.621108 , 0.803375 , 0.803375 , 0 , 
1e+100 , 1.26372 , 1.26372 , 1.29886 , 1.33401 , 1.15011 , 0.966208 , 1.04424 , 1.12226 , 1.04348 , 0.964689 , 0.96757 , 0.97045 , 0.893025 , 0.8156 , 0.750942 , 0.686284 , 0.615253 , 0.544222 , 0.518455 , 0.492688 , 0.539007 , 0.585326 , 0.647792 , 0.710258 , 0.597104 , 0.483949 , 0.461395 , 0.438841 , 0.621108 , 0.803375 , 0.803375 , 0.803375 , 

h ,
1e+100 , 0 , 0 , 0 , 0 , 0 , 0 , 0 , 0 , 0 , 0 , 0 , 0 , 0 , 0 , 0 , 0 , 0 , 0 , 0 , 0 , 0 , 0 , 0 , 0 , 0 , 0 , 0 , 0 , 0 , 0 , 0 , 0 , 
1e+100 , 0.120859 , 0 , 0 , 0 , 0 , 0 , 0 , 0 , 0 , 0 , 0 , 0 , 0 , 0 , 0 , 0 , 0 , 0 , 0 , 0 , 0 , 0 , 0 , 0 , 0 , 0 , 0 , 0 , 0 , 0 , 0 , 0 , 
1e+100 , 0.154783 , 0.120859 , 0 , 0 , 0 , 0 , 0 , 0 , 0 , 0 , 0 , 0 , 0 , 0 , 0 , 0 , 0 , 0 , 0 , 0 , 0 , 0 , 0 , 0 , 0 , 0 , 0 , 0 , 0 , 0 , 0 , 0 , 
1e+100 , 0.166254 , 0.154783 , 0.120859 , 0 , 0 , 0 , 0 , 0 , 0 , 0 , 0 , 0 , 0 , 0 , 0 , 0 , 0 , 0 , 0 , 0 , 0 , 0 , 0 , 0 , 0 , 0 , 0 , 0 , 0 , 0 , 0 , 0 , 
1e+100 , 0.166418 , 0.166254 , 0.154783 , 0.120859 , 0 , 0 , 0 , 0 , 0 , 0 , 0 , 0 , 0 , 0 , 0 , 0 , 0 , 0 , 0 , 0 , 0 , 0 , 0 , 0 , 0 , 0 , 0 , 0 , 0 , 0 , 0 , 0 , 
1e+100 , 0.161502 , 0.166418 , 0.166254 , 0.154783 , 0.120859 , 0 , 0 , 0 , 0 , 0 , 0 , 0 , 0 , 0 , 0 , 0 , 0 , 0 , 0 , 0 , 0 , 0 , 0 , 0 , 0 , 0 , 0 , 0 , 0 , 0 , 0 , 0 , 
1e+100 , 0.154851 , 0.161502 , 0.166418 , 0.166254 , 0.154783 , 0.120859 , 0 , 0 , 0 , 0 , 0 , 0 , 0 , 0 , 0 , 0 , 0 , 0 , 0 , 0 , 0 , 0 , 0 , 0 , 0 , 0 , 0 , 0 , 0 , 0 , 0 , 0 , 
1e+100 , 0.148151 , 0.154851 , 0.161502 , 0.166418 , 0.166254 , 0.154783 , 0.120859 , 0 , 0 , 0 , 0 , 0 , 0 , 0 , 0 , 0 , 0 , 0 , 0 , 0 , 0 , 0 , 0 , 0 , 0 , 0 , 0 , 0 , 0 , 0 , 0 , 0 , 
1e+100 , 0.142163 , 0.148151 , 0.154851 , 0.161502 , 0.166418 , 0.166254 , 0.154783 , 0.120859 , 0 , 0 , 0 , 0 , 0 , 0 , 0 , 0 , 0 , 0 , 0 , 0 , 0 , 0 , 0 , 0 , 0 , 0 , 0 , 0 , 0 , 0 , 0 , 0 , 
1e+100 , 0.137149 , 0.142163 , 0.148151 , 0.154851 , 0.161502 , 0.166418 , 0.166254 , 0.154783 , 0.120859 , 0 , 0 , 0 , 0 , 0 , 0 , 0 , 0 , 0 , 0 , 0 , 0 , 0 , 0 , 0 , 0 , 0 , 0 , 0 , 0 , 0 , 0 , 0 , 
1e+100 , 0.133121 , 0.137149 , 0.142163 , 0.148151 , 0.154851 , 0.161502 , 0.166418 , 0.166254 , 0.154783 , 0.120859 , 0 , 0 , 0 , 0 , 0 , 0 , 0 , 0 , 0 , 0 , 0 , 0 , 0 , 0 , 0 , 0 , 0 , 0 , 0 , 0 , 0 , 0 , 
1e+100 , 0.129975 , 0.133121 , 0.137149 , 0.142163 , 0.148151 , 0.154851 , 0.161502 , 0.166418 , 0.166254 , 0.154783 , 0.120859 , 0 , 0 , 0 , 0 , 0 , 0 , 0 , 0 , 0 , 0 , 0 , 0 , 0 , 0 , 0 , 0 , 0 , 0 , 0 , 0 , 0 , 
1e+100 , 0.127568 , 0.129975 , 0.133121 , 0.137149 , 0.142163 , 0.148151 , 0.154851 , 0.161502 , 0.166418 , 0.166254 , 0.154783 , 0.120859 , 0 , 0 , 0 , 0 , 0 , 0 , 0 , 0 , 0 , 0 , 0 , 0 , 0 , 0 , 0 , 0 , 0 , 0 , 0 , 0 , 
1e+100 , 0.125756 , 0.127568 , 0.129975 , 0.133121 , 0.137149 , 0.142163 , 0.148151 , 0.154851 , 0.161502 , 0.166418 , 0.166254 , 0.154783 , 0.120859 , 0 , 0 , 0 , 0 , 0 , 0 , 0 , 0 , 0 , 0 , 0 , 0 , 0 , 0 , 0 , 0 , 0 , 0 , 0 , 
1e+100 , 0.124409 , 0.125756 , 0.127568 , 0.129975 , 0.133121 , 0.137149 , 0.142163 , 0.148151 , 0.154851 , 0.161502 , 0.166418 , 0.166254 , 0.154783 , 0.120859 , 0 , 0 , 0 , 0 , 0 , 0 , 0 , 0 , 0 , 0 , 0 , 0 , 0 , 0 , 0 , 0 , 0 , 0 , 
1e+100 , 0.123417 , 0.124409 , 0.125756 , 0.127568 , 0.129975 , 0.133121 , 0.137149 , 0.142163 , 0.148151 , 0.154851 , 0.161502 , 0.166418 , 0.166254 , 0.154783 , 0.120859 , 0 , 0 , 0 , 0 , 0 , 0 , 0 , 0 , 0 , 0 , 0 , 0 , 0 , 0 , 0 , 0 , 0 , 
1e+100 , 0.122693 , 0.123417 , 0.124409 , 0.125756 , 0.127568 , 0.129975 , 0.133121 , 0.137149 , 0.142163 , 0.148151 , 0.154851 , 0.161502 , 0.166418 , 0.166254 , 0.154783 , 0.120859 , 0 , 0 , 0 , 0 , 0 , 0 , 0 , 0 , 0 , 0 , 0 , 0 , 0 , 0 , 0 , 0 , 
1e+100 , 0.122168 , 0.122693 , 0.123417 , 0.124409 , 0.125756 , 0.127568 , 0.129975 , 0.133121 , 0.137149 , 0.142163 , 0.148151 , 0.154851 , 0.161502 , 0.166418 , 0.166254 , 0.154783 , 0.120859 , 0 , 0 , 0 , 0 , 0 , 0 , 0 , 0 , 0 , 0 , 0 , 0 , 0 , 0 , 0 , 
1e+100 , 0.12179 , 0.122168 , 0.122693 , 0.123417 , 0.124409 , 0.125756 , 0.127568 , 0.129975 , 0.133121 , 0.137149 , 0.142163 , 0.148151 , 0.154851 , 0.161502 , 0.166418 , 0.166254 , 0.154783 , 0.120859 , 0 , 0 , 0 , 0 , 0 , 0 , 0 , 0 , 0 , 0 , 0 , 0 , 0 , 0 , 
1e+100 , 0.121518 , 0.12179 , 0.122168 , 0.122693 , 0.123417 , 0.124409 , 0.125756 , 0.127568 , 0.129975 , 0.133121 , 0.137149 , 0.142163 , 0.148151 , 0.154851 , 0.161502 , 0.166418 , 0.166254 , 0.154783 , 0.120859 , 0 , 0 , 0 , 0 , 0 , 0 , 0 , 0 , 0 , 0 , 0 , 0 , 0 , 
1e+100 , 0.121325 , 0.121518 , 0.12179 , 0.122168 , 0.122693 , 0.123417 , 0.124409 , 0.125756 , 0.127568 , 0.129975 , 0.133121 , 0.137149 , 0.142163 , 0.148151 , 0.154851 , 0.161502 , 0.166418 , 0.166254 , 0.154783 , 0.120859 , 0 , 0 , 0 , 0 , 0 , 0 , 0 , 0 , 0 , 0 , 0 , 0 , 
1e+100 , 0.121187 , 0.121325 , 0.121518 , 0.12179 , 0.122168 , 0.122693 , 0.123417 , 0.124409 , 0.125756 , 0.127568 , 0.129975 , 0.133121 , 0.137149 , 0.142163 , 0.148151 , 0.154851 , 0.161502 , 0.166418 , 0.166254 , 0.154783 , 0.120859 , 0 , 0 , 0 , 0 , 0 , 0 , 0 , 0 , 0 , 0 , 0 , 
1e+100 , 0.12109 , 0.121187 , 0.121325 , 0.121518 , 0.12179 , 0.122168 , 0.122693 , 0.123417 , 0.124409 , 0.125756 , 0.127568 , 0.129975 , 0.133121 , 0.137149 , 0.142163 , 0.148151 , 0.154851 , 0.161502 , 0.166418 , 0.166254 , 0.154783 , 0.120859 , 0 , 0 , 0 , 0 , 0 , 0 , 0 , 0 , 0 , 0 , 
1e+100 , 0.121021 , 0.12109 , 0.121187 , 0.121325 , 0.121518 , 0.12179 , 0.122168 , 0.122693 , 0.123417 , 0.124409 , 0.125756 , 0.127568 , 0.129975 , 0.133121 , 0.137149 , 0.142163 , 0.148151 , 0.154851 , 0.161502 , 0.166418 , 0.166254 , 0.154783 , 0.120859 , 0 , 0 , 0 , 0 , 0 , 0 , 0 , 0 , 0 , 
1e+100 , 0.120972 , 0.121021 , 0.12109 , 0.121187 , 0.121325 , 0.121518 , 0.12179 , 0.122168 , 0.122693 , 0.123417 , 0.124409 , 0.125756 , 0.127568 , 0.129975 , 0.133121 , 0.137149 , 0.142163 , 0.148151 , 0.154851 , 0.161502 , 0.166418 , 0.166254 , 0.154783 , 0.120859 , 0 , 0 , 0 , 0 , 0 , 0 , 0 , 0 , 
1e+100 , 0.120938 , 0.120972 , 0.121021 , 0.12109 , 0.121187 , 0.121325 , 0.121518 , 0.12179 , 0.122168 , 0.122693 , 0.123417 , 0.124409 , 0.125756 , 0.127568 , 0.129975 , 0.133121 , 0.137149 , 0.142163 , 0.148151 , 0.154851 , 0.161502 , 0.166418 , 0.166254 , 0.154783 , 0.120859 , 0 , 0 , 0 , 0 , 0 , 0 , 0 , 
1e+100 , 0.120914 , 0.120938 , 0.120972 , 0.121021 , 0.12109 , 0.121187 , 0.121325 , 0.121518 , 0.12179 , 0.122168 , 0.122693 , 0.123417 , 0.124409 , 0.125756 , 0.127568 , 0.129975 , 0.133121 , 0.137149 , 0.142163 , 0.148151 , 0.154851 , 0.161502 , 0.166418 , 0.166254 , 0.154783 , 0.120859 , 0 , 0 , 0 , 0 , 0 , 0 , 
1e+100 , 0.120898 , 0.120914 , 0.120938 , 0.120972 , 0.121021 , 0.12109 , 0.121187 , 0.121325 , 0.121518 , 0.12179 , 0.122168 , 0.122693 , 0.123417 , 0.124409 , 0.125756 , 0.127568 , 0.129975 , 0.133121 , 0.137149 , 0.142163 , 0.148151 , 0.154851 , 0.161502 , 0.166418 , 0.166254 , 0.154783 , 0.120859 , 0 , 0 , 0 , 0 , 0 , 
1e+100 , 0.120886 , 0.120898 , 0.120914 , 0.120938 , 0.120972 , 0.121021 , 0.12109 , 0.121187 , 0.121325 , 0.121518 , 0.12179 , 0.122168 , 0.122693 , 0.123417 , 0.124409 , 0.125756 , 0.127568 , 0.129975 , 0.133121 , 0.137149 , 0.142163 , 0.148151 , 0.154851 , 0.161502 , 0.166418 , 0.166254 , 0.154783 , 0.120859 , 0 , 0 , 0 , 0 , 
1e+100 , 0.120878 , 0.120886 , 0.120898 , 0.120914 , 0.120938 , 0.120972 , 0.121021 , 0.12109 , 0.121187 , 0.121325 , 0.121518 , 0.12179 , 0.122168 , 0.122693 , 0.123417 , 0.124409 , 0.125756 , 0.127568 , 0.129975 , 0.133121 , 0.137149 , 0.142163 , 0.148151 , 0.154851 , 0.161502 , 0.166418 , 0.166254 , 0.154783 , 0.120859 , 0 , 0 , 0 , 
1e+100 , 0.120872 , 0.120878 , 0.120886 , 0.120898 , 0.120914 , 0.120938 , 0.120972 , 0.121021 , 0.12109 , 0.121187 , 0.121325 , 0.121518 , 0.12179 , 0.122168 , 0.122693 , 0.123417 , 0.124409 , 0.125756 , 0.127568 , 0.129975 , 0.133121 , 0.137149 , 0.142163 , 0.148151 , 0.154851 , 0.161502 , 0.166418 , 0.166254 , 0.154783 , 0.120859 , 0 , 0 , 
1e+100 , 0.120868 , 0.120872 , 0.120878 , 0.120886 , 0.120898 , 0.120914 , 0.120938 , 0.120972 , 0.121021 , 0.12109 , 0.121187 , 0.121325 , 0.121518 , 0.12179 , 0.122168 , 0.122693 , 0.123417 , 0.124409 , 0.125756 , 0.127568 , 0.129975 , 0.133121 , 0.137149 , 0.142163 , 0.148151 , 0.154851 , 0.161502 , 0.166418 , 0.166254 , 0.154783 , 0.120859 , 0 , 
1e+100 , 0.120866 , 0.120868 , 0.120872 , 0.120878 , 0.120886 , 0.120898 , 0.120914 , 0.120938 , 0.120972 , 0.121021 , 0.12109 , 0.121187 , 0.121325 , 0.121518 , 0.12179 , 0.122168 , 0.122693 , 0.123417 , 0.124409 , 0.125756 , 0.127568 , 0.129975 , 0.133121 , 0.137149 , 0.142163 , 0.148151 , 0.154851 , 0.161502 , 0.166418 , 0.166254 , 0.154783 , 0.120859 , 

h*g ,
1e+200 , 0 , 0 , 0 , 0 , 0 , 0 , 0 , 0 , 0 , 0 , 0 , 0 , 0 , 0 , 0 , 0 , 0 , 0 , 0 , 0 , 0 , 0 , 0 , 0 , 0 , 0 , 0 , 0 , 0 , 0 , 0 , 0 , 
1e+200 , 0.123813 , 0 , 0 , 0 , 0 , 0 , 0 , 0 , 0 , 0 , 0 , 0 , 0 , 0 , 0 , 0 , 0 , 0 , 0 , 0 , 0 , 0 , 0 , 0 , 0 , 0 , 0 , 0 , 0 , 0 , 0 , 0 , 
1e+200 , 0.158566 , 0.123813 , 0 , 0 , 0 , 0 , 0 , 0 , 0 , 0 , 0 , 0 , 0 , 0 , 0 , 0 , 0 , 0 , 0 , 0 , 0 , 0 , 0 , 0 , 0 , 0 , 0 , 0 , 0 , 0 , 0 , 0 , 
1e+200 , 0.170318 , 0.158566 , 0.123813 , 0 , 0 , 0 , 0 , 0 , 0 , 0 , 0 , 0 , 0 , 0 , 0 , 0 , 0 , 0 , 0 , 0 , 0 , 0 , 0 , 0 , 0 , 0 , 0 , 0 , 0 , 0 , 0 , 0 , 
1e+200 , 0.171677 , 0.171508 , 0.140265 , 0.109523 , 0 , 0 , 0 , 0 , 0 , 0 , 0 , 0 , 0 , 0 , 0 , 0 , 0 , 0 , 0 , 0 , 0 , 0 , 0 , 0 , 0 , 0 , 0 , 0 , 0 , 0 , 0 , 0 , 
1e+200 , 0.167762 , 0.172868 , 0.15185 , 0.121964 , 0.0952332 , 0 , 0 , 0 , 0 , 0 , 0 , 0 , 0 , 0 , 0 , 0 , 0 , 0 , 0 , 0 , 0 , 0 , 0 , 0 , 0 , 0 , 0 , 0 , 0 , 0 , 0 , 0 , 
1e+200 , 0.162008 , 0.168967 , 0.154363 , 0.134484 , 0.135182 , 0.105554 , 0 , 0 , 0 , 0 , 0 , 0 , 0 , 0 , 0 , 0 , 0 , 0 , 0 , 0 , 0 , 0 , 0 , 0 , 0 , 0 , 0 , 0 , 0 , 0 , 0 , 0 , 
1e+200 , 0.156104 , 0.163164 , 0.152097 , 0.1381 , 0.148681 , 0.148399 , 0.115875 , 0 , 0 , 0 , 0 , 0 , 0 , 0 , 0 , 0 , 0 , 0 , 0 , 0 , 0 , 0 , 0 , 0 , 0 , 0 , 0 , 0 , 0 , 0 , 0 , 0 , 
1e+200 , 0.150908 , 0.157264 , 0.14806 , 0.137403 , 0.150582 , 0.159421 , 0.133487 , 0.104231 , 0 , 0 , 0 , 0 , 0 , 0 , 0 , 0 , 0 , 0 , 0 , 0 , 0 , 0 , 0 , 0 , 0 , 0 , 0 , 0 , 0 , 0 , 0 , 0 , 
1e+200 , 0.14666 , 0.152021 , 0.143785 , 0.134987 , 0.147836 , 0.159603 , 0.143404 , 0.118574 , 0.0925863 , 0 , 0 , 0 , 0 , 0 , 0 , 0 , 0 , 0 , 0 , 0 , 0 , 0 , 0 , 0 , 0 , 0 , 0 , 0 , 0 , 0 , 0 , 0 , 
1e+200 , 0.143438 , 0.147778 , 0.140042 , 0.132249 , 0.143382 , 0.154914 , 0.144896 , 0.130035 , 0.123663 , 0.0965601 , 0 , 0 , 0 , 0 , 0 , 0 , 0 , 0 , 0 , 0 , 0 , 0 , 0 , 0 , 0 , 0 , 0 , 0 , 0 , 0 , 0 , 0 , 
1e+200 , 0.141107 , 0.144523 , 0.137099 , 0.129881 , 0.138741 , 0.148558 , 0.141927 , 0.132839 , 0.135502 , 0.128752 , 0.100534 , 0 , 0 , 0 , 0 , 0 , 0 , 0 , 0 , 0 , 0 , 0 , 0 , 0 , 0 , 0 , 0 , 0 , 0 , 0 , 0 , 0 , 
1e+200 , 0.139563 , 0.142196 , 0.135023 , 0.128172 , 0.134634 , 0.142155 , 0.13734 , 0.131513 , 0.137517 , 0.139381 , 0.120696 , 0.0942428 , 0 , 0 , 0 , 0 , 0 , 0 , 0 , 0 , 0 , 0 , 0 , 0 , 0 , 0 , 0 , 0 , 0 , 0 , 0 , 0 , 
1e+200 , 0.138634 , 0.140632 , 0.133737 , 0.127194 , 0.131333 , 0.136434 , 0.132602 , 0.128586 , 0.135281 , 0.140607 , 0.130727 , 0.112639 , 0.0879516 , 0 , 0 , 0 , 0 , 0 , 0 , 0 , 0 , 0 , 0 , 0 , 0 , 0 , 0 , 0 , 0 , 0 , 0 , 0 , 
1e+200 , 0.138212 , 0.139709 , 0.13314 , 0.126908 , 0.128881 , 0.131649 , 0.1284 , 0.125407 , 0.131462 , 0.13751 , 0.132518 , 0.123218 , 0.111534 , 0.0870891 , 0 , 0 , 0 , 0 , 0 , 0 , 0 , 0 , 0 , 0 , 0 , 0 , 0 , 0 , 0 , 0 , 0 , 0 , 
1e+200 , 0.138164 , 0.139275 , 0.133102 , 0.127227 , 0.127207 , 0.127808 , 0.124988 , 0.122625 , 0.127451 , 0.13286 , 0.130216 , 0.125574 , 0.122032 , 0.110429 , 0.0862266 , 0 , 0 , 0 , 0 , 0 , 0 , 0 , 0 , 0 , 0 , 0 , 0 , 0 , 0 , 0 , 0 , 0 , 
1e+200 , 0.138419 , 0.139236 , 0.133518 , 0.128052 , 0.126202 , 0.124817 , 0.122405 , 0.120511 , 0.123912 , 0.128084 , 0.126401 , 0.124033 , 0.123798 , 0.11967 , 0.111345 , 0.0869415 , 0 , 0 , 0 , 0 , 0 , 0 , 0 , 0 , 0 , 0 , 0 , 0 , 0 , 0 , 0 , 0 , 
1e+200 , 0.138888 , 0.139485 , 0.134281 , 0.129284 , 0.12574 , 0.122536 , 0.120574 , 0.119116 , 0.121097 , 0.12384 , 0.122413 , 0.121005 , 0.121739 , 0.120845 , 0.120653 , 0.112261 , 0.0876565 , 0 , 0 , 0 , 0 , 0 , 0 , 0 , 0 , 0 , 0 , 0 , 0 , 0 , 0 , 0 , 
1e+200 , 0.139533 , 0.139966 , 0.13532 , 0.13084 , 0.125714 , 0.120831 , 0.11939 , 0.118401 , 0.119055 , 0.120378 , 0.11889 , 0.117761 , 0.118259 , 0.118303 , 0.121069 , 0.120116 , 0.109703 , 0.0856597 , 0 , 0 , 0 , 0 , 0 , 0 , 0 , 0 , 0 , 0 , 0 , 0 , 0 , 0 , 
1e+200 , 0.140294 , 0.140607 , 0.13656 , 0.132644 , 0.126022 , 0.119571 , 0.118728 , 0.118269 , 0.11772 , 0.117721 , 0.116072 , 0.114913 , 0.114609 , 0.114416 , 0.117781 , 0.119769 , 0.117369 , 0.107146 , 0.0836629 , 0 , 0 , 0 , 0 , 0 , 0 , 0 , 0 , 0 , 0 , 0 , 0 , 0 , 
1e+200 , 0.141156 , 0.141382 , 0.137961 , 0.134643 , 0.126593 , 0.11866 , 0.118485 , 0.118627 , 0.116997 , 0.115802 , 0.114002 , 0.112709 , 0.111388 , 0.110409 , 0.113207 , 0.115781 , 0.116226 , 0.113036 , 0.102034 , 0.0796713 , 0 , 0 , 0 , 0 , 0 , 0 , 0 , 0 , 0 , 0 , 0 , 0 , 
1e+200 , 0.142081 , 0.142242 , 0.139474 , 0.136784 , 0.127355 , 0.118006 , 0.118561 , 0.119371 , 0.116771 , 0.114505 , 0.112614 , 0.111192 , 0.10882 , 0.106852 , 0.108574 , 0.11058 , 0.111571 , 0.111094 , 0.107545 , 0.096922 , 0.0756797 , 0 , 0 , 0 , 0 , 0 , 0 , 0 , 0 , 0 , 0 , 0 , 
1e+200 , 0.143063 , 0.143178 , 0.141078 , 0.139037 , 0.128267 , 0.11755 , 0.118886 , 0.120424 , 0.116945 , 0.113718 , 0.111816 , 0.110318 , 0.106947 , 0.10396 , 0.104441 , 0.105382 , 0.105805 , 0.105821 , 0.105514 , 0.101886 , 0.104657 , 0.0817196 , 0 , 0 , 0 , 0 , 0 , 0 , 0 , 0 , 0 , 0 , 
1e+200 , 0.144077 , 0.144159 , 0.142742 , 0.14137 , 0.129284 , 0.117234 , 0.119394 , 0.12171 , 0.117427 , 0.11333 , 0.111496 , 0.109997 , 0.105712 , 0.101756 , 0.101005 , 0.100726 , 0.100107 , 0.0995524 , 0.100323 , 0.099765 , 0.110194 , 0.112392 , 0.0877594 , 0 , 0 , 0 , 0 , 0 , 0 , 0 , 0 , 0 , 
1e+200 , 0.145122 , 0.14518 , 0.144456 , 0.143764 , 0.130383 , 0.117026 , 0.120041 , 0.123177 , 0.118148 , 0.113254 , 0.111559 , 0.110134 , 0.105024 , 0.100183 , 0.0982786 , 0.0967925 , 0.0949864 , 0.0934177 , 0.094203 , 0.0946622 , 0.107728 , 0.117796 , 0.101415 , 0.0791879 , 0 , 0 , 0 , 0 , 0 , 0 , 0 , 0 , 
1e+200 , 0.146184 , 0.146225 , 0.146201 , 0.146201 , 0.131539 , 0.116892 , 0.120788 , 0.124777 , 0.119046 , 0.113412 , 0.111917 , 0.110636 , 0.104785 , 0.0991436 , 0.0961907 , 0.0935791 , 0.0905999 , 0.0878884 , 0.0882246 , 0.0886965 , 0.102047 , 0.114983 , 0.106005 , 0.0904374 , 0.0706163 , 0 , 0 , 0 , 0 , 0 , 0 , 0 , 
1e+200 , 0.147262 , 0.147291 , 0.147972 , 0.148672 , 0.132738 , 0.116814 , 0.121611 , 0.126478 , 0.120078 , 0.113748 , 0.112503 , 0.111423 , 0.104901 , 0.0985403 , 0.0946406 , 0.0910061 , 0.0869328 , 0.0830974 , 0.0828331 , 0.0828811 , 0.0954475 , 0.108744 , 0.106392 , 0.100631 , 0.0945945 , 0.0738623 , 0 , 0 , 0 , 0 , 0 , 0 , 
1e+200 , 0.148348 , 0.148368 , 0.14976 , 0.151165 , 0.133967 , 0.116775 , 0.122488 , 0.128252 , 0.121208 , 0.114214 , 0.113258 , 0.112428 , 0.105295 , 0.098281 , 0.093524 , 0.0889664 , 0.0838961 , 0.0790148 , 0.0781507 , 0.0776334 , 0.0890251 , 0.10154 , 0.103523 , 0.104224 , 0.105096 , 0.0987515 , 0.0771082 , 0 , 0 , 0 , 0 , 0 , 
1e+200 , 0.149441 , 0.149456 , 0.15156 , 0.153675 , 0.135218 , 0.116764 , 0.123403 , 0.130081 , 0.122411 , 0.114776 , 0.11414 , 0.1136 , 0.105899 , 0.0982877 , 0.0927474 , 0.0873531 , 0.0813787 , 0.0755444 , 0.0741458 , 0.0730646 , 0.0832268 , 0.0945393 , 0.0995227 , 0.104536 , 0.103742 , 0.0996672 , 0.0974749 , 0.0761114 , 0 , 0 , 0 , 0 , 
1e+200 , 0.150539 , 0.150549 , 0.153369 , 0.156197 , 0.136484 , 0.116773 , 0.124347 , 0.131949 , 0.123667 , 0.115409 , 0.115116 , 0.114896 , 0.106664 , 0.0984967 , 0.0922316 , 0.0860713 , 0.0792724 , 0.0725722 , 0.0707243 , 0.0691414 , 0.0781693 , 0.0882159 , 0.095468 , 0.103482 , 0.0992627 , 0.0933563 , 0.0982961 , 0.0961984 , 0.0751147 , 0 , 0 , 0 , 
1e+200 , 0.15164 , 0.151647 , 0.155184 , 0.158727 , 0.137761 , 0.116796 , 0.12531 , 0.133846 , 0.124961 , 0.116093 , 0.116162 , 0.116284 , 0.107547 , 0.0988577 , 0.0919128 , 0.085042 , 0.0774829 , 0.0699903 , 0.0677766 , 0.0657722 , 0.0738132 , 0.0826909 , 0.0918506 , 0.102115 , 0.0938183 , 0.0843788 , 0.0875888 , 0.0881435 , 0.110274 , 0.0861051 , 0 , 0 , 
1e+200 , 0.152743 , 0.152748 , 0.157004 , 0.161263 , 0.139045 , 0.116828 , 0.126288 , 0.135763 , 0.126282 , 0.116814 , 0.117257 , 0.11774 , 0.108519 , 0.0993315 , 0.0917409 , 0.084202 , 0.0759325 , 0.0677059 , 0.0651989 , 0.0628513 , 0.0700573 , 0.0779191 , 0.0888441 , 0.100972 , 0.0884614 , 0.0749399 , 0.0745164 , 0.0730311 , 0.103262 , 0.124349 , 0.0970955 , 0 , 
1e+200 , 0.15274 , 0.152743 , 0.156996 , 0.161252 , 0.139032 , 0.116812 , 0.126263 , 0.135725 , 0.126232 , 0.116747 , 0.117163 , 0.117606 , 0.108346 , 0.0991103 , 0.0914568 , 0.0838418 , 0.0754871 , 0.0671661 , 0.0645003 , 0.0619585 , 0.0687601 , 0.0760776 , 0.0862346 , 0.0974113 , 0.0848859 , 0.0716974 , 0.0714474 , 0.0708738 , 0.103364 , 0.133565 , 0.124349 , 0.0970955 , 

shifts ,
0 , 0 , 0 , 0 , 0 , 0 , 0 , 0 , 0 , 0 , 0 , 0 , 0 , 0 , 0 , 0 , 0 , 0 , 0 , 0 , 0 , 0 , 0 , 0 , 0 , 0 , 0 , 0 , 0 , 0 , 0 , 0 , 0 , 
0 , 0 , 0 , 0 , 0 , 0 , 0 , 0 , 0 , 0 , 0 , 0 , 0 , 0 , 0 , 0 , 0 , 0 , 0 , 0 , 0 , 0 , 0 , 0 , 0 , 0 , 0 , 0 , 0 , 0 , 0 , 0 , 0 , 
0 , 0 , 0 , 0 , 0 , 0 , 0 , 0 , 0 , 0 , 0 , 0 , 0 , 0 , 0 , 0 , 0 , 0 , 0 , 0 , 0 , 0 , 0 , 0 , 0 , 0 , 0 , 0 , 0 , 0 , 0 , 0 , 0 , 
0 , 0 , 0 , 0 , 0 , 0 , 0 , 0 , 0 , 0 , 0 , 0 , 0 , 0 , 0 , 0 , 0 , 0 , 0 , 0 , 0 , 0 , 0 , 0 , 0 , 0 , 0 , 0 , 0 , 0 , 0 , 0 , 0 , 
0 , 0 , 0 , 0 , 0 , 0 , 0 , 0 , 0 , 0 , 0 , 0 , 0 , 0 , 0 , 0 , 0 , 0 , 0 , 0 , 0 , 0 , 0 , 0 , 0 , 0 , 0 , 0 , 0 , 0 , 0 , 0 , 0 , 
0 , 0 , 0 , 0 , 0 , 0 , 0 , 0 , 0 , 0 , 0 , 0 , 0 , 0 , 0 , 0 , 0 , 0 , 0 , 0 , 0 , 0 , 0 , 0 , 0 , 0 , 0 , 0 , 0 , 0 , 0 , 0 , 0 , 
0 , 0 , 0 , 0 , 0 , 0 , 0 , 0 , 0 , 0 , 0 , 0 , 0 , 0 , 0 , 0 , 0 , 0 , 0 , 0 , 0 , 0 , 0 , 0 , 0 , 0 , 0 , 0 , 0 , 0 , 0 , 0 , 0 , 
0 , 0 , 0 , 0 , 0 , 0 , 0 , 0 , 0 , 0 , 0 , 0 , 0 , 0 , 0 , 0 , 0 , 0 , 0 , 0 , 0 , 0 , 0 , 0 , 0 , 0 , 0 , 0 , 0 , 0 , 0 , 0 , 0 , 
0 , 0 , 0 , 0 , 0 , 0 , 0 , 0 , 0 , 0 , 0 , 0 , 0 , 0 , 0 , 0 , 0 , 0 , 0 , 0 , 0 , 0 , 0 , 0 , 0 , 0 , 0 , 0 , 0 , 0 , 0 , 0 , 0 , 
0 , 0 , 0 , 0 , 0 , 0 , 0 , 0 , 0 , 0 , 0 , 0 , 0 , 0 , 0 , 0 , 0 , 0 , 0 , 0 , 0 , 0 , 0 , 0 , 0 , 0 , 0 , 0 , 0 , 0 , 0 , 0 , 0 , 
0 , 0 , 0 , 0 , 0 , 0 , 0 , 0 , 0 , 0 , 0 , 0 , 0 , 0 , 0 , 0 , 0 , 0 , 0 , 0 , 0 , 0 , 0 , 0 , 0 , 0 , 0 , 0 , 0 , 0 , 0 , 0 , 0 , 
0 , 0 , 0 , 0 , 0 , 0 , 0 , 0 , 0 , 0 , 0 , 0 , 0 , 0 , 0 , 0 , 0 , 0 , 0 , 0 , 0 , 0 , 0 , 0 , 0 , 0 , 0 , 0 , 0 , 0 , 0 , 0 , 0 , 
0 , 0 , 0 , 0 , 0 , 0 , 0 , 0 , 0 , 0 , 0 , 0 , 0 , 0 , 0 , 0 , 0 , 0 , 0 , 0 , 0 , 0 , 0 , 0 , 0 , 0 , 0 , 0 , 0 , 0 , 0 , 0 , 0 , 
0 , 0 , 0 , 0 , 0 , 0 , 0 , 0 , 0 , 0 , 0 , 0 , 0 , 0 , 0 , 0 , 0 , 0 , 0 , 0 , 0 , 0 , 0 , 0 , 0 , 0 , 0 , 0 , 0 , 0 , 0 , 0 , 0 , 
0 , 0 , 0 , 0 , 0 , 0 , 0 , 0 , 0 , 0 , 0 , 0 , 0 , 0 , 0 , 0 , 0 , 0 , 0 , 0 , 0 , 0 , 0 , 0 , 0 , 0 , 0 , 0 , 0 , 0 , 0 , 0 , 0 , 
0 , 0 , 0 , 0 , 0 , 0 , 0 , 0 , 0 , 0 , 0 , 0 , 0 , 0 , 0 , 0 , 0 , 0 , 0 , 0 , 0 , 0 , 0 , 0 , 0 , 0 , 0 , 0 , 0 , 0 , 0 , 0 , 0 , 
0 , 0 , 0 , 0 , 0 , 0 , 0 , 0 , 0 , 0 , 0 , 0 , 0 , 0 , 0 , 0 , 0 , 0 , 0 , 0 , 0 , 0 , 0 , 0 , 0 , 0 , 0 , 0 , 0 , 0 , 0 , 0 , 0 , 
0 , 0 , 0 , 0 , 0 , 0 , 0 , 0 , 0 , 0 , 0 , 0 , 0 , 0 , 0 , 0 , 0 , 0 , 0 , 0 , 0 , 0 , 0 , 0 , 0 , 0 , 0 , 0 , 0 , 0 , 0 , 0 , 0 , 
0 , 0 , 0 , 0 , 0 , 0 , 0 , 0 , 0 , 0 , 0 , 0 , 0 , 0 , 0 , 0 , 0 , 0 , 0 , 0 , 0 , 0 , 0 , 0 , 0 , 0 , 0 , 0 , 0 , 0 , 0 , 0 , 0 , 
0 , 0 , 0 , 0 , 0 , 0 , 0 , 0 , 0 , 0 , 0 , 0 , 0 , 0 , 0 , 0 , 0 , 0 , 0 , 0 , 0 , 0 , 0 , 0 , 0 , 0 , 0 , 0 , 0 , 0 , 0 , 0 , 0 , 
0 , 0 , 0 , 0 , 0 , 0 , 0 , 0 , 0 , 0 , 0 , 0 , 0 , 0 , 0 , 0 , 0 , 0 , 0 , 0 , 0 , 0 , 0 , 0 , 0 , 0 , 0 , 0 , 0 , 0 , 0 , 0 , 0 , 
0 , 0 , 0 , 0 , 0 , 0 , 0 , 0 , 0 , 0 , 0 , 0 , 0 , 0 , 0 , 0 , 0 , 0 , 0 , 0 , 0 , 0 , 0 , 0 , 0 , 0 , 0 , 0 , 0 , 0 , 0 , 0 , 0 , 
0 , 0 , 0 , 0 , 0 , 0 , 0 , 0 , 0 , 0 , 0 , 0 , 0 , 0 , 0 , 0 , 0 , 0 , 0 , 0 , 0 , 0 , 0 , 0 , 0 , 0 , 0 , 0 , 0 , 0 , 0 , 0 , 0 , 
0 , 0 , 0 , 0 , 0 , 0 , 0 , 0 , 0 , 0 , 0 , 0 , 0 , 0 , 0 , 0 , 0 , 0 , 0 , 0 , 0 , 0 , 0 , 0 , 0 , 0 , 0 , 0 , 0 , 0 , 0 , 0 , 0 , 
0 , 0 , 0 , 0 , 0 , 0 , 0 , 0 , 0 , 0 , 0 , 0 , 0 , 0 , 0 , 0 , 0 , 0 , 0 , 0 , 0 , 0 , 0 , 0 , 0 , 0 , 0 , 0 , 0 , 0 , 0 , 0 , 0 , 
0 , 0 , 0 , 0 , 0 , 0 , 0 , 0 , 0 , 0 , 0 , 0 , 0 , 0 , 0 , 0 , 0 , 0 , 0 , 0 , 0 , 0 , 0 , 0 , 0 , 0 , 0 , 0 , 0 , 0 , 0 , 0 , 0 , 
0 , 0 , 0 , 0 , 0 , 0 , 0 , 0 , 0 , 0 , 0 , 0 , 0 , 0 , 0 , 0 , 0 , 0 , 0 , 0 , 0 , 0 , 0 , 0 , 0 , 0 , 0 , 0 , 0 , 0 , 0 , 0 , 0 , 
0 , 0 , 0 , 0 , 0 , 0 , 0 , 0 , 0 , 0 , 0 , 0 , 0 , 0 , 0 , 0 , 0 , 0 , 0 , 0 , 0 , 0 , 0 , 0 , 0 , 0 , 0 , 0 , 0 , 0 , 0 , 0 , 0 , 
0 , 0 , 0 , 0 , 0 , 0 , 0 , 0 , 0 , 0 , 0 , 0 , 0 , 0 , 0 , 0 , 0 , 0 , 0 , 0 , 0 , 0 , 0 , 0 , 0 , 0 , 0 , 0 , 0 , 0 , 0 , 0 , 0 , 
0 , 0 , 0 , 0 , 0 , 0 , 0 , 0 , 0 , 0 , 0 , 0 , 0 , 0 , 0 , 0 , 0 , 0 , 0 , 0 , 0 , 0 , 0 , 0 , 0 , 0 , 0 , 0 , 0 , 0 , 0 , 0 , 0 , 
0 , 0 , 0 , 0 , 0 , 0 , 0 , 0 , 0 , 0 , 0 , 0 , 0 , 0 , 0 , 0 , 0 , 0 , 0 , 0 , 0 , 0 , 0 , 0 , 0 , 0 , 0 , 0 , 0 , 0 , 0 , 0 , 0 , 
0 , 0 , 0 , 0 , 0 , 0 , 0 , 0 , 0 , 0 , 0 , 0 , 0 , 0 , 0 , 0 , 0 , 0 , 0 , 0 , 0 , 0 , 0 , 0 , 0 , 0 , 0 , 0 , 0 , 0 , 0 , 0 , 0 , 
0 , 0 , 0 , 0 , 0 , 0 , 0 , 0 , 0 , 0 , 0 , 0 , 0 , 0 , 0 , 0 , 0 , 0 , 0 , 0 , 0 , 0 , 0 , 0 , 0 , 0 , 0 , 0 , 0 , 0 , 0 , 0 , 0 , 

