g ,
1e+100 , 0 , 0 , 0 , 0 , 0 , 0 , 0 , 0 , 0 , 0 , 0 , 0 , 0 , 0 , 0 , 0 , 0 , 0 , 0 , 0 , 0 , 0 , 0 , 0 , 0 , 0 , 0 , 0 , 0 , 0 , 0 , 0 , 
1e+100 , 1.08036 , 0 , 0 , 0 , 0 , 0 , 0 , 0 , 0 , 0 , 0 , 0 , 0 , 0 , 0 , 0 , 0 , 0 , 0 , 0 , 0 , 0 , 0 , 0 , 0 , 0 , 0 , 0 , 0 , 0 , 0 , 0 , 
1e+100 , 1.08036 , 1.08036 , 0 , 0 , 0 , 0 , 0 , 0 , 0 , 0 , 0 , 0 , 0 , 0 , 0 , 0 , 0 , 0 , 0 , 0 , 0 , 0 , 0 , 0 , 0 , 0 , 0 , 0 , 0 , 0 , 0 , 0 , 
1e+100 , 1.08036 , 1.08036 , 1.08036 , 0 , 0 , 0 , 0 , 0 , 0 , 0 , 0 , 0 , 0 , 0 , 0 , 0 , 0 , 0 , 0 , 0 , 0 , 0 , 0 , 0 , 0 , 0 , 0 , 0 , 0 , 0 , 0 , 0 , 
1e+100 , 0.991098 , 0.991098 , 1.04191 , 1.04191 , 0 , 0 , 0 , 0 , 0 , 0 , 0 , 0 , 0 , 0 , 0 , 0 , 0 , 0 , 0 , 0 , 0 , 0 , 0 , 0 , 0 , 0 , 0 , 0 , 0 , 0 , 0 , 0 , 
1e+100 , 0.901832 , 0.901832 , 0.952648 , 1.00346 , 1.00346 , 0 , 0 , 0 , 0 , 0 , 0 , 0 , 0 , 0 , 0 , 0 , 0 , 0 , 0 , 0 , 0 , 0 , 0 , 0 , 0 , 0 , 0 , 0 , 0 , 0 , 0 , 0 , 
1e+100 , 0.972964 , 0.972964 , 0.92979 , 0.886616 , 1.02513 , 1.02513 , 0 , 0 , 0 , 0 , 0 , 0 , 0 , 0 , 0 , 0 , 0 , 0 , 0 , 0 , 0 , 0 , 0 , 0 , 0 , 0 , 0 , 0 , 0 , 0 , 0 , 0 , 
1e+100 , 1.0441 , 1.0441 , 0.906932 , 0.769768 , 0.908282 , 1.0468 , 1.0468 , 0 , 0 , 0 , 0 , 0 , 0 , 0 , 0 , 0 , 0 , 0 , 0 , 0 , 0 , 0 , 0 , 0 , 0 , 0 , 0 , 0 , 0 , 0 , 0 , 0 , 
1e+100 , 1.08046 , 1.08046 , 0.911046 , 0.741635 , 0.866515 , 0.991395 , 0.963481 , 0.963481 , 0 , 0 , 0 , 0 , 0 , 0 , 0 , 0 , 0 , 0 , 0 , 0 , 0 , 0 , 0 , 0 , 0 , 0 , 0 , 0 , 0 , 0 , 0 , 0 , 
1e+100 , 1.11682 , 1.11682 , 0.91516 , 0.713502 , 0.824748 , 0.935994 , 0.90808 , 0.880167 , 0.880167 , 0 , 0 , 0 , 0 , 0 , 0 , 0 , 0 , 0 , 0 , 0 , 0 , 0 , 0 , 0 , 0 , 0 , 0 , 0 , 0 , 0 , 0 , 0 , 
1e+100 , 1.13457 , 1.13457 , 0.977996 , 0.821422 , 0.869292 , 0.917161 , 0.864837 , 0.812513 , 0.882113 , 0.882113 , 0 , 0 , 0 , 0 , 0 , 0 , 0 , 0 , 0 , 0 , 0 , 0 , 0 , 0 , 0 , 0 , 0 , 0 , 0 , 0 , 0 , 0 , 
1e+100 , 1.15232 , 1.15232 , 1.04083 , 0.929343 , 0.913835 , 0.898328 , 0.821594 , 0.744859 , 0.814459 , 0.884059 , 0.884059 , 0 , 0 , 0 , 0 , 0 , 0 , 0 , 0 , 0 , 0 , 0 , 0 , 0 , 0 , 0 , 0 , 0 , 0 , 0 , 0 , 0 , 
1e+100 , 1.12463 , 1.12463 , 1.08033 , 1.03604 , 0.952062 , 0.868086 , 0.822602 , 0.777118 , 0.807262 , 0.837406 , 0.83221 , 0.83221 , 0 , 0 , 0 , 0 , 0 , 0 , 0 , 0 , 0 , 0 , 0 , 0 , 0 , 0 , 0 , 0 , 0 , 0 , 0 , 0 , 
1e+100 , 1.09694 , 1.09694 , 1.11984 , 1.14274 , 0.990289 , 0.837843 , 0.82361 , 0.809377 , 0.800065 , 0.790754 , 0.785557 , 0.78036 , 0.78036 , 0 , 0 , 0 , 0 , 0 , 0 , 0 , 0 , 0 , 0 , 0 , 0 , 0 , 0 , 0 , 0 , 0 , 0 , 0 , 
1e+100 , 1.10403 , 1.10403 , 1.11318 , 1.12233 , 0.995546 , 0.868764 , 0.872041 , 0.875318 , 0.818316 , 0.761313 , 0.775924 , 0.790535 , 0.772159 , 0.772159 , 0 , 0 , 0 , 0 , 0 , 0 , 0 , 0 , 0 , 0 , 0 , 0 , 0 , 0 , 0 , 0 , 0 , 0 , 
1e+100 , 1.11113 , 1.11113 , 1.10653 , 1.10192 , 1.0008 , 0.899684 , 0.920472 , 0.94126 , 0.836566 , 0.731873 , 0.766291 , 0.80071 , 0.782334 , 0.763958 , 0.763958 , 0 , 0 , 0 , 0 , 0 , 0 , 0 , 0 , 0 , 0 , 0 , 0 , 0 , 0 , 0 , 0 , 0 , 
1e+100 , 1.12146 , 1.12146 , 1.09084 , 1.06021 , 0.985802 , 0.911395 , 0.935726 , 0.960058 , 0.851539 , 0.743021 , 0.770921 , 0.798821 , 0.776344 , 0.753868 , 0.777299 , 0.777299 , 0 , 0 , 0 , 0 , 0 , 0 , 0 , 0 , 0 , 0 , 0 , 0 , 0 , 0 , 0 , 0 , 
1e+100 , 1.13179 , 1.13179 , 1.07514 , 1.0185 , 0.9708 , 0.923106 , 0.950981 , 0.978856 , 0.866512 , 0.754168 , 0.77555 , 0.796931 , 0.770354 , 0.743778 , 0.767209 , 0.790641 , 0.790641 , 0 , 0 , 0 , 0 , 0 , 0 , 0 , 0 , 0 , 0 , 0 , 0 , 0 , 0 , 0 , 
1e+100 , 1.1273 , 1.1273 , 1.05565 , 0.983988 , 0.962118 , 0.940248 , 0.946065 , 0.951883 , 0.887727 , 0.823572 , 0.816807 , 0.810042 , 0.782669 , 0.755296 , 0.786286 , 0.817276 , 0.728323 , 0.728323 , 0 , 0 , 0 , 0 , 0 , 0 , 0 , 0 , 0 , 0 , 0 , 0 , 0 , 0 , 
1e+100 , 1.12281 , 1.12281 , 1.03615 , 0.949481 , 0.953436 , 0.95739 , 0.94115 , 0.92491 , 0.908943 , 0.892975 , 0.858064 , 0.823153 , 0.794983 , 0.766814 , 0.805363 , 0.843912 , 0.754958 , 0.666005 , 0.666005 , 0 , 0 , 0 , 0 , 0 , 0 , 0 , 0 , 0 , 0 , 0 , 0 , 0 , 
1e+100 , 1.13841 , 1.13841 , 1.05058 , 0.962757 , 0.99144 , 1.02012 , 0.963736 , 0.90735 , 0.925081 , 0.942812 , 0.865337 , 0.787863 , 0.762981 , 0.738098 , 0.777461 , 0.816823 , 0.761587 , 0.70635 , 0.625964 , 0.625964 , 0 , 0 , 0 , 0 , 0 , 0 , 0 , 0 , 0 , 0 , 0 , 0 , 
1e+100 , 1.15401 , 1.15401 , 1.06502 , 0.976033 , 1.02944 , 1.08285 , 0.986322 , 0.88979 , 0.941219 , 0.992649 , 0.872611 , 0.752574 , 0.730978 , 0.709383 , 0.749559 , 0.789734 , 0.768215 , 0.746695 , 0.666309 , 0.585923 , 0.585923 , 0 , 0 , 0 , 0 , 0 , 0 , 0 , 0 , 0 , 0 , 0 , 
1e+100 , 1.20342 , 1.20342 , 1.1125 , 1.02157 , 1.06026 , 1.09894 , 1.00239 , 0.905846 , 0.951813 , 0.99778 , 0.880666 , 0.763552 , 0.726453 , 0.689354 , 0.68806 , 0.686766 , 0.714336 , 0.741906 , 0.677244 , 0.612583 , 0.643163 , 0.643163 , 0 , 0 , 0 , 0 , 0 , 0 , 0 , 0 , 0 , 0 , 
1e+100 , 1.25284 , 1.25284 , 1.15997 , 1.06711 , 1.09107 , 1.11502 , 1.01846 , 0.921902 , 0.962407 , 1.00291 , 0.88872 , 0.77453 , 0.721928 , 0.669326 , 0.626562 , 0.583798 , 0.660457 , 0.737117 , 0.68818 , 0.639243 , 0.669823 , 0.700404 , 0.700404 , 0 , 0 , 0 , 0 , 0 , 0 , 0 , 0 , 0 , 
1e+100 , 1.25243 , 1.25243 , 1.17589 , 1.09935 , 1.1054 , 1.11145 , 1.01579 , 0.920132 , 0.978048 , 1.03596 , 0.938351 , 0.840737 , 0.778595 , 0.716454 , 0.63367 , 0.550886 , 0.606175 , 0.661465 , 0.659315 , 0.657165 , 0.655073 , 0.652981 , 0.615079 , 0.615079 , 0 , 0 , 0 , 0 , 0 , 0 , 0 , 0 , 
1e+100 , 1.25202 , 1.25202 , 1.1918 , 1.13158 , 1.11973 , 1.10787 , 1.01312 , 0.918361 , 0.99369 , 1.06902 , 0.987982 , 0.906945 , 0.835263 , 0.763582 , 0.640778 , 0.517974 , 0.551893 , 0.585813 , 0.63045 , 0.675088 , 0.640323 , 0.605559 , 0.567657 , 0.529754 , 0.529754 , 0 , 0 , 0 , 0 , 0 , 0 , 0 , 
1e+100 , 1.27103 , 1.27103 , 1.2155 , 1.15998 , 1.14447 , 1.12895 , 1.02618 , 0.923407 , 1.0076 , 1.09179 , 1.01225 , 0.932718 , 0.863425 , 0.794131 , 0.666977 , 0.539823 , 0.520084 , 0.500345 , 0.55459 , 0.608834 , 0.631146 , 0.653458 , 0.592128 , 0.530798 , 0.555828 , 0.555828 , 0 , 0 , 0 , 0 , 0 , 0 , 
1e+100 , 1.29003 , 1.29003 , 1.23921 , 1.18838 , 1.16921 , 1.15003 , 1.03924 , 0.928452 , 1.02151 , 1.11456 , 1.03653 , 0.958491 , 0.891586 , 0.824681 , 0.693177 , 0.561673 , 0.488275 , 0.414878 , 0.478729 , 0.54258 , 0.621969 , 0.701358 , 0.6166 , 0.531842 , 0.556871 , 0.581901 , 0.581901 , 0 , 0 , 0 , 0 , 0 , 
1e+100 , 1.28476 , 1.28476 , 1.24316 , 1.20156 , 1.19729 , 1.19302 , 1.0769 , 0.960777 , 1.03642 , 1.11207 , 1.02378 , 0.935495 , 0.874986 , 0.814476 , 0.709402 , 0.604328 , 0.510453 , 0.416578 , 0.406107 , 0.395635 , 0.536254 , 0.676873 , 0.643532 , 0.61019 , 0.572348 , 0.534507 , 0.604688 , 0.604688 , 0 , 0 , 0 , 0 , 
1e+100 , 1.27948 , 1.27948 , 1.24711 , 1.21474 , 1.22537 , 1.236 , 1.11455 , 0.993102 , 1.05134 , 1.10957 , 1.01103 , 0.912498 , 0.858385 , 0.804272 , 0.725627 , 0.646983 , 0.532631 , 0.418279 , 0.333485 , 0.24869 , 0.450539 , 0.652388 , 0.670463 , 0.688539 , 0.587826 , 0.487113 , 0.557294 , 0.627475 , 0.627475 , 0 , 0 , 0 , 
1e+100 , 1.2201 , 1.2201 , 1.20901 , 1.19792 , 1.23331 , 1.2687 , 1.14852 , 1.02835 , 1.06803 , 1.10771 , 1.00056 , 0.893415 , 0.844621 , 0.795826 , 0.749966 , 0.704106 , 0.601673 , 0.499239 , 0.3118 , 0.124361 , 0.341728 , 0.559095 , 0.690419 , 0.821743 , 0.677525 , 0.533306 , 0.489276 , 0.445246 , 0.706145 , 0.706145 , 0 , 0 , 
1e+100 , 1.16073 , 1.16073 , 1.17092 , 1.18111 , 1.24125 , 1.30139 , 1.18249 , 1.0636 , 1.08472 , 1.10584 , 0.990088 , 0.874333 , 0.830856 , 0.78738 , 0.774304 , 0.761229 , 0.670715 , 0.5802 , 0.290116 , 3.18842e-005 , 0.232917 , 0.465803 , 0.710375 , 0.954948 , 0.767224 , 0.5795 , 0.421259 , 0.263017 , 0.523916 , 0.784815 , 0.784815 , 0 , 
1e+100 , 1.16073 , 1.16073 , 1.17092 , 1.18111 , 1.24125 , 1.30139 , 1.18249 , 1.0636 , 1.08472 , 1.10584 , 0.990088 , 0.874333 , 0.830856 , 0.78738 , 0.774304 , 0.761229 , 0.670715 , 0.5802 , 0.290116 , 3.18842e-005 , 0.232917 , 0.465803 , 0.710375 , 0.954948 , 0.767224 , 0.5795 , 0.421259 , 0.263017 , 0.523916 , 0.784815 , 0.784815 , 0.784815 , 

h ,
1e+100 , 0 , 0 , 0 , 0 , 0 , 0 , 0 , 0 , 0 , 0 , 0 , 0 , 0 , 0 , 0 , 0 , 0 , 0 , 0 , 0 , 0 , 0 , 0 , 0 , 0 , 0 , 0 , 0 , 0 , 0 , 0 , 0 , 
1e+100 , 0.120859 , 0 , 0 , 0 , 0 , 0 , 0 , 0 , 0 , 0 , 0 , 0 , 0 , 0 , 0 , 0 , 0 , 0 , 0 , 0 , 0 , 0 , 0 , 0 , 0 , 0 , 0 , 0 , 0 , 0 , 0 , 0 , 
1e+100 , 0.154783 , 0.120859 , 0 , 0 , 0 , 0 , 0 , 0 , 0 , 0 , 0 , 0 , 0 , 0 , 0 , 0 , 0 , 0 , 0 , 0 , 0 , 0 , 0 , 0 , 0 , 0 , 0 , 0 , 0 , 0 , 0 , 0 , 
1e+100 , 0.166254 , 0.154783 , 0.120859 , 0 , 0 , 0 , 0 , 0 , 0 , 0 , 0 , 0 , 0 , 0 , 0 , 0 , 0 , 0 , 0 , 0 , 0 , 0 , 0 , 0 , 0 , 0 , 0 , 0 , 0 , 0 , 0 , 0 , 
1e+100 , 0.166418 , 0.166254 , 0.154783 , 0.120859 , 0 , 0 , 0 , 0 , 0 , 0 , 0 , 0 , 0 , 0 , 0 , 0 , 0 , 0 , 0 , 0 , 0 , 0 , 0 , 0 , 0 , 0 , 0 , 0 , 0 , 0 , 0 , 0 , 
1e+100 , 0.161502 , 0.166418 , 0.166254 , 0.154783 , 0.120859 , 0 , 0 , 0 , 0 , 0 , 0 , 0 , 0 , 0 , 0 , 0 , 0 , 0 , 0 , 0 , 0 , 0 , 0 , 0 , 0 , 0 , 0 , 0 , 0 , 0 , 0 , 0 , 
1e+100 , 0.154851 , 0.161502 , 0.166418 , 0.166254 , 0.154783 , 0.120859 , 0 , 0 , 0 , 0 , 0 , 0 , 0 , 0 , 0 , 0 , 0 , 0 , 0 , 0 , 0 , 0 , 0 , 0 , 0 , 0 , 0 , 0 , 0 , 0 , 0 , 0 , 
1e+100 , 0.148151 , 0.154851 , 0.161502 , 0.166418 , 0.166254 , 0.154783 , 0.120859 , 0 , 0 , 0 , 0 , 0 , 0 , 0 , 0 , 0 , 0 , 0 , 0 , 0 , 0 , 0 , 0 , 0 , 0 , 0 , 0 , 0 , 0 , 0 , 0 , 0 , 
1e+100 , 0.142163 , 0.148151 , 0.154851 , 0.161502 , 0.166418 , 0.166254 , 0.154783 , 0.120859 , 0 , 0 , 0 , 0 , 0 , 0 , 0 , 0 , 0 , 0 , 0 , 0 , 0 , 0 , 0 , 0 , 0 , 0 , 0 , 0 , 0 , 0 , 0 , 0 , 
1e+100 , 0.137149 , 0.142163 , 0.148151 , 0.154851 , 0.161502 , 0.166418 , 0.166254 , 0.154783 , 0.120859 , 0 , 0 , 0 , 0 , 0 , 0 , 0 , 0 , 0 , 0 , 0 , 0 , 0 , 0 , 0 , 0 , 0 , 0 , 0 , 0 , 0 , 0 , 0 , 
1e+100 , 0.133121 , 0.137149 , 0.142163 , 0.148151 , 0.154851 , 0.161502 , 0.166418 , 0.166254 , 0.154783 , 0.120859 , 0 , 0 , 0 , 0 , 0 , 0 , 0 , 0 , 0 , 0 , 0 , 0 , 0 , 0 , 0 , 0 , 0 , 0 , 0 , 0 , 0 , 0 , 
1e+100 , 0.129975 , 0.133121 , 0.137149 , 0.142163 , 0.148151 , 0.154851 , 0.161502 , 0.166418 , 0.166254 , 0.154783 , 0.120859 , 0 , 0 , 0 , 0 , 0 , 0 , 0 , 0 , 0 , 0 , 0 , 0 , 0 , 0 , 0 , 0 , 0 , 0 , 0 , 0 , 0 , 
1e+100 , 0.127568 , 0.129975 , 0.133121 , 0.137149 , 0.142163 , 0.148151 , 0.154851 , 0.161502 , 0.166418 , 0.166254 , 0.154783 , 0.120859 , 0 , 0 , 0 , 0 , 0 , 0 , 0 , 0 , 0 , 0 , 0 , 0 , 0 , 0 , 0 , 0 , 0 , 0 , 0 , 0 , 
1e+100 , 0.125756 , 0.127568 , 0.129975 , 0.133121 , 0.137149 , 0.142163 , 0.148151 , 0.154851 , 0.161502 , 0.166418 , 0.166254 , 0.154783 , 0.120859 , 0 , 0 , 0 , 0 , 0 , 0 , 0 , 0 , 0 , 0 , 0 , 0 , 0 , 0 , 0 , 0 , 0 , 0 , 0 , 
1e+100 , 0.124409 , 0.125756 , 0.127568 , 0.129975 , 0.133121 , 0.137149 , 0.142163 , 0.148151 , 0.154851 , 0.161502 , 0.166418 , 0.166254 , 0.154783 , 0.120859 , 0 , 0 , 0 , 0 , 0 , 0 , 0 , 0 , 0 , 0 , 0 , 0 , 0 , 0 , 0 , 0 , 0 , 0 , 
1e+100 , 0.123417 , 0.124409 , 0.125756 , 0.127568 , 0.129975 , 0.133121 , 0.137149 , 0.142163 , 0.148151 , 0.154851 , 0.161502 , 0.166418 , 0.166254 , 0.154783 , 0.120859 , 0 , 0 , 0 , 0 , 0 , 0 , 0 , 0 , 0 , 0 , 0 , 0 , 0 , 0 , 0 , 0 , 0 , 
1e+100 , 0.122693 , 0.123417 , 0.124409 , 0.125756 , 0.127568 , 0.129975 , 0.133121 , 0.137149 , 0.142163 , 0.148151 , 0.154851 , 0.161502 , 0.166418 , 0.166254 , 0.154783 , 0.120859 , 0 , 0 , 0 , 0 , 0 , 0 , 0 , 0 , 0 , 0 , 0 , 0 , 0 , 0 , 0 , 0 , 
1e+100 , 0.122168 , 0.122693 , 0.123417 , 0.124409 , 0.125756 , 0.127568 , 0.129975 , 0.133121 , 0.137149 , 0.142163 , 0.148151 , 0.154851 , 0.161502 , 0.166418 , 0.166254 , 0.154783 , 0.120859 , 0 , 0 , 0 , 0 , 0 , 0 , 0 , 0 , 0 , 0 , 0 , 0 , 0 , 0 , 0 , 
1e+100 , 0.12179 , 0.122168 , 0.122693 , 0.123417 , 0.124409 , 0.125756 , 0.127568 , 0.129975 , 0.133121 , 0.137149 , 0.142163 , 0.148151 , 0.154851 , 0.161502 , 0.166418 , 0.166254 , 0.154783 , 0.120859 , 0 , 0 , 0 , 0 , 0 , 0 , 0 , 0 , 0 , 0 , 0 , 0 , 0 , 0 , 
1e+100 , 0.121518 , 0.12179 , 0.122168 , 0.122693 , 0.123417 , 0.124409 , 0.125756 , 0.127568 , 0.129975 , 0.133121 , 0.137149 , 0.142163 , 0.148151 , 0.154851 , 0.161502 , 0.166418 , 0.166254 , 0.154783 , 0.120859 , 0 , 0 , 0 , 0 , 0 , 0 , 0 , 0 , 0 , 0 , 0 , 0 , 0 , 
1e+100 , 0.121325 , 0.121518 , 0.12179 , 0.122168 , 0.122693 , 0.123417 , 0.124409 , 0.125756 , 0.127568 , 0.129975 , 0.133121 , 0.137149 , 0.142163 , 0.148151 , 0.154851 , 0.161502 , 0.166418 , 0.166254 , 0.154783 , 0.120859 , 0 , 0 , 0 , 0 , 0 , 0 , 0 , 0 , 0 , 0 , 0 , 0 , 
1e+100 , 0.121187 , 0.121325 , 0.121518 , 0.12179 , 0.122168 , 0.122693 , 0.123417 , 0.124409 , 0.125756 , 0.127568 , 0.129975 , 0.133121 , 0.137149 , 0.142163 , 0.148151 , 0.154851 , 0.161502 , 0.166418 , 0.166254 , 0.154783 , 0.120859 , 0 , 0 , 0 , 0 , 0 , 0 , 0 , 0 , 0 , 0 , 0 , 
1e+100 , 0.12109 , 0.121187 , 0.121325 , 0.121518 , 0.12179 , 0.122168 , 0.122693 , 0.123417 , 0.124409 , 0.125756 , 0.127568 , 0.129975 , 0.133121 , 0.137149 , 0.142163 , 0.148151 , 0.154851 , 0.161502 , 0.166418 , 0.166254 , 0.154783 , 0.120859 , 0 , 0 , 0 , 0 , 0 , 0 , 0 , 0 , 0 , 0 , 
1e+100 , 0.121021 , 0.12109 , 0.121187 , 0.121325 , 0.121518 , 0.12179 , 0.122168 , 0.122693 , 0.123417 , 0.124409 , 0.125756 , 0.127568 , 0.129975 , 0.133121 , 0.137149 , 0.142163 , 0.148151 , 0.154851 , 0.161502 , 0.166418 , 0.166254 , 0.154783 , 0.120859 , 0 , 0 , 0 , 0 , 0 , 0 , 0 , 0 , 0 , 
1e+100 , 0.120972 , 0.121021 , 0.12109 , 0.121187 , 0.121325 , 0.121518 , 0.12179 , 0.122168 , 0.122693 , 0.123417 , 0.124409 , 0.125756 , 0.127568 , 0.129975 , 0.133121 , 0.137149 , 0.142163 , 0.148151 , 0.154851 , 0.161502 , 0.166418 , 0.166254 , 0.154783 , 0.120859 , 0 , 0 , 0 , 0 , 0 , 0 , 0 , 0 , 
1e+100 , 0.120938 , 0.120972 , 0.121021 , 0.12109 , 0.121187 , 0.121325 , 0.121518 , 0.12179 , 0.122168 , 0.122693 , 0.123417 , 0.124409 , 0.125756 , 0.127568 , 0.129975 , 0.133121 , 0.137149 , 0.142163 , 0.148151 , 0.154851 , 0.161502 , 0.166418 , 0.166254 , 0.154783 , 0.120859 , 0 , 0 , 0 , 0 , 0 , 0 , 0 , 
1e+100 , 0.120914 , 0.120938 , 0.120972 , 0.121021 , 0.12109 , 0.121187 , 0.121325 , 0.121518 , 0.12179 , 0.122168 , 0.122693 , 0.123417 , 0.124409 , 0.125756 , 0.127568 , 0.129975 , 0.133121 , 0.137149 , 0.142163 , 0.148151 , 0.154851 , 0.161502 , 0.166418 , 0.166254 , 0.154783 , 0.120859 , 0 , 0 , 0 , 0 , 0 , 0 , 
1e+100 , 0.120898 , 0.120914 , 0.120938 , 0.120972 , 0.121021 , 0.12109 , 0.121187 , 0.121325 , 0.121518 , 0.12179 , 0.122168 , 0.122693 , 0.123417 , 0.124409 , 0.125756 , 0.127568 , 0.129975 , 0.133121 , 0.137149 , 0.142163 , 0.148151 , 0.154851 , 0.161502 , 0.166418 , 0.166254 , 0.154783 , 0.120859 , 0 , 0 , 0 , 0 , 0 , 
1e+100 , 0.120886 , 0.120898 , 0.120914 , 0.120938 , 0.120972 , 0.121021 , 0.12109 , 0.121187 , 0.121325 , 0.121518 , 0.12179 , 0.122168 , 0.122693 , 0.123417 , 0.124409 , 0.125756 , 0.127568 , 0.129975 , 0.133121 , 0.137149 , 0.142163 , 0.148151 , 0.154851 , 0.161502 , 0.166418 , 0.166254 , 0.154783 , 0.120859 , 0 , 0 , 0 , 0 , 
1e+100 , 0.120878 , 0.120886 , 0.120898 , 0.120914 , 0.120938 , 0.120972 , 0.121021 , 0.12109 , 0.121187 , 0.121325 , 0.121518 , 0.12179 , 0.122168 , 0.122693 , 0.123417 , 0.124409 , 0.125756 , 0.127568 , 0.129975 , 0.133121 , 0.137149 , 0.142163 , 0.148151 , 0.154851 , 0.161502 , 0.166418 , 0.166254 , 0.154783 , 0.120859 , 0 , 0 , 0 , 
1e+100 , 0.120872 , 0.120878 , 0.120886 , 0.120898 , 0.120914 , 0.120938 , 0.120972 , 0.121021 , 0.12109 , 0.121187 , 0.121325 , 0.121518 , 0.12179 , 0.122168 , 0.122693 , 0.123417 , 0.124409 , 0.125756 , 0.127568 , 0.129975 , 0.133121 , 0.137149 , 0.142163 , 0.148151 , 0.154851 , 0.161502 , 0.166418 , 0.166254 , 0.154783 , 0.120859 , 0 , 0 , 
1e+100 , 0.120868 , 0.120872 , 0.120878 , 0.120886 , 0.120898 , 0.120914 , 0.120938 , 0.120972 , 0.121021 , 0.12109 , 0.121187 , 0.121325 , 0.121518 , 0.12179 , 0.122168 , 0.122693 , 0.123417 , 0.124409 , 0.125756 , 0.127568 , 0.129975 , 0.133121 , 0.137149 , 0.142163 , 0.148151 , 0.154851 , 0.161502 , 0.166418 , 0.166254 , 0.154783 , 0.120859 , 0 , 
1e+100 , 0.120866 , 0.120868 , 0.120872 , 0.120878 , 0.120886 , 0.120898 , 0.120914 , 0.120938 , 0.120972 , 0.121021 , 0.12109 , 0.121187 , 0.121325 , 0.121518 , 0.12179 , 0.122168 , 0.122693 , 0.123417 , 0.124409 , 0.125756 , 0.127568 , 0.129975 , 0.133121 , 0.137149 , 0.142163 , 0.148151 , 0.154851 , 0.161502 , 0.166418 , 0.166254 , 0.154783 , 0.120859 , 

h*g ,
1e+200 , 0 , 0 , 0 , 0 , 0 , 0 , 0 , 0 , 0 , 0 , 0 , 0 , 0 , 0 , 0 , 0 , 0 , 0 , 0 , 0 , 0 , 0 , 0 , 0 , 0 , 0 , 0 , 0 , 0 , 0 , 0 , 0 , 
1e+200 , 0.130572 , 0 , 0 , 0 , 0 , 0 , 0 , 0 , 0 , 0 , 0 , 0 , 0 , 0 , 0 , 0 , 0 , 0 , 0 , 0 , 0 , 0 , 0 , 0 , 0 , 0 , 0 , 0 , 0 , 0 , 0 , 0 , 
1e+200 , 0.167222 , 0.130572 , 0 , 0 , 0 , 0 , 0 , 0 , 0 , 0 , 0 , 0 , 0 , 0 , 0 , 0 , 0 , 0 , 0 , 0 , 0 , 0 , 0 , 0 , 0 , 0 , 0 , 0 , 0 , 0 , 0 , 0 , 
1e+200 , 0.179615 , 0.167222 , 0.130572 , 0 , 0 , 0 , 0 , 0 , 0 , 0 , 0 , 0 , 0 , 0 , 0 , 0 , 0 , 0 , 0 , 0 , 0 , 0 , 0 , 0 , 0 , 0 , 0 , 0 , 0 , 0 , 0 , 0 , 
1e+200 , 0.164937 , 0.164774 , 0.161271 , 0.125925 , 0 , 0 , 0 , 0 , 0 , 0 , 0 , 0 , 0 , 0 , 0 , 0 , 0 , 0 , 0 , 0 , 0 , 0 , 0 , 0 , 0 , 0 , 0 , 0 , 0 , 0 , 0 , 0 , 
1e+200 , 0.145648 , 0.150081 , 0.158382 , 0.155319 , 0.121278 , 0 , 0 , 0 , 0 , 0 , 0 , 0 , 0 , 0 , 0 , 0 , 0 , 0 , 0 , 0 , 0 , 0 , 0 , 0 , 0 , 0 , 0 , 0 , 0 , 0 , 0 , 0 , 
1e+200 , 0.150664 , 0.157136 , 0.154734 , 0.147404 , 0.158673 , 0.123897 , 0 , 0 , 0 , 0 , 0 , 0 , 0 , 0 , 0 , 0 , 0 , 0 , 0 , 0 , 0 , 0 , 0 , 0 , 0 , 0 , 0 , 0 , 0 , 0 , 0 , 0 , 
1e+200 , 0.154683 , 0.161679 , 0.146472 , 0.128103 , 0.151006 , 0.162026 , 0.126515 , 0 , 0 , 0 , 0 , 0 , 0 , 0 , 0 , 0 , 0 , 0 , 0 , 0 , 0 , 0 , 0 , 0 , 0 , 0 , 0 , 0 , 0 , 0 , 0 , 0 , 
1e+200 , 0.153601 , 0.16007 , 0.141076 , 0.119776 , 0.144204 , 0.164824 , 0.149131 , 0.116446 , 0 , 0 , 0 , 0 , 0 , 0 , 0 , 0 , 0 , 0 , 0 , 0 , 0 , 0 , 0 , 0 , 0 , 0 , 0 , 0 , 0 , 0 , 0 , 0 , 
1e+200 , 0.15317 , 0.15877 , 0.135582 , 0.110486 , 0.133199 , 0.155766 , 0.150972 , 0.136235 , 0.106376 , 0 , 0 , 0 , 0 , 0 , 0 , 0 , 0 , 0 , 0 , 0 , 0 , 0 , 0 , 0 , 0 , 0 , 0 , 0 , 0 , 0 , 0 , 0 , 
1e+200 , 0.151035 , 0.155605 , 0.139035 , 0.121694 , 0.134611 , 0.148124 , 0.143925 , 0.135084 , 0.136536 , 0.106612 , 0 , 0 , 0 , 0 , 0 , 0 , 0 , 0 , 0 , 0 , 0 , 0 , 0 , 0 , 0 , 0 , 0 , 0 , 0 , 0 , 0 , 0 , 
1e+200 , 0.149773 , 0.153398 , 0.142749 , 0.132118 , 0.135385 , 0.139107 , 0.132689 , 0.123958 , 0.135407 , 0.136837 , 0.106847 , 0 , 0 , 0 , 0 , 0 , 0 , 0 , 0 , 0 , 0 , 0 , 0 , 0 , 0 , 0 , 0 , 0 , 0 , 0 , 0 , 0 , 
1e+200 , 0.143467 , 0.146173 , 0.143815 , 0.142092 , 0.135348 , 0.128608 , 0.127381 , 0.125506 , 0.134343 , 0.139222 , 0.128812 , 0.10058 , 0 , 0 , 0 , 0 , 0 , 0 , 0 , 0 , 0 , 0 , 0 , 0 , 0 , 0 , 0 , 0 , 0 , 0 , 0 , 0 , 
1e+200 , 0.137946 , 0.139934 , 0.14555 , 0.152122 , 0.135817 , 0.11911 , 0.122019 , 0.125333 , 0.129212 , 0.131596 , 0.130602 , 0.120787 , 0.0943139 , 0 , 0 , 0 , 0 , 0 , 0 , 0 , 0 , 0 , 0 , 0 , 0 , 0 , 0 , 0 , 0 , 0 , 0 , 0 , 
1e+200 , 0.137351 , 0.138839 , 0.142006 , 0.145874 , 0.132528 , 0.11915 , 0.123972 , 0.129679 , 0.126717 , 0.122954 , 0.129128 , 0.13143 , 0.119517 , 0.0933227 , 0 , 0 , 0 , 0 , 0 , 0 , 0 , 0 , 0 , 0 , 0 , 0 , 0 , 0 , 0 , 0 , 0 , 0 , 
1e+200 , 0.137132 , 0.138234 , 0.139152 , 0.14057 , 0.130079 , 0.119767 , 0.126242 , 0.133812 , 0.123938 , 0.113331 , 0.123758 , 0.133253 , 0.130066 , 0.118248 , 0.0923315 , 0 , 0 , 0 , 0 , 0 , 0 , 0 , 0 , 0 , 0 , 0 , 0 , 0 , 0 , 0 , 0 , 0 , 
1e+200 , 0.137595 , 0.138407 , 0.135709 , 0.133328 , 0.125757 , 0.118458 , 0.124565 , 0.131671 , 0.121057 , 0.110079 , 0.119378 , 0.129011 , 0.129198 , 0.125334 , 0.120313 , 0.093944 , 0 , 0 , 0 , 0 , 0 , 0 , 0 , 0 , 0 , 0 , 0 , 0 , 0 , 0 , 0 , 0 , 
1e+200 , 0.138269 , 0.138863 , 0.132691 , 0.12671 , 0.122084 , 0.117759 , 0.123603 , 0.130306 , 0.118841 , 0.107215 , 0.114898 , 0.123406 , 0.124414 , 0.123778 , 0.127552 , 0.122378 , 0.0955564 , 0 , 0 , 0 , 0 , 0 , 0 , 0 , 0 , 0 , 0 , 0 , 0 , 0 , 0 , 0 , 
1e+200 , 0.137294 , 0.13772 , 0.12952 , 0.121441 , 0.119696 , 0.118242 , 0.120688 , 0.123721 , 0.118175 , 0.112952 , 0.116119 , 0.120008 , 0.121197 , 0.121982 , 0.130852 , 0.135876 , 0.112732 , 0.0880247 , 0 , 0 , 0 , 0 , 0 , 0 , 0 , 0 , 0 , 0 , 0 , 0 , 0 , 0 , 
1e+200 , 0.136442 , 0.136747 , 0.126584 , 0.116494 , 0.11767 , 0.119108 , 0.118355 , 0.117989 , 0.11814 , 0.118873 , 0.117683 , 0.117022 , 0.117777 , 0.118742 , 0.130068 , 0.140442 , 0.125515 , 0.103086 , 0.0804929 , 0 , 0 , 0 , 0 , 0 , 0 , 0 , 0 , 0 , 0 , 0 , 0 , 0 , 
1e+200 , 0.138117 , 0.138338 , 0.12795 , 0.117618 , 0.121642 , 0.1259 , 0.119897 , 0.114105 , 0.118011 , 0.122542 , 0.115194 , 0.108055 , 0.108467 , 0.10935 , 0.12039 , 0.131919 , 0.126742 , 0.117434 , 0.0968887 , 0.0756536 , 0 , 0 , 0 , 0 , 0 , 0 , 0 , 0 , 0 , 0 , 0 , 0 , 
1e+200 , 0.139851 , 0.14001 , 0.129419 , 0.118871 , 0.125765 , 0.132858 , 0.121729 , 0.110698 , 0.118364 , 0.12663 , 0.113417 , 0.100183 , 0.100253 , 0.100848 , 0.111048 , 0.122291 , 0.124069 , 0.124264 , 0.110777 , 0.090691 , 0.0708143 , 0 , 0 , 0 , 0 , 0 , 0 , 0 , 0 , 0 , 0 , 0 , 
1e+200 , 0.145722 , 0.145839 , 0.134973 , 0.12414 , 0.129128 , 0.134255 , 0.122986 , 0.111797 , 0.118414 , 0.125477 , 0.112345 , 0.0992424 , 0.096706 , 0.0945443 , 0.0978165 , 0.101745 , 0.110616 , 0.11982 , 0.112706 , 0.101845 , 0.0995508 , 0.0777324 , 0 , 0 , 0 , 0 , 0 , 0 , 0 , 0 , 0 , 0 , 
1e+200 , 0.151619 , 0.151706 , 0.140574 , 0.129467 , 0.132585 , 0.135798 , 0.124423 , 0.113111 , 0.118777 , 0.124771 , 0.111762 , 0.0988053 , 0.0938323 , 0.0891011 , 0.0859324 , 0.0829943 , 0.0978473 , 0.114143 , 0.111143 , 0.106382 , 0.111361 , 0.108411 , 0.0846504 , 0 , 0 , 0 , 0 , 0 , 0 , 0 , 0 , 0 , 
1e+200 , 0.151509 , 0.15157 , 0.142388 , 0.133227 , 0.134112 , 0.135061 , 0.123712 , 0.11241 , 0.119999 , 0.127855 , 0.116739 , 0.105728 , 0.0993239 , 0.0931208 , 0.0843546 , 0.0755535 , 0.0861755 , 0.0979965 , 0.102095 , 0.106134 , 0.109016 , 0.108561 , 0.0952038 , 0.0743381 , 0 , 0 , 0 , 0 , 0 , 0 , 0 , 0 , 
1e+200 , 0.151417 , 0.151459 , 0.144232 , 0.137023 , 0.135696 , 0.134412 , 0.123112 , 0.111847 , 0.121397 , 0.131161 , 0.121934 , 0.112832 , 0.105039 , 0.0974087 , 0.0832849 , 0.0689531 , 0.0756917 , 0.0832807 , 0.0934017 , 0.104538 , 0.103414 , 0.100776 , 0.0943754 , 0.081997 , 0.0640258 , 0 , 0 , 0 , 0 , 0 , 0 , 0 , 
1e+200 , 0.153685 , 0.153716 , 0.147042 , 0.140382 , 0.138583 , 0.136814 , 0.124501 , 0.112211 , 0.122715 , 0.133382 , 0.124196 , 0.115113 , 0.107418 , 0.0998669 , 0.0850851 , 0.0701634 , 0.069234 , 0.0686219 , 0.0788419 , 0.0901992 , 0.0977335 , 0.105535 , 0.0985409 , 0.0882475 , 0.0860327 , 0.067177 , 0 , 0 , 0 , 0 , 0 , 0 , 
1e+200 , 0.155962 , 0.155984 , 0.149868 , 0.143761 , 0.141498 , 0.139257 , 0.125943 , 0.112644 , 0.124132 , 0.135742 , 0.12663 , 0.1176 , 0.110037 , 0.102598 , 0.0871712 , 0.0716515 , 0.0634634 , 0.0552288 , 0.0656572 , 0.0771347 , 0.0921452 , 0.108606 , 0.0995824 , 0.0885082 , 0.0925823 , 0.0900684 , 0.0703282 , 0 , 0 , 0 , 0 , 0 , 
1e+200 , 0.155309 , 0.155324 , 0.150316 , 0.145315 , 0.144839 , 0.14438 , 0.130401 , 0.116434 , 0.125744 , 0.135136 , 0.124686 , 0.114287 , 0.107354 , 0.10052 , 0.0882558 , 0.0759979 , 0.0651175 , 0.0541446 , 0.0540612 , 0.054261 , 0.0762353 , 0.100279 , 0.0996514 , 0.0985472 , 0.0952492 , 0.0888641 , 0.0935955 , 0.0730822 , 0 , 0 , 0 , 0 , 
1e+200 , 0.15466 , 0.154671 , 0.150772 , 0.146879 , 0.148194 , 0.149522 , 0.134884 , 0.120254 , 0.127408 , 0.134618 , 0.122859 , 0.111133 , 0.104867 , 0.0986783 , 0.0895546 , 0.0804902 , 0.0669815 , 0.053359 , 0.0433446 , 0.0331059 , 0.061791 , 0.0927452 , 0.0993297 , 0.106621 , 0.0949353 , 0.0810644 , 0.0926525 , 0.0971226 , 0.0758363 , 0 , 0 , 0 , 
1e+200 , 0.147476 , 0.147483 , 0.146153 , 0.144826 , 0.149125 , 0.153434 , 0.13894 , 0.124452 , 0.129327 , 0.13424 , 0.121393 , 0.108566 , 0.102866 , 0.0972243 , 0.0920153 , 0.0868985 , 0.0748533 , 0.0627824 , 0.0397758 , 0.0161638 , 0.0454911 , 0.0766794 , 0.0981519 , 0.121742 , 0.104915 , 0.0861302 , 0.0814245 , 0.0740241 , 0.109299 , 0.0853443 , 0 , 0 , 
1e+200 , 0.140295 , 0.140299 , 0.141538 , 0.14278 , 0.150064 , 0.157357 , 0.143009 , 0.128666 , 0.131274 , 0.133906 , 0.119986 , 0.106078 , 0.100964 , 0.0958946 , 0.0945951 , 0.0933972 , 0.0827774 , 0.0721819 , 0.0364839 , 4.06741e-006 , 0.0302734 , 0.0620081 , 0.0974273 , 0.135758 , 0.113665 , 0.089736 , 0.0680343 , 0.0437709 , 0.0871033 , 0.121476 , 0.0948522 , 0 , 
1e+200 , 0.140292 , 0.140295 , 0.141531 , 0.14277 , 0.15005 , 0.157335 , 0.14298 , 0.12863 , 0.131221 , 0.13383 , 0.119889 , 0.105958 , 0.100803 , 0.0956811 , 0.0943022 , 0.0929977 , 0.0822918 , 0.0716064 , 0.0360929 , 4.00964e-006 , 0.0297128 , 0.0605426 , 0.0945657 , 0.13097 , 0.109071 , 0.0858533 , 0.0652323 , 0.042478 , 0.0871892 , 0.130479 , 0.121476 , 0.0948522 , 

shifts ,
0 , 0 , 0 , 0 , 0 , 0 , 0 , 0 , 0 , 0 , 0 , 0 , 0 , 0 , 0 , 0 , 0 , 0 , 0 , 0 , 0 , 0 , 0 , 0 , 0 , 0 , 0 , 0 , 0 , 0 , 0 , 0 , 0 , 
0 , 0 , 0 , 0 , 0 , 0 , 0 , 0 , 0 , 0 , 0 , 0 , 0 , 0 , 0 , 0 , 0 , 0 , 0 , 0 , 0 , 0 , 0 , 0 , 0 , 0 , 0 , 0 , 0 , 0 , 0 , 0 , 0 , 
0 , 0 , 0 , 0 , 0 , 0 , 0 , 0 , 0 , 0 , 0 , 0 , 0 , 0 , 0 , 0 , 0 , 0 , 0 , 0 , 0 , 0 , 0 , 0 , 0 , 0 , 0 , 0 , 0 , 0 , 0 , 0 , 0 , 
0 , 0 , 0 , 0 , 0 , 0 , 0 , 0 , 0 , 0 , 0 , 0 , 0 , 0 , 0 , 0 , 0 , 0 , 0 , 0 , 0 , 0 , 0 , 0 , 0 , 0 , 0 , 0 , 0 , 0 , 0 , 0 , 0 , 
0 , 0 , 0 , 0 , 0 , 0 , 0 , 0 , 0 , 0 , 0 , 0 , 0 , 0 , 0 , 0 , 0 , 0 , 0 , 0 , 0 , 0 , 0 , 0 , 0 , 0 , 0 , 0 , 0 , 0 , 0 , 0 , 0 , 
0 , 0 , 0 , 0 , 0 , 0 , 0 , 0 , 0 , 0 , 0 , 0 , 0 , 0 , 0 , 0 , 0 , 0 , 0 , 0 , 0 , 0 , 0 , 0 , 0 , 0 , 0 , 0 , 0 , 0 , 0 , 0 , 0 , 
0 , 0 , 0 , 0 , 0 , 0 , 0 , 0 , 0 , 0 , 0 , 0 , 0 , 0 , 0 , 0 , 0 , 0 , 0 , 0 , 0 , 0 , 0 , 0 , 0 , 0 , 0 , 0 , 0 , 0 , 0 , 0 , 0 , 
0 , 0 , 0 , 0 , 0 , 0 , 0 , 0 , 0 , 0 , 0 , 0 , 0 , 0 , 0 , 0 , 0 , 0 , 0 , 0 , 0 , 0 , 0 , 0 , 0 , 0 , 0 , 0 , 0 , 0 , 0 , 0 , 0 , 
0 , 0 , 0 , 0 , 0 , 0 , 0 , 0 , 0 , 0 , 0 , 0 , 0 , 0 , 0 , 0 , 0 , 0 , 0 , 0 , 0 , 0 , 0 , 0 , 0 , 0 , 0 , 0 , 0 , 0 , 0 , 0 , 0 , 
0 , 0 , 0 , 0 , 0 , 0 , 0 , 0 , 0 , 0 , 0 , 0 , 0 , 0 , 0 , 0 , 0 , 0 , 0 , 0 , 0 , 0 , 0 , 0 , 0 , 0 , 0 , 0 , 0 , 0 , 0 , 0 , 0 , 
0 , 0 , 0 , 0 , 0 , 0 , 0 , 0 , 0 , 0 , 0 , 0 , 0 , 0 , 0 , 0 , 0 , 0 , 0 , 0 , 0 , 0 , 0 , 0 , 0 , 0 , 0 , 0 , 0 , 0 , 0 , 0 , 0 , 
0 , 0 , 0 , 0 , 0 , 0 , 0 , 0 , 0 , 0 , 0 , 0 , 0 , 0 , 0 , 0 , 0 , 0 , 0 , 0 , 0 , 0 , 0 , 0 , 0 , 0 , 0 , 0 , 0 , 0 , 0 , 0 , 0 , 
0 , 0 , 0 , 0 , 0 , 0 , 0 , 0 , 0 , 0 , 0 , 0 , 0 , 0 , 0 , 0 , 0 , 0 , 0 , 0 , 0 , 0 , 0 , 0 , 0 , 0 , 0 , 0 , 0 , 0 , 0 , 0 , 0 , 
0 , 0 , 0 , 0 , 0 , 0 , 0 , 0 , 0 , 0 , 0 , 0 , 0 , 0 , 0 , 0 , 0 , 0 , 0 , 0 , 0 , 0 , 0 , 0 , 0 , 0 , 0 , 0 , 0 , 0 , 0 , 0 , 0 , 
0 , 0 , 0 , 0 , 0 , 0 , 0 , 0 , 0 , 0 , 0 , 0 , 0 , 0 , 0 , 0 , 0 , 0 , 0 , 0 , 0 , 0 , 0 , 0 , 0 , 0 , 0 , 0 , 0 , 0 , 0 , 0 , 0 , 
0 , 0 , 0 , 0 , 0 , 0 , 0 , 0 , 0 , 0 , 0 , 0 , 0 , 0 , 0 , 0 , 0 , 0 , 0 , 0 , 0 , 0 , 0 , 0 , 0 , 0 , 0 , 0 , 0 , 0 , 0 , 0 , 0 , 
0 , 0 , 0 , 0 , 0 , 0 , 0 , 0 , 0 , 0 , 0 , 0 , 0 , 0 , 0 , 0 , 0 , 0 , 0 , 0 , 0 , 0 , 0 , 0 , 0 , 0 , 0 , 0 , 0 , 0 , 0 , 0 , 0 , 
0 , 0 , 0 , 0 , 0 , 0 , 0 , 0 , 0 , 0 , 0 , 0 , 0 , 0 , 0 , 0 , 0 , 0 , 0 , 0 , 0 , 0 , 0 , 0 , 0 , 0 , 0 , 0 , 0 , 0 , 0 , 0 , 0 , 
0 , 0 , 0 , 0 , 0 , 0 , 0 , 0 , 0 , 0 , 0 , 0 , 0 , 0 , 0 , 0 , 0 , 0 , 0 , 0 , 0 , 0 , 0 , 0 , 0 , 0 , 0 , 0 , 0 , 0 , 0 , 0 , 0 , 
0 , 0 , 0 , 0 , 0 , 0 , 0 , 0 , 0 , 0 , 0 , 0 , 0 , 0 , 0 , 0 , 0 , 0 , 0 , 0 , 0 , 0 , 0 , 0 , 0 , 0 , 0 , 0 , 0 , 0 , 0 , 0 , 0 , 
0 , 0 , 0 , 0 , 0 , 0 , 0 , 0 , 0 , 0 , 0 , 0 , 0 , 0 , 0 , 0 , 0 , 0 , 0 , 0 , 0 , 0 , 0 , 0 , 0 , 0 , 0 , 0 , 0 , 0 , 0 , 0 , 0 , 
0 , 0 , 0 , 0 , 0 , 0 , 0 , 0 , 0 , 0 , 0 , 0 , 0 , 0 , 0 , 0 , 0 , 0 , 0 , 0 , 0 , 0 , 0 , 0 , 0 , 0 , 0 , 0 , 0 , 0 , 0 , 0 , 0 , 
0 , 0 , 0 , 0 , 0 , 0 , 0 , 0 , 0 , 0 , 0 , 0 , 0 , 0 , 0 , 0 , 0 , 0 , 0 , 0 , 0 , 0 , 0 , 0 , 0 , 0 , 0 , 0 , 0 , 0 , 0 , 0 , 0 , 
0 , 0 , 0 , 0 , 0 , 0 , 0 , 0 , 0 , 0 , 0 , 0 , 0 , 0 , 0 , 0 , 0 , 0 , 0 , 0 , 0 , 0 , 0 , 0 , 0 , 0 , 0 , 0 , 0 , 0 , 0 , 0 , 0 , 
0 , 0 , 0 , 0 , 0 , 0 , 0 , 0 , 0 , 0 , 0 , 0 , 0 , 0 , 0 , 0 , 0 , 0 , 0 , 0 , 0 , 0 , 0 , 0 , 0 , 0 , 0 , 0 , 0 , 0 , 0 , 0 , 0 , 
0 , 0 , 0 , 0 , 0 , 0 , 0 , 0 , 0 , 0 , 0 , 0 , 0 , 0 , 0 , 0 , 0 , 0 , 0 , 0 , 0 , 0 , 0 , 0 , 0 , 0 , 0 , 0 , 0 , 0 , 0 , 0 , 0 , 
0 , 0 , 0 , 0 , 0 , 0 , 0 , 0 , 0 , 0 , 0 , 0 , 0 , 0 , 0 , 0 , 0 , 0 , 0 , 0 , 0 , 0 , 0 , 0 , 0 , 0 , 0 , 0 , 0 , 0 , 0 , 0 , 0 , 
0 , 0 , 0 , 0 , 0 , 0 , 0 , 0 , 0 , 0 , 0 , 0 , 0 , 0 , 0 , 0 , 0 , 0 , 0 , 0 , 0 , 0 , 0 , 0 , 0 , 0 , 0 , 0 , 0 , 0 , 0 , 0 , 0 , 
0 , 0 , 0 , 0 , 0 , 0 , 0 , 0 , 0 , 0 , 0 , 0 , 0 , 0 , 0 , 0 , 0 , 0 , 0 , 0 , 0 , 0 , 0 , 0 , 0 , 0 , 0 , 0 , 0 , 0 , 0 , 0 , 0 , 
0 , 0 , 0 , 0 , 0 , 0 , 0 , 0 , 0 , 0 , 0 , 0 , 0 , 0 , 0 , 0 , 0 , 0 , 0 , 0 , 0 , 0 , 0 , 0 , 0 , 0 , 0 , 0 , 0 , 0 , 0 , 0 , 0 , 
0 , 0 , 0 , 0 , 0 , 0 , 0 , 0 , 0 , 0 , 0 , 0 , 0 , 0 , 0 , 0 , 0 , 0 , 0 , 0 , 0 , 0 , 0 , 0 , 0 , 0 , 0 , 0 , 0 , 0 , 0 , 0 , 0 , 
0 , 0 , 0 , 0 , 0 , 0 , 0 , 0 , 0 , 0 , 0 , 0 , 0 , 0 , 0 , 0 , 0 , 0 , 0 , 0 , 0 , 0 , 0 , 0 , 0 , 0 , 0 , 0 , 0 , 0 , 0 , 0 , 0 , 
0 , 0 , 0 , 0 , 0 , 0 , 0 , 0 , 0 , 0 , 0 , 0 , 0 , 0 , 0 , 0 , 0 , 0 , 0 , 0 , 0 , 0 , 0 , 0 , 0 , 0 , 0 , 0 , 0 , 0 , 0 , 0 , 0 , 

