g ,
1e+100 , 0 , 0 , 0 , 0 , 0 , 0 , 0 , 0 , 0 , 0 , 0 , 0 , 0 , 0 , 0 , 0 , 0 , 0 , 0 , 0 , 0 , 0 , 0 , 0 , 0 , 0 , 0 , 0 , 0 , 0 , 0 , 0 , 
1e+100 , 1.02889 , 0 , 0 , 0 , 0 , 0 , 0 , 0 , 0 , 0 , 0 , 0 , 0 , 0 , 0 , 0 , 0 , 0 , 0 , 0 , 0 , 0 , 0 , 0 , 0 , 0 , 0 , 0 , 0 , 0 , 0 , 0 , 
1e+100 , 1.02889 , 1.02889 , 0 , 0 , 0 , 0 , 0 , 0 , 0 , 0 , 0 , 0 , 0 , 0 , 0 , 0 , 0 , 0 , 0 , 0 , 0 , 0 , 0 , 0 , 0 , 0 , 0 , 0 , 0 , 0 , 0 , 0 , 
1e+100 , 1.02889 , 1.02889 , 1.02889 , 0 , 0 , 0 , 0 , 0 , 0 , 0 , 0 , 0 , 0 , 0 , 0 , 0 , 0 , 0 , 0 , 0 , 0 , 0 , 0 , 0 , 0 , 0 , 0 , 0 , 0 , 0 , 0 , 0 , 
1e+100 , 1.03291 , 1.03291 , 0.911305 , 0.911305 , 0 , 0 , 0 , 0 , 0 , 0 , 0 , 0 , 0 , 0 , 0 , 0 , 0 , 0 , 0 , 0 , 0 , 0 , 0 , 0 , 0 , 0 , 0 , 0 , 0 , 0 , 0 , 0 , 
1e+100 , 1.03693 , 1.03693 , 0.915321 , 0.793715 , 0.793715 , 0 , 0 , 0 , 0 , 0 , 0 , 0 , 0 , 0 , 0 , 0 , 0 , 0 , 0 , 0 , 0 , 0 , 0 , 0 , 0 , 0 , 0 , 0 , 0 , 0 , 0 , 0 , 
1e+100 , 1.04257 , 1.04257 , 0.92838 , 0.814192 , 0.880129 , 0.880129 , 0 , 0 , 0 , 0 , 0 , 0 , 0 , 0 , 0 , 0 , 0 , 0 , 0 , 0 , 0 , 0 , 0 , 0 , 0 , 0 , 0 , 0 , 0 , 0 , 0 , 0 , 
1e+100 , 1.04821 , 1.04821 , 0.941439 , 0.834669 , 0.900606 , 0.966544 , 0.966544 , 0 , 0 , 0 , 0 , 0 , 0 , 0 , 0 , 0 , 0 , 0 , 0 , 0 , 0 , 0 , 0 , 0 , 0 , 0 , 0 , 0 , 0 , 0 , 0 , 0 , 
1e+100 , 1.05561 , 1.05561 , 0.955375 , 0.855138 , 0.910121 , 0.965104 , 0.86388 , 0.86388 , 0 , 0 , 0 , 0 , 0 , 0 , 0 , 0 , 0 , 0 , 0 , 0 , 0 , 0 , 0 , 0 , 0 , 0 , 0 , 0 , 0 , 0 , 0 , 0 , 
1e+100 , 1.06301 , 1.06301 , 0.969311 , 0.875607 , 0.919636 , 0.963664 , 0.86244 , 0.761217 , 0.761217 , 0 , 0 , 0 , 0 , 0 , 0 , 0 , 0 , 0 , 0 , 0 , 0 , 0 , 0 , 0 , 0 , 0 , 0 , 0 , 0 , 0 , 0 , 0 , 
1e+100 , 1.0717 , 1.0717 , 0.983869 , 0.896041 , 0.929164 , 0.962286 , 0.870462 , 0.778638 , 0.80355 , 0.80355 , 0 , 0 , 0 , 0 , 0 , 0 , 0 , 0 , 0 , 0 , 0 , 0 , 0 , 0 , 0 , 0 , 0 , 0 , 0 , 0 , 0 , 0 , 
1e+100 , 1.08038 , 1.08038 , 0.998428 , 0.916475 , 0.938692 , 0.960908 , 0.878483 , 0.796058 , 0.820971 , 0.845884 , 0.845884 , 0 , 0 , 0 , 0 , 0 , 0 , 0 , 0 , 0 , 0 , 0 , 0 , 0 , 0 , 0 , 0 , 0 , 0 , 0 , 0 , 0 , 
1e+100 , 1.08972 , 1.08972 , 1.01323 , 0.936743 , 0.94816 , 0.959576 , 0.886529 , 0.813483 , 0.831111 , 0.848739 , 0.781869 , 0.781869 , 0 , 0 , 0 , 0 , 0 , 0 , 0 , 0 , 0 , 0 , 0 , 0 , 0 , 0 , 0 , 0 , 0 , 0 , 0 , 0 , 
1e+100 , 1.09906 , 1.09906 , 1.02804 , 0.957011 , 0.957628 , 0.958244 , 0.894576 , 0.830907 , 0.841251 , 0.851595 , 0.784725 , 0.717854 , 0.717854 , 0 , 0 , 0 , 0 , 0 , 0 , 0 , 0 , 0 , 0 , 0 , 0 , 0 , 0 , 0 , 0 , 0 , 0 , 0 , 
1e+100 , 1.10872 , 1.10872 , 1.04291 , 0.977096 , 0.967043 , 0.956991 , 0.902687 , 0.848383 , 0.851437 , 0.854492 , 0.79458 , 0.734668 , 0.724589 , 0.724589 , 0 , 0 , 0 , 0 , 0 , 0 , 0 , 0 , 0 , 0 , 0 , 0 , 0 , 0 , 0 , 0 , 0 , 0 , 
1e+100 , 1.11838 , 1.11838 , 1.05778 , 0.99718 , 0.976459 , 0.955738 , 0.910798 , 0.865858 , 0.861624 , 0.85739 , 0.804436 , 0.751482 , 0.741403 , 0.731324 , 0.731324 , 0 , 0 , 0 , 0 , 0 , 0 , 0 , 0 , 0 , 0 , 0 , 0 , 0 , 0 , 0 , 0 , 0 , 
1e+100 , 1.12831 , 1.12831 , 1.07275 , 1.01719 , 0.985916 , 0.954645 , 0.919055 , 0.883465 , 0.871932 , 0.860398 , 0.814367 , 0.768335 , 0.750075 , 0.731815 , 0.724473 , 0.724473 , 0 , 0 , 0 , 0 , 0 , 0 , 0 , 0 , 0 , 0 , 0 , 0 , 0 , 0 , 0 , 0 , 
1e+100 , 1.13824 , 1.13824 , 1.08772 , 1.03719 , 0.995373 , 0.953552 , 0.927312 , 0.901072 , 0.88224 , 0.863407 , 0.824297 , 0.785187 , 0.758747 , 0.732306 , 0.724964 , 0.717622 , 0.717622 , 0 , 0 , 0 , 0 , 0 , 0 , 0 , 0 , 0 , 0 , 0 , 0 , 0 , 0 , 0 , 
1e+100 , 1.14852 , 1.14852 , 1.10291 , 1.05729 , 1.00501 , 0.952724 , 0.935815 , 0.918906 , 0.89276 , 0.866615 , 0.834381 , 0.802146 , 0.767489 , 0.732832 , 0.725682 , 0.718532 , 0.712037 , 0.712037 , 0 , 0 , 0 , 0 , 0 , 0 , 0 , 0 , 0 , 0 , 0 , 0 , 0 , 0 , 
1e+100 , 1.15881 , 1.15881 , 1.1181 , 1.07739 , 1.01464 , 0.951896 , 0.944318 , 0.936739 , 0.903281 , 0.869822 , 0.844464 , 0.819106 , 0.776232 , 0.733357 , 0.7264 , 0.719443 , 0.712948 , 0.706453 , 0.706453 , 0 , 0 , 0 , 0 , 0 , 0 , 0 , 0 , 0 , 0 , 0 , 0 , 0 , 
1e+100 , 1.16952 , 1.16952 , 1.1336 , 1.09768 , 1.02453 , 0.951378 , 0.953108 , 0.954839 , 0.91405 , 0.873262 , 0.854737 , 0.836212 , 0.78508 , 0.733948 , 0.727157 , 0.720366 , 0.705115 , 0.689865 , 0.661754 , 0.661754 , 0 , 0 , 0 , 0 , 0 , 0 , 0 , 0 , 0 , 0 , 0 , 0 , 
1e+100 , 1.18023 , 1.18023 , 1.1491 , 1.11798 , 1.03442 , 0.950859 , 0.961899 , 0.972938 , 0.92482 , 0.876701 , 0.86501 , 0.853319 , 0.793928 , 0.734538 , 0.727913 , 0.721289 , 0.697283 , 0.673277 , 0.645167 , 0.617056 , 0.617056 , 0 , 0 , 0 , 0 , 0 , 0 , 0 , 0 , 0 , 0 , 0 , 
1e+100 , 1.19133 , 1.19133 , 1.16491 , 1.13849 , 1.04455 , 0.950618 , 0.970949 , 0.991279 , 0.935815 , 0.880351 , 0.875461 , 0.87057 , 0.802888 , 0.735206 , 0.728722 , 0.722238 , 0.689466 , 0.656695 , 0.62973 , 0.602765 , 0.685872 , 0.685872 , 0 , 0 , 0 , 0 , 0 , 0 , 0 , 0 , 0 , 0 , 
1e+100 , 1.20242 , 1.20242 , 1.18071 , 1.159 , 1.05469 , 0.950376 , 0.979998 , 1.00962 , 0.946811 , 0.884002 , 0.885912 , 0.887822 , 0.811848 , 0.735873 , 0.72953 , 0.723187 , 0.681649 , 0.640112 , 0.614293 , 0.588475 , 0.671582 , 0.754688 , 0.754688 , 0 , 0 , 0 , 0 , 0 , 0 , 0 , 0 , 0 , 
1e+100 , 1.21378 , 1.21378 , 1.19673 , 1.17968 , 1.06501 , 0.950331 , 0.989231 , 1.02813 , 0.957967 , 0.887801 , 0.896492 , 0.905182 , 0.820892 , 0.736603 , 0.730383 , 0.724163 , 0.673848 , 0.623534 , 0.598858 , 0.574182 , 0.652231 , 0.73028 , 0.652583 , 0.652583 , 0 , 0 , 0 , 0 , 0 , 0 , 0 , 0 , 
1e+100 , 1.22515 , 1.22515 , 1.21276 , 1.20037 , 1.07533 , 0.950285 , 0.998464 , 1.04664 , 0.969122 , 0.891601 , 0.907071 , 0.922542 , 0.829937 , 0.737333 , 0.731235 , 0.725138 , 0.666047 , 0.606956 , 0.583423 , 0.559889 , 0.63288 , 0.705871 , 0.628174 , 0.550477 , 0.550477 , 0 , 0 , 0 , 0 , 0 , 0 , 0 , 
1e+100 , 1.23665 , 1.23665 , 1.22889 , 1.22114 , 1.08574 , 0.950343 , 1.0078 , 1.06525 , 0.980363 , 0.895479 , 0.917719 , 0.939959 , 0.839027 , 0.738096 , 0.732111 , 0.726127 , 0.658253 , 0.590378 , 0.567985 , 0.545591 , 0.613526 , 0.68146 , 0.636133 , 0.590805 , 0.603989 , 0.603989 , 0 , 0 , 0 , 0 , 0 , 0 , 
1e+100 , 1.24815 , 1.24815 , 1.24503 , 1.24191 , 1.09616 , 0.950402 , 1.01713 , 1.08385 , 0.991604 , 0.899358 , 0.928367 , 0.957375 , 0.848117 , 0.738859 , 0.732987 , 0.727115 , 0.650458 , 0.573801 , 0.552547 , 0.531293 , 0.594171 , 0.65705 , 0.644091 , 0.631132 , 0.644317 , 0.657502 , 0.657502 , 0 , 0 , 0 , 0 , 0 , 
1e+100 , 1.25969 , 1.25969 , 1.2612 , 1.26271 , 1.10661 , 0.950498 , 1.02649 , 1.10248 , 1.00287 , 0.903264 , 0.939037 , 0.974811 , 0.857221 , 0.739632 , 0.733869 , 0.728106 , 0.642663 , 0.55722 , 0.537104 , 0.516988 , 0.574811 , 0.632634 , 0.652046 , 0.671459 , 0.631628 , 0.591798 , 0.632692 , 0.632692 , 0 , 0 , 0 , 0 , 
1e+100 , 1.27124 , 1.27124 , 1.27738 , 1.28352 , 1.11705 , 0.950593 , 1.03586 , 1.12112 , 1.01414 , 0.907169 , 0.949708 , 0.992246 , 0.866325 , 0.740404 , 0.734751 , 0.729097 , 0.634868 , 0.540639 , 0.521661 , 0.502684 , 0.555451 , 0.608218 , 0.660002 , 0.711786 , 0.61894 , 0.526093 , 0.566988 , 0.607883 , 0.607883 , 0 , 0 , 0 , 
1e+100 , 1.28279 , 1.28279 , 1.29356 , 1.30432 , 1.12751 , 0.950696 , 1.04523 , 1.13976 , 1.02542 , 0.91108 , 0.960382 , 1.00968 , 0.875432 , 0.741179 , 0.735633 , 0.730088 , 0.627073 , 0.524058 , 0.506217 , 0.488377 , 0.536089 , 0.583801 , 0.667957 , 0.752112 , 0.606251 , 0.46039 , 0.480514 , 0.500639 , 0.734962 , 0.734962 , 0 , 0 , 
1e+100 , 1.29434 , 1.29434 , 1.30974 , 1.32513 , 1.13796 , 0.950798 , 1.0546 , 1.1584 , 1.0367 , 0.914991 , 0.971057 , 1.02712 , 0.884538 , 0.741953 , 0.736516 , 0.731079 , 0.619278 , 0.507476 , 0.490773 , 0.47407 , 0.516727 , 0.559383 , 0.675911 , 0.792439 , 0.593563 , 0.394687 , 0.394041 , 0.393394 , 0.627718 , 0.862042 , 0.862042 , 0 , 
1e+100 , 1.29434 , 1.29434 , 1.30974 , 1.32513 , 1.13796 , 0.950798 , 1.0546 , 1.1584 , 1.0367 , 0.914991 , 0.971057 , 1.02712 , 0.884538 , 0.741953 , 0.736516 , 0.731079 , 0.619278 , 0.507476 , 0.490773 , 0.47407 , 0.516727 , 0.559383 , 0.675911 , 0.792439 , 0.593563 , 0.394687 , 0.394041 , 0.393394 , 0.627718 , 0.862042 , 0.862042 , 0.862042 , 

h ,
1e+100 , 0 , 0 , 0 , 0 , 0 , 0 , 0 , 0 , 0 , 0 , 0 , 0 , 0 , 0 , 0 , 0 , 0 , 0 , 0 , 0 , 0 , 0 , 0 , 0 , 0 , 0 , 0 , 0 , 0 , 0 , 0 , 0 , 
1e+100 , 0.120859 , 0 , 0 , 0 , 0 , 0 , 0 , 0 , 0 , 0 , 0 , 0 , 0 , 0 , 0 , 0 , 0 , 0 , 0 , 0 , 0 , 0 , 0 , 0 , 0 , 0 , 0 , 0 , 0 , 0 , 0 , 0 , 
1e+100 , 0.154783 , 0.120859 , 0 , 0 , 0 , 0 , 0 , 0 , 0 , 0 , 0 , 0 , 0 , 0 , 0 , 0 , 0 , 0 , 0 , 0 , 0 , 0 , 0 , 0 , 0 , 0 , 0 , 0 , 0 , 0 , 0 , 0 , 
1e+100 , 0.166254 , 0.154783 , 0.120859 , 0 , 0 , 0 , 0 , 0 , 0 , 0 , 0 , 0 , 0 , 0 , 0 , 0 , 0 , 0 , 0 , 0 , 0 , 0 , 0 , 0 , 0 , 0 , 0 , 0 , 0 , 0 , 0 , 0 , 
1e+100 , 0.166418 , 0.166254 , 0.154783 , 0.120859 , 0 , 0 , 0 , 0 , 0 , 0 , 0 , 0 , 0 , 0 , 0 , 0 , 0 , 0 , 0 , 0 , 0 , 0 , 0 , 0 , 0 , 0 , 0 , 0 , 0 , 0 , 0 , 0 , 
1e+100 , 0.161502 , 0.166418 , 0.166254 , 0.154783 , 0.120859 , 0 , 0 , 0 , 0 , 0 , 0 , 0 , 0 , 0 , 0 , 0 , 0 , 0 , 0 , 0 , 0 , 0 , 0 , 0 , 0 , 0 , 0 , 0 , 0 , 0 , 0 , 0 , 
1e+100 , 0.154851 , 0.161502 , 0.166418 , 0.166254 , 0.154783 , 0.120859 , 0 , 0 , 0 , 0 , 0 , 0 , 0 , 0 , 0 , 0 , 0 , 0 , 0 , 0 , 0 , 0 , 0 , 0 , 0 , 0 , 0 , 0 , 0 , 0 , 0 , 0 , 
1e+100 , 0.148151 , 0.154851 , 0.161502 , 0.166418 , 0.166254 , 0.154783 , 0.120859 , 0 , 0 , 0 , 0 , 0 , 0 , 0 , 0 , 0 , 0 , 0 , 0 , 0 , 0 , 0 , 0 , 0 , 0 , 0 , 0 , 0 , 0 , 0 , 0 , 0 , 
1e+100 , 0.142163 , 0.148151 , 0.154851 , 0.161502 , 0.166418 , 0.166254 , 0.154783 , 0.120859 , 0 , 0 , 0 , 0 , 0 , 0 , 0 , 0 , 0 , 0 , 0 , 0 , 0 , 0 , 0 , 0 , 0 , 0 , 0 , 0 , 0 , 0 , 0 , 0 , 
1e+100 , 0.137149 , 0.142163 , 0.148151 , 0.154851 , 0.161502 , 0.166418 , 0.166254 , 0.154783 , 0.120859 , 0 , 0 , 0 , 0 , 0 , 0 , 0 , 0 , 0 , 0 , 0 , 0 , 0 , 0 , 0 , 0 , 0 , 0 , 0 , 0 , 0 , 0 , 0 , 
1e+100 , 0.133121 , 0.137149 , 0.142163 , 0.148151 , 0.154851 , 0.161502 , 0.166418 , 0.166254 , 0.154783 , 0.120859 , 0 , 0 , 0 , 0 , 0 , 0 , 0 , 0 , 0 , 0 , 0 , 0 , 0 , 0 , 0 , 0 , 0 , 0 , 0 , 0 , 0 , 0 , 
1e+100 , 0.129975 , 0.133121 , 0.137149 , 0.142163 , 0.148151 , 0.154851 , 0.161502 , 0.166418 , 0.166254 , 0.154783 , 0.120859 , 0 , 0 , 0 , 0 , 0 , 0 , 0 , 0 , 0 , 0 , 0 , 0 , 0 , 0 , 0 , 0 , 0 , 0 , 0 , 0 , 0 , 
1e+100 , 0.127568 , 0.129975 , 0.133121 , 0.137149 , 0.142163 , 0.148151 , 0.154851 , 0.161502 , 0.166418 , 0.166254 , 0.154783 , 0.120859 , 0 , 0 , 0 , 0 , 0 , 0 , 0 , 0 , 0 , 0 , 0 , 0 , 0 , 0 , 0 , 0 , 0 , 0 , 0 , 0 , 
1e+100 , 0.125756 , 0.127568 , 0.129975 , 0.133121 , 0.137149 , 0.142163 , 0.148151 , 0.154851 , 0.161502 , 0.166418 , 0.166254 , 0.154783 , 0.120859 , 0 , 0 , 0 , 0 , 0 , 0 , 0 , 0 , 0 , 0 , 0 , 0 , 0 , 0 , 0 , 0 , 0 , 0 , 0 , 
1e+100 , 0.124409 , 0.125756 , 0.127568 , 0.129975 , 0.133121 , 0.137149 , 0.142163 , 0.148151 , 0.154851 , 0.161502 , 0.166418 , 0.166254 , 0.154783 , 0.120859 , 0 , 0 , 0 , 0 , 0 , 0 , 0 , 0 , 0 , 0 , 0 , 0 , 0 , 0 , 0 , 0 , 0 , 0 , 
1e+100 , 0.123417 , 0.124409 , 0.125756 , 0.127568 , 0.129975 , 0.133121 , 0.137149 , 0.142163 , 0.148151 , 0.154851 , 0.161502 , 0.166418 , 0.166254 , 0.154783 , 0.120859 , 0 , 0 , 0 , 0 , 0 , 0 , 0 , 0 , 0 , 0 , 0 , 0 , 0 , 0 , 0 , 0 , 0 , 
1e+100 , 0.122693 , 0.123417 , 0.124409 , 0.125756 , 0.127568 , 0.129975 , 0.133121 , 0.137149 , 0.142163 , 0.148151 , 0.154851 , 0.161502 , 0.166418 , 0.166254 , 0.154783 , 0.120859 , 0 , 0 , 0 , 0 , 0 , 0 , 0 , 0 , 0 , 0 , 0 , 0 , 0 , 0 , 0 , 0 , 
1e+100 , 0.122168 , 0.122693 , 0.123417 , 0.124409 , 0.125756 , 0.127568 , 0.129975 , 0.133121 , 0.137149 , 0.142163 , 0.148151 , 0.154851 , 0.161502 , 0.166418 , 0.166254 , 0.154783 , 0.120859 , 0 , 0 , 0 , 0 , 0 , 0 , 0 , 0 , 0 , 0 , 0 , 0 , 0 , 0 , 0 , 
1e+100 , 0.12179 , 0.122168 , 0.122693 , 0.123417 , 0.124409 , 0.125756 , 0.127568 , 0.129975 , 0.133121 , 0.137149 , 0.142163 , 0.148151 , 0.154851 , 0.161502 , 0.166418 , 0.166254 , 0.154783 , 0.120859 , 0 , 0 , 0 , 0 , 0 , 0 , 0 , 0 , 0 , 0 , 0 , 0 , 0 , 0 , 
1e+100 , 0.121518 , 0.12179 , 0.122168 , 0.122693 , 0.123417 , 0.124409 , 0.125756 , 0.127568 , 0.129975 , 0.133121 , 0.137149 , 0.142163 , 0.148151 , 0.154851 , 0.161502 , 0.166418 , 0.166254 , 0.154783 , 0.120859 , 0 , 0 , 0 , 0 , 0 , 0 , 0 , 0 , 0 , 0 , 0 , 0 , 0 , 
1e+100 , 0.121325 , 0.121518 , 0.12179 , 0.122168 , 0.122693 , 0.123417 , 0.124409 , 0.125756 , 0.127568 , 0.129975 , 0.133121 , 0.137149 , 0.142163 , 0.148151 , 0.154851 , 0.161502 , 0.166418 , 0.166254 , 0.154783 , 0.120859 , 0 , 0 , 0 , 0 , 0 , 0 , 0 , 0 , 0 , 0 , 0 , 0 , 
1e+100 , 0.121187 , 0.121325 , 0.121518 , 0.12179 , 0.122168 , 0.122693 , 0.123417 , 0.124409 , 0.125756 , 0.127568 , 0.129975 , 0.133121 , 0.137149 , 0.142163 , 0.148151 , 0.154851 , 0.161502 , 0.166418 , 0.166254 , 0.154783 , 0.120859 , 0 , 0 , 0 , 0 , 0 , 0 , 0 , 0 , 0 , 0 , 0 , 
1e+100 , 0.12109 , 0.121187 , 0.121325 , 0.121518 , 0.12179 , 0.122168 , 0.122693 , 0.123417 , 0.124409 , 0.125756 , 0.127568 , 0.129975 , 0.133121 , 0.137149 , 0.142163 , 0.148151 , 0.154851 , 0.161502 , 0.166418 , 0.166254 , 0.154783 , 0.120859 , 0 , 0 , 0 , 0 , 0 , 0 , 0 , 0 , 0 , 0 , 
1e+100 , 0.121021 , 0.12109 , 0.121187 , 0.121325 , 0.121518 , 0.12179 , 0.122168 , 0.122693 , 0.123417 , 0.124409 , 0.125756 , 0.127568 , 0.129975 , 0.133121 , 0.137149 , 0.142163 , 0.148151 , 0.154851 , 0.161502 , 0.166418 , 0.166254 , 0.154783 , 0.120859 , 0 , 0 , 0 , 0 , 0 , 0 , 0 , 0 , 0 , 
1e+100 , 0.120972 , 0.121021 , 0.12109 , 0.121187 , 0.121325 , 0.121518 , 0.12179 , 0.122168 , 0.122693 , 0.123417 , 0.124409 , 0.125756 , 0.127568 , 0.129975 , 0.133121 , 0.137149 , 0.142163 , 0.148151 , 0.154851 , 0.161502 , 0.166418 , 0.166254 , 0.154783 , 0.120859 , 0 , 0 , 0 , 0 , 0 , 0 , 0 , 0 , 
1e+100 , 0.120938 , 0.120972 , 0.121021 , 0.12109 , 0.121187 , 0.121325 , 0.121518 , 0.12179 , 0.122168 , 0.122693 , 0.123417 , 0.124409 , 0.125756 , 0.127568 , 0.129975 , 0.133121 , 0.137149 , 0.142163 , 0.148151 , 0.154851 , 0.161502 , 0.166418 , 0.166254 , 0.154783 , 0.120859 , 0 , 0 , 0 , 0 , 0 , 0 , 0 , 
1e+100 , 0.120914 , 0.120938 , 0.120972 , 0.121021 , 0.12109 , 0.121187 , 0.121325 , 0.121518 , 0.12179 , 0.122168 , 0.122693 , 0.123417 , 0.124409 , 0.125756 , 0.127568 , 0.129975 , 0.133121 , 0.137149 , 0.142163 , 0.148151 , 0.154851 , 0.161502 , 0.166418 , 0.166254 , 0.154783 , 0.120859 , 0 , 0 , 0 , 0 , 0 , 0 , 
1e+100 , 0.120898 , 0.120914 , 0.120938 , 0.120972 , 0.121021 , 0.12109 , 0.121187 , 0.121325 , 0.121518 , 0.12179 , 0.122168 , 0.122693 , 0.123417 , 0.124409 , 0.125756 , 0.127568 , 0.129975 , 0.133121 , 0.137149 , 0.142163 , 0.148151 , 0.154851 , 0.161502 , 0.166418 , 0.166254 , 0.154783 , 0.120859 , 0 , 0 , 0 , 0 , 0 , 
1e+100 , 0.120886 , 0.120898 , 0.120914 , 0.120938 , 0.120972 , 0.121021 , 0.12109 , 0.121187 , 0.121325 , 0.121518 , 0.12179 , 0.122168 , 0.122693 , 0.123417 , 0.124409 , 0.125756 , 0.127568 , 0.129975 , 0.133121 , 0.137149 , 0.142163 , 0.148151 , 0.154851 , 0.161502 , 0.166418 , 0.166254 , 0.154783 , 0.120859 , 0 , 0 , 0 , 0 , 
1e+100 , 0.120878 , 0.120886 , 0.120898 , 0.120914 , 0.120938 , 0.120972 , 0.121021 , 0.12109 , 0.121187 , 0.121325 , 0.121518 , 0.12179 , 0.122168 , 0.122693 , 0.123417 , 0.124409 , 0.125756 , 0.127568 , 0.129975 , 0.133121 , 0.137149 , 0.142163 , 0.148151 , 0.154851 , 0.161502 , 0.166418 , 0.166254 , 0.154783 , 0.120859 , 0 , 0 , 0 , 
1e+100 , 0.120872 , 0.120878 , 0.120886 , 0.120898 , 0.120914 , 0.120938 , 0.120972 , 0.121021 , 0.12109 , 0.121187 , 0.121325 , 0.121518 , 0.12179 , 0.122168 , 0.122693 , 0.123417 , 0.124409 , 0.125756 , 0.127568 , 0.129975 , 0.133121 , 0.137149 , 0.142163 , 0.148151 , 0.154851 , 0.161502 , 0.166418 , 0.166254 , 0.154783 , 0.120859 , 0 , 0 , 
1e+100 , 0.120868 , 0.120872 , 0.120878 , 0.120886 , 0.120898 , 0.120914 , 0.120938 , 0.120972 , 0.121021 , 0.12109 , 0.121187 , 0.121325 , 0.121518 , 0.12179 , 0.122168 , 0.122693 , 0.123417 , 0.124409 , 0.125756 , 0.127568 , 0.129975 , 0.133121 , 0.137149 , 0.142163 , 0.148151 , 0.154851 , 0.161502 , 0.166418 , 0.166254 , 0.154783 , 0.120859 , 0 , 
1e+100 , 0.120866 , 0.120868 , 0.120872 , 0.120878 , 0.120886 , 0.120898 , 0.120914 , 0.120938 , 0.120972 , 0.121021 , 0.12109 , 0.121187 , 0.121325 , 0.121518 , 0.12179 , 0.122168 , 0.122693 , 0.123417 , 0.124409 , 0.125756 , 0.127568 , 0.129975 , 0.133121 , 0.137149 , 0.142163 , 0.148151 , 0.154851 , 0.161502 , 0.166418 , 0.166254 , 0.154783 , 0.120859 , 

h*g ,
1e+200 , 0 , 0 , 0 , 0 , 0 , 0 , 0 , 0 , 0 , 0 , 0 , 0 , 0 , 0 , 0 , 0 , 0 , 0 , 0 , 0 , 0 , 0 , 0 , 0 , 0 , 0 , 0 , 0 , 0 , 0 , 0 , 0 , 
1e+200 , 0.124352 , 0 , 0 , 0 , 0 , 0 , 0 , 0 , 0 , 0 , 0 , 0 , 0 , 0 , 0 , 0 , 0 , 0 , 0 , 0 , 0 , 0 , 0 , 0 , 0 , 0 , 0 , 0 , 0 , 0 , 0 , 0 , 
1e+200 , 0.159256 , 0.124352 , 0 , 0 , 0 , 0 , 0 , 0 , 0 , 0 , 0 , 0 , 0 , 0 , 0 , 0 , 0 , 0 , 0 , 0 , 0 , 0 , 0 , 0 , 0 , 0 , 0 , 0 , 0 , 0 , 0 , 0 , 
1e+200 , 0.171058 , 0.159256 , 0.124352 , 0 , 0 , 0 , 0 , 0 , 0 , 0 , 0 , 0 , 0 , 0 , 0 , 0 , 0 , 0 , 0 , 0 , 0 , 0 , 0 , 0 , 0 , 0 , 0 , 0 , 0 , 0 , 0 , 0 , 
1e+200 , 0.171895 , 0.171726 , 0.141055 , 0.11014 , 0 , 0 , 0 , 0 , 0 , 0 , 0 , 0 , 0 , 0 , 0 , 0 , 0 , 0 , 0 , 0 , 0 , 0 , 0 , 0 , 0 , 0 , 0 , 0 , 0 , 0 , 0 , 0 , 
1e+200 , 0.167466 , 0.172564 , 0.152176 , 0.122854 , 0.0959279 , 0 , 0 , 0 , 0 , 0 , 0 , 0 , 0 , 0 , 0 , 0 , 0 , 0 , 0 , 0 , 0 , 0 , 0 , 0 , 0 , 0 , 0 , 0 , 0 , 0 , 0 , 0 , 
1e+200 , 0.161443 , 0.168377 , 0.154499 , 0.135363 , 0.136229 , 0.106372 , 0 , 0 , 0 , 0 , 0 , 0 , 0 , 0 , 0 , 0 , 0 , 0 , 0 , 0 , 0 , 0 , 0 , 0 , 0 , 0 , 0 , 0 , 0 , 0 , 0 , 0 , 
1e+200 , 0.155293 , 0.162316 , 0.152045 , 0.138904 , 0.14973 , 0.149605 , 0.116816 , 0 , 0 , 0 , 0 , 0 , 0 , 0 , 0 , 0 , 0 , 0 , 0 , 0 , 0 , 0 , 0 , 0 , 0 , 0 , 0 , 0 , 0 , 0 , 0 , 0 , 
1e+200 , 0.150069 , 0.15639 , 0.147941 , 0.138107 , 0.151461 , 0.160453 , 0.133714 , 0.104408 , 0 , 0 , 0 , 0 , 0 , 0 , 0 , 0 , 0 , 0 , 0 , 0 , 0 , 0 , 0 , 0 , 0 , 0 , 0 , 0 , 0 , 0 , 0 , 0 , 
1e+200 , 0.145791 , 0.151121 , 0.143604 , 0.135589 , 0.148523 , 0.160371 , 0.143384 , 0.117824 , 0.0920002 , 0 , 0 , 0 , 0 , 0 , 0 , 0 , 0 , 0 , 0 , 0 , 0 , 0 , 0 , 0 , 0 , 0 , 0 , 0 , 0 , 0 , 0 , 0 , 
1e+200 , 0.142665 , 0.146982 , 0.13987 , 0.132749 , 0.143882 , 0.155411 , 0.144861 , 0.129452 , 0.124376 , 0.0971166 , 0 , 0 , 0 , 0 , 0 , 0 , 0 , 0 , 0 , 0 , 0 , 0 , 0 , 0 , 0 , 0 , 0 , 0 , 0 , 0 , 0 , 0 , 
1e+200 , 0.140422 , 0.143821 , 0.136934 , 0.130289 , 0.139068 , 0.148797 , 0.141877 , 0.132479 , 0.13649 , 0.130929 , 0.102233 , 0 , 0 , 0 , 0 , 0 , 0 , 0 , 0 , 0 , 0 , 0 , 0 , 0 , 0 , 0 , 0 , 0 , 0 , 0 , 0 , 0 , 
1e+200 , 0.139014 , 0.141636 , 0.134882 , 0.128473 , 0.134793 , 0.142162 , 0.13728 , 0.131379 , 0.138312 , 0.141107 , 0.12102 , 0.0944962 , 0 , 0 , 0 , 0 , 0 , 0 , 0 , 0 , 0 , 0 , 0 , 0 , 0 , 0 , 0 , 0 , 0 , 0 , 0 , 0 , 
1e+200 , 0.138214 , 0.140205 , 0.133619 , 0.127398 , 0.131338 , 0.136227 , 0.132532 , 0.128667 , 0.135864 , 0.141721 , 0.130464 , 0.111112 , 0.0867594 , 0 , 0 , 0 , 0 , 0 , 0 , 0 , 0 , 0 , 0 , 0 , 0 , 0 , 0 , 0 , 0 , 0 , 0 , 0 , 
1e+200 , 0.137935 , 0.139429 , 0.133042 , 0.126998 , 0.128734 , 0.13125 , 0.128328 , 0.125689 , 0.131846 , 0.138003 , 0.132233 , 0.122142 , 0.112154 , 0.0875734 , 0 , 0 , 0 , 0 , 0 , 0 , 0 , 0 , 0 , 0 , 0 , 0 , 0 , 0 , 0 , 0 , 0 , 0 , 
1e+200 , 0.138027 , 0.139137 , 0.133023 , 0.127208 , 0.126915 , 0.127229 , 0.124915 , 0.123093 , 0.12765 , 0.132768 , 0.129918 , 0.12506 , 0.123261 , 0.113197 , 0.0883874 , 0 , 0 , 0 , 0 , 0 , 0 , 0 , 0 , 0 , 0 , 0 , 0 , 0 , 0 , 0 , 0 , 0 , 
1e+200 , 0.138435 , 0.139252 , 0.133459 , 0.127918 , 0.125771 , 0.12408 , 0.122345 , 0.121166 , 0.123956 , 0.127469 , 0.126105 , 0.124088 , 0.124826 , 0.121667 , 0.112136 , 0.0875593 , 0 , 0 , 0 , 0 , 0 , 0 , 0 , 0 , 0 , 0 , 0 , 0 , 0 , 0 , 0 , 0 , 
1e+200 , 0.139056 , 0.139653 , 0.134242 , 0.129036 , 0.125174 , 0.121643 , 0.120527 , 0.119951 , 0.120998 , 0.122744 , 0.12212 , 0.121587 , 0.122539 , 0.121869 , 0.120528 , 0.111076 , 0.0867313 , 0 , 0 , 0 , 0 , 0 , 0 , 0 , 0 , 0 , 0 , 0 , 0 , 0 , 0 , 0 , 
1e+200 , 0.139878 , 0.140313 , 0.135319 , 0.130487 , 0.125032 , 0.119811 , 0.11938 , 0.119435 , 0.118845 , 0.118855 , 0.118618 , 0.118839 , 0.118846 , 0.118354 , 0.120767 , 0.119459 , 0.110211 , 0.0860564 , 0 , 0 , 0 , 0 , 0 , 0 , 0 , 0 , 0 , 0 , 0 , 0 , 0 , 0 , 
1e+200 , 0.140817 , 0.141131 , 0.136596 , 0.132187 , 0.125224 , 0.118424 , 0.118754 , 0.119498 , 0.117404 , 0.115791 , 0.115817 , 0.116446 , 0.114999 , 0.113561 , 0.117315 , 0.119728 , 0.118531 , 0.109347 , 0.0853815 , 0 , 0 , 0 , 0 , 0 , 0 , 0 , 0 , 0 , 0 , 0 , 0 , 0 , 
1e+200 , 0.141892 , 0.142118 , 0.138061 , 0.134101 , 0.125702 , 0.117416 , 0.118575 , 0.120077 , 0.116604 , 0.113502 , 0.113783 , 0.114686 , 0.111609 , 0.108735 , 0.112601 , 0.116341 , 0.117344 , 0.114693 , 0.102428 , 0.0799793 , 0 , 0 , 0 , 0 , 0 , 0 , 0 , 0 , 0 , 0 , 0 , 0 , 
1e+200 , 0.143029 , 0.143191 , 0.139637 , 0.136158 , 0.126372 , 0.116663 , 0.118714 , 0.121042 , 0.116302 , 0.111839 , 0.112429 , 0.113594 , 0.108887 , 0.104424 , 0.107841 , 0.111692 , 0.112613 , 0.112046 , 0.107262 , 0.0955099 , 0.074577 , 0 , 0 , 0 , 0 , 0 , 0 , 0 , 0 , 0 , 0 , 0 , 
1e+200 , 0.144257 , 0.144373 , 0.141332 , 0.138347 , 0.127216 , 0.116135 , 0.119128 , 0.122341 , 0.116424 , 0.11071 , 0.111681 , 0.113152 , 0.106881 , 0.100833 , 0.103597 , 0.107 , 0.106764 , 0.106058 , 0.104799 , 0.100212 , 0.106161 , 0.0828941 , 0 , 0 , 0 , 0 , 0 , 0 , 0 , 0 , 0 , 0 , 
1e+200 , 0.145518 , 0.145601 , 0.143087 , 0.140616 , 0.128164 , 0.115746 , 0.119724 , 0.123873 , 0.116852 , 0.109977 , 0.111409 , 0.113258 , 0.10552 , 0.09796 , 0.100054 , 0.10281 , 0.100987 , 0.0991219 , 0.0992098 , 0.0979329 , 0.111653 , 0.116813 , 0.0912112 , 0 , 0 , 0 , 0 , 0 , 0 , 0 , 0 , 0 , 
1e+200 , 0.146834 , 0.146893 , 0.144912 , 0.142963 , 0.129212 , 0.115483 , 0.120478 , 0.125605 , 0.117536 , 0.10957 , 0.111531 , 0.113832 , 0.10472 , 0.0957398 , 0.0972291 , 0.0993182 , 0.0957961 , 0.092377 , 0.0927337 , 0.0927318 , 0.108543 , 0.121412 , 0.101009 , 0.0788708 , 0 , 0 , 0 , 0 , 0 , 0 , 0 , 0 , 
1e+200 , 0.148167 , 0.148209 , 0.146769 , 0.145352 , 0.130316 , 0.115293 , 0.121332 , 0.12747 , 0.118396 , 0.109393 , 0.111948 , 0.114772 , 0.10437 , 0.0940601 , 0.0950421 , 0.0965309 , 0.0913477 , 0.0862865 , 0.0864345 , 0.0866994 , 0.102212 , 0.11747 , 0.104437 , 0.0852046 , 0.0665304 , 0 , 0 , 0 , 0 , 0 , 0 , 0 , 
1e+200 , 0.149529 , 0.149558 , 0.148662 , 0.147783 , 0.131472 , 0.115169 , 0.122271 , 0.129447 , 0.119398 , 0.109399 , 0.112597 , 0.116007 , 0.104382 , 0.09282 , 0.093394 , 0.0943781 , 0.0876271 , 0.0809699 , 0.0807462 , 0.0808298 , 0.095005 , 0.110057 , 0.105864 , 0.0982239 , 0.0934874 , 0.0729978 , 0 , 0 , 0 , 0 , 0 , 0 , 
1e+200 , 0.150898 , 0.150919 , 0.150572 , 0.150237 , 0.132658 , 0.115084 , 0.123263 , 0.131498 , 0.120498 , 0.109532 , 0.113417 , 0.117463 , 0.104672 , 0.0919204 , 0.0921776 , 0.0927567 , 0.0845431 , 0.0763848 , 0.0757813 , 0.07553 , 0.0880269 , 0.101745 , 0.104022 , 0.105032 , 0.10712 , 0.10177 , 0.0794653 , 0 , 0 , 0 , 0 , 0 , 
1e+200 , 0.152279 , 0.152294 , 0.152498 , 0.15271 , 0.133869 , 0.11503 , 0.124297 , 0.133607 , 0.121673 , 0.109763 , 0.114365 , 0.11909 , 0.105175 , 0.091283 , 0.0912997 , 0.0915638 , 0.0819833 , 0.0724245 , 0.0714997 , 0.0709045 , 0.0817167 , 0.0937252 , 0.10097 , 0.108442 , 0.105114 , 0.0983889 , 0.0979301 , 0.0764668 , 0 , 0 , 0 , 0 , 
1e+200 , 0.153664 , 0.153675 , 0.154432 , 0.155195 , 0.135095 , 0.114995 , 0.12536 , 0.135756 , 0.122901 , 0.110062 , 0.115407 , 0.120845 , 0.105837 , 0.0908422 , 0.0906806 , 0.090706 , 0.0798385 , 0.0689683 , 0.0678028 , 0.0669176 , 0.0761796 , 0.0864659 , 0.0977798 , 0.110221 , 0.0999602 , 0.0875516 , 0.0942642 , 0.09409 , 0.0734684 , 0 , 0 , 0 , 
1e+200 , 0.155053 , 0.155061 , 0.156373 , 0.15769 , 0.136332 , 0.114975 , 0.126444 , 0.137935 , 0.124168 , 0.110411 , 0.116518 , 0.122695 , 0.106618 , 0.0905482 , 0.0902569 , 0.0901052 , 0.0780133 , 0.0659034 , 0.0645772 , 0.0634766 , 0.0713645 , 0.0800677 , 0.0949585 , 0.111426 , 0.0938786 , 0.0743541 , 0.0799664 , 0.0832333 , 0.11376 , 0.0888271 , 0 , 0 , 
1e+200 , 0.156445 , 0.15645 , 0.158318 , 0.16019 , 0.137577 , 0.114965 , 0.127541 , 0.140135 , 0.125462 , 0.110796 , 0.11768 , 0.124616 , 0.107488 , 0.0903621 , 0.0899785 , 0.0896981 , 0.0764292 , 0.0631344 , 0.0617177 , 0.0604762 , 0.0671614 , 0.0744655 , 0.0927006 , 0.112655 , 0.0879369 , 0.0611176 , 0.0636385 , 0.065468 , 0.104361 , 0.13343 , 0.104186 , 0 , 
1e+200 , 0.156441 , 0.156445 , 0.158311 , 0.160179 , 0.137564 , 0.114949 , 0.127516 , 0.140095 , 0.125412 , 0.110733 , 0.117585 , 0.124474 , 0.107316 , 0.0901609 , 0.0896999 , 0.0893143 , 0.0759808 , 0.062631 , 0.0610564 , 0.0596172 , 0.0659178 , 0.0727056 , 0.0899778 , 0.108682 , 0.0843825 , 0.0584732 , 0.0610175 , 0.0635341 , 0.104464 , 0.143318 , 0.13343 , 0.104186 , 

shifts ,
0 , 0 , 0 , 0 , 0 , 0 , 0 , 0 , 0 , 0 , 0 , 0 , 0 , 0 , 0 , 0 , 0 , 0 , 0 , 0 , 0 , 0 , 0 , 0 , 0 , 0 , 0 , 0 , 0 , 0 , 0 , 0 , 0 , 
0 , 0 , 0 , 0 , 0 , 0 , 0 , 0 , 0 , 0 , 0 , 0 , 0 , 0 , 0 , 0 , 0 , 0 , 0 , 0 , 0 , 0 , 0 , 0 , 0 , 0 , 0 , 0 , 0 , 0 , 0 , 0 , 0 , 
0 , 0 , 0 , 0 , 0 , 0 , 0 , 0 , 0 , 0 , 0 , 0 , 0 , 0 , 0 , 0 , 0 , 0 , 0 , 0 , 0 , 0 , 0 , 0 , 0 , 0 , 0 , 0 , 0 , 0 , 0 , 0 , 0 , 
0 , 0 , 0 , 0 , 0 , 0 , 0 , 0 , 0 , 0 , 0 , 0 , 0 , 0 , 0 , 0 , 0 , 0 , 0 , 0 , 0 , 0 , 0 , 0 , 0 , 0 , 0 , 0 , 0 , 0 , 0 , 0 , 0 , 
0 , 0 , 0 , 0 , 0 , 0 , 0 , 0 , 0 , 0 , 0 , 0 , 0 , 0 , 0 , 0 , 0 , 0 , 0 , 0 , 0 , 0 , 0 , 0 , 0 , 0 , 0 , 0 , 0 , 0 , 0 , 0 , 0 , 
0 , 0 , 0 , 0 , 0 , 0 , 0 , 0 , 0 , 0 , 0 , 0 , 0 , 0 , 0 , 0 , 0 , 0 , 0 , 0 , 0 , 0 , 0 , 0 , 0 , 0 , 0 , 0 , 0 , 0 , 0 , 0 , 0 , 
0 , 0 , 0 , 0 , 0 , 0 , 0 , 0 , 0 , 0 , 0 , 0 , 0 , 0 , 0 , 0 , 0 , 0 , 0 , 0 , 0 , 0 , 0 , 0 , 0 , 0 , 0 , 0 , 0 , 0 , 0 , 0 , 0 , 
0 , 0 , 0 , 0 , 0 , 0 , 0 , 0 , 0 , 0 , 0 , 0 , 0 , 0 , 0 , 0 , 0 , 0 , 0 , 0 , 0 , 0 , 0 , 0 , 0 , 0 , 0 , 0 , 0 , 0 , 0 , 0 , 0 , 
0 , 0 , 0 , 0 , 0 , 0 , 0 , 0 , 0 , 0 , 0 , 0 , 0 , 0 , 0 , 0 , 0 , 0 , 0 , 0 , 0 , 0 , 0 , 0 , 0 , 0 , 0 , 0 , 0 , 0 , 0 , 0 , 0 , 
0 , 0 , 0 , 0 , 0 , 0 , 0 , 0 , 0 , 0 , 0 , 0 , 0 , 0 , 0 , 0 , 0 , 0 , 0 , 0 , 0 , 0 , 0 , 0 , 0 , 0 , 0 , 0 , 0 , 0 , 0 , 0 , 0 , 
0 , 0 , 0 , 0 , 0 , 0 , 0 , 0 , 0 , 0 , 0 , 0 , 0 , 0 , 0 , 0 , 0 , 0 , 0 , 0 , 0 , 0 , 0 , 0 , 0 , 0 , 0 , 0 , 0 , 0 , 0 , 0 , 0 , 
0 , 0 , 0 , 0 , 0 , 0 , 0 , 0 , 0 , 0 , 0 , 0 , 0 , 0 , 0 , 0 , 0 , 0 , 0 , 0 , 0 , 0 , 0 , 0 , 0 , 0 , 0 , 0 , 0 , 0 , 0 , 0 , 0 , 
0 , 0 , 0 , 0 , 0 , 0 , 0 , 0 , 0 , 0 , 0 , 0 , 0 , 0 , 0 , 0 , 0 , 0 , 0 , 0 , 0 , 0 , 0 , 0 , 0 , 0 , 0 , 0 , 0 , 0 , 0 , 0 , 0 , 
0 , 0 , 0 , 0 , 0 , 0 , 0 , 0 , 0 , 0 , 0 , 0 , 0 , 0 , 0 , 0 , 0 , 0 , 0 , 0 , 0 , 0 , 0 , 0 , 0 , 0 , 0 , 0 , 0 , 0 , 0 , 0 , 0 , 
0 , 0 , 0 , 0 , 0 , 0 , 0 , 0 , 0 , 0 , 0 , 0 , 0 , 0 , 0 , 0 , 0 , 0 , 0 , 0 , 0 , 0 , 0 , 0 , 0 , 0 , 0 , 0 , 0 , 0 , 0 , 0 , 0 , 
0 , 0 , 0 , 0 , 0 , 0 , 0 , 0 , 0 , 0 , 0 , 0 , 0 , 0 , 0 , 0 , 0 , 0 , 0 , 0 , 0 , 0 , 0 , 0 , 0 , 0 , 0 , 0 , 0 , 0 , 0 , 0 , 0 , 
0 , 0 , 0 , 0 , 0 , 0 , 0 , 0 , 0 , 0 , 0 , 0 , 0 , 0 , 0 , 0 , 0 , 0 , 0 , 0 , 0 , 0 , 0 , 0 , 0 , 0 , 0 , 0 , 0 , 0 , 0 , 0 , 0 , 
0 , 0 , 0 , 0 , 0 , 0 , 0 , 0 , 0 , 0 , 0 , 0 , 0 , 0 , 0 , 0 , 0 , 0 , 0 , 0 , 0 , 0 , 0 , 0 , 0 , 0 , 0 , 0 , 0 , 0 , 0 , 0 , 0 , 
0 , 0 , 0 , 0 , 0 , 0 , 0 , 0 , 0 , 0 , 0 , 0 , 0 , 0 , 0 , 0 , 0 , 0 , 0 , 0 , 0 , 0 , 0 , 0 , 0 , 0 , 0 , 0 , 0 , 0 , 0 , 0 , 0 , 
0 , 0 , 0 , 0 , 0 , 0 , 0 , 0 , 0 , 0 , 0 , 0 , 0 , 0 , 0 , 0 , 0 , 0 , 0 , 0 , 0 , 0 , 0 , 0 , 0 , 0 , 0 , 0 , 0 , 0 , 0 , 0 , 0 , 
0 , 0 , 0 , 0 , 0 , 0 , 0 , 0 , 0 , 0 , 0 , 0 , 0 , 0 , 0 , 0 , 0 , 0 , 0 , 0 , 0 , 0 , 0 , 0 , 0 , 0 , 0 , 0 , 0 , 0 , 0 , 0 , 0 , 
0 , 0 , 0 , 0 , 0 , 0 , 0 , 0 , 0 , 0 , 0 , 0 , 0 , 0 , 0 , 0 , 0 , 0 , 0 , 0 , 0 , 0 , 0 , 0 , 0 , 0 , 0 , 0 , 0 , 0 , 0 , 0 , 0 , 
0 , 0 , 0 , 0 , 0 , 0 , 0 , 0 , 0 , 0 , 0 , 0 , 0 , 0 , 0 , 0 , 0 , 0 , 0 , 0 , 0 , 0 , 0 , 0 , 0 , 0 , 0 , 0 , 0 , 0 , 0 , 0 , 0 , 
0 , 0 , 0 , 0 , 0 , 0 , 0 , 0 , 0 , 0 , 0 , 0 , 0 , 0 , 0 , 0 , 0 , 0 , 0 , 0 , 0 , 0 , 0 , 0 , 0 , 0 , 0 , 0 , 0 , 0 , 0 , 0 , 0 , 
0 , 0 , 0 , 0 , 0 , 0 , 0 , 0 , 0 , 0 , 0 , 0 , 0 , 0 , 0 , 0 , 0 , 0 , 0 , 0 , 0 , 0 , 0 , 0 , 0 , 0 , 0 , 0 , 0 , 0 , 0 , 0 , 0 , 
0 , 0 , 0 , 0 , 0 , 0 , 0 , 0 , 0 , 0 , 0 , 0 , 0 , 0 , 0 , 0 , 0 , 0 , 0 , 0 , 0 , 0 , 0 , 0 , 0 , 0 , 0 , 0 , 0 , 0 , 0 , 0 , 0 , 
0 , 0 , 0 , 0 , 0 , 0 , 0 , 0 , 0 , 0 , 0 , 0 , 0 , 0 , 0 , 0 , 0 , 0 , 0 , 0 , 0 , 0 , 0 , 0 , 0 , 0 , 0 , 0 , 0 , 0 , 0 , 0 , 0 , 
0 , 0 , 0 , 0 , 0 , 0 , 0 , 0 , 0 , 0 , 0 , 0 , 0 , 0 , 0 , 0 , 0 , 0 , 0 , 0 , 0 , 0 , 0 , 0 , 0 , 0 , 0 , 0 , 0 , 0 , 0 , 0 , 0 , 
0 , 0 , 0 , 0 , 0 , 0 , 0 , 0 , 0 , 0 , 0 , 0 , 0 , 0 , 0 , 0 , 0 , 0 , 0 , 0 , 0 , 0 , 0 , 0 , 0 , 0 , 0 , 0 , 0 , 0 , 0 , 0 , 0 , 
0 , 0 , 0 , 0 , 0 , 0 , 0 , 0 , 0 , 0 , 0 , 0 , 0 , 0 , 0 , 0 , 0 , 0 , 0 , 0 , 0 , 0 , 0 , 0 , 0 , 0 , 0 , 0 , 0 , 0 , 0 , 0 , 0 , 
0 , 0 , 0 , 0 , 0 , 0 , 0 , 0 , 0 , 0 , 0 , 0 , 0 , 0 , 0 , 0 , 0 , 0 , 0 , 0 , 0 , 0 , 0 , 0 , 0 , 0 , 0 , 0 , 0 , 0 , 0 , 0 , 0 , 
0 , 0 , 0 , 0 , 0 , 0 , 0 , 0 , 0 , 0 , 0 , 0 , 0 , 0 , 0 , 0 , 0 , 0 , 0 , 0 , 0 , 0 , 0 , 0 , 0 , 0 , 0 , 0 , 0 , 0 , 0 , 0 , 0 , 
0 , 0 , 0 , 0 , 0 , 0 , 0 , 0 , 0 , 0 , 0 , 0 , 0 , 0 , 0 , 0 , 0 , 0 , 0 , 0 , 0 , 0 , 0 , 0 , 0 , 0 , 0 , 0 , 0 , 0 , 0 , 0 , 0 , 

