g ,
1e+100 , 0 , 0 , 0 , 0 , 0 , 0 , 0 , 0 , 0 , 0 , 0 , 0 , 0 , 0 , 0 , 0 , 0 , 0 , 0 , 0 , 0 , 0 , 0 , 0 , 0 , 0 , 0 , 0 , 0 , 0 , 0 , 0 , 
1e+100 , 1.04404 , 0 , 0 , 0 , 0 , 0 , 0 , 0 , 0 , 0 , 0 , 0 , 0 , 0 , 0 , 0 , 0 , 0 , 0 , 0 , 0 , 0 , 0 , 0 , 0 , 0 , 0 , 0 , 0 , 0 , 0 , 0 , 
1e+100 , 1.04404 , 1.04404 , 0 , 0 , 0 , 0 , 0 , 0 , 0 , 0 , 0 , 0 , 0 , 0 , 0 , 0 , 0 , 0 , 0 , 0 , 0 , 0 , 0 , 0 , 0 , 0 , 0 , 0 , 0 , 0 , 0 , 0 , 
1e+100 , 1.04404 , 1.04404 , 1.04404 , 0 , 0 , 0 , 0 , 0 , 0 , 0 , 0 , 0 , 0 , 0 , 0 , 0 , 0 , 0 , 0 , 0 , 0 , 0 , 0 , 0 , 0 , 0 , 0 , 0 , 0 , 0 , 0 , 0 , 
1e+100 , 1.03061 , 1.03061 , 0.939417 , 0.939417 , 0 , 0 , 0 , 0 , 0 , 0 , 0 , 0 , 0 , 0 , 0 , 0 , 0 , 0 , 0 , 0 , 0 , 0 , 0 , 0 , 0 , 0 , 0 , 0 , 0 , 0 , 0 , 0 , 
1e+100 , 1.01718 , 1.01718 , 0.925987 , 0.834791 , 0.834791 , 0 , 0 , 0 , 0 , 0 , 0 , 0 , 0 , 0 , 0 , 0 , 0 , 0 , 0 , 0 , 0 , 0 , 0 , 0 , 0 , 0 , 0 , 0 , 0 , 0 , 0 , 0 , 
1e+100 , 1.01953 , 1.01953 , 0.936195 , 0.852855 , 0.883606 , 0.883606 , 0 , 0 , 0 , 0 , 0 , 0 , 0 , 0 , 0 , 0 , 0 , 0 , 0 , 0 , 0 , 0 , 0 , 0 , 0 , 0 , 0 , 0 , 0 , 0 , 0 , 0 , 
1e+100 , 1.02189 , 1.02189 , 0.946403 , 0.87092 , 0.90167 , 0.93242 , 0.93242 , 0 , 0 , 0 , 0 , 0 , 0 , 0 , 0 , 0 , 0 , 0 , 0 , 0 , 0 , 0 , 0 , 0 , 0 , 0 , 0 , 0 , 0 , 0 , 0 , 0 , 
1e+100 , 1.03516 , 1.03516 , 0.961682 , 0.888201 , 0.90904 , 0.92988 , 0.873474 , 0.873474 , 0 , 0 , 0 , 0 , 0 , 0 , 0 , 0 , 0 , 0 , 0 , 0 , 0 , 0 , 0 , 0 , 0 , 0 , 0 , 0 , 0 , 0 , 0 , 0 , 
1e+100 , 1.04844 , 1.04844 , 0.976961 , 0.905482 , 0.916411 , 0.92734 , 0.870934 , 0.814528 , 0.814528 , 0 , 0 , 0 , 0 , 0 , 0 , 0 , 0 , 0 , 0 , 0 , 0 , 0 , 0 , 0 , 0 , 0 , 0 , 0 , 0 , 0 , 0 , 0 , 
1e+100 , 1.06574 , 1.06574 , 0.994135 , 0.922532 , 0.924597 , 0.926662 , 0.875195 , 0.823728 , 0.810995 , 0.810995 , 0 , 0 , 0 , 0 , 0 , 0 , 0 , 0 , 0 , 0 , 0 , 0 , 0 , 0 , 0 , 0 , 0 , 0 , 0 , 0 , 0 , 0 , 
1e+100 , 1.08304 , 1.08304 , 1.01131 , 0.939581 , 0.932783 , 0.925985 , 0.879456 , 0.832928 , 0.820195 , 0.807462 , 0.807462 , 0 , 0 , 0 , 0 , 0 , 0 , 0 , 0 , 0 , 0 , 0 , 0 , 0 , 0 , 0 , 0 , 0 , 0 , 0 , 0 , 0 , 
1e+100 , 1.09804 , 1.09804 , 1.02661 , 0.955182 , 0.941363 , 0.927544 , 0.884806 , 0.842068 , 0.827677 , 0.813285 , 0.788712 , 0.788712 , 0 , 0 , 0 , 0 , 0 , 0 , 0 , 0 , 0 , 0 , 0 , 0 , 0 , 0 , 0 , 0 , 0 , 0 , 0 , 0 , 
1e+100 , 1.11305 , 1.11305 , 1.04192 , 0.970783 , 0.949943 , 0.929103 , 0.890156 , 0.851209 , 0.835158 , 0.819107 , 0.794534 , 0.769961 , 0.769961 , 0 , 0 , 0 , 0 , 0 , 0 , 0 , 0 , 0 , 0 , 0 , 0 , 0 , 0 , 0 , 0 , 0 , 0 , 0 , 
1e+100 , 1.12381 , 1.12381 , 1.05418 , 0.984557 , 0.958835 , 0.933114 , 0.896823 , 0.860532 , 0.842915 , 0.825298 , 0.800189 , 0.775081 , 0.757262 , 0.757262 , 0 , 0 , 0 , 0 , 0 , 0 , 0 , 0 , 0 , 0 , 0 , 0 , 0 , 0 , 0 , 0 , 0 , 0 , 
1e+100 , 1.13457 , 1.13457 , 1.06645 , 0.99833 , 0.967727 , 0.937124 , 0.903489 , 0.869855 , 0.850671 , 0.831488 , 0.805844 , 0.7802 , 0.762382 , 0.744564 , 0.744564 , 0 , 0 , 0 , 0 , 0 , 0 , 0 , 0 , 0 , 0 , 0 , 0 , 0 , 0 , 0 , 0 , 0 , 
1e+100 , 1.14244 , 1.14244 , 1.07681 , 1.01118 , 0.977601 , 0.944026 , 0.911991 , 0.879956 , 0.859302 , 0.838649 , 0.812156 , 0.785663 , 0.766039 , 0.746415 , 0.740922 , 0.740922 , 0 , 0 , 0 , 0 , 0 , 0 , 0 , 0 , 0 , 0 , 0 , 0 , 0 , 0 , 0 , 0 , 
1e+100 , 1.15031 , 1.15031 , 1.08717 , 1.02402 , 0.987475 , 0.950928 , 0.920492 , 0.890057 , 0.867933 , 0.84581 , 0.818467 , 0.791125 , 0.769696 , 0.748266 , 0.742773 , 0.73728 , 0.73728 , 0 , 0 , 0 , 0 , 0 , 0 , 0 , 0 , 0 , 0 , 0 , 0 , 0 , 0 , 0 , 
1e+100 , 1.15769 , 1.15769 , 1.09748 , 1.03727 , 0.999189 , 0.961109 , 0.931329 , 0.901549 , 0.877994 , 0.85444 , 0.82589 , 0.79734 , 0.773802 , 0.750265 , 0.741212 , 0.73216 , 0.716489 , 0.716489 , 0 , 0 , 0 , 0 , 0 , 0 , 0 , 0 , 0 , 0 , 0 , 0 , 0 , 0 , 
1e+100 , 1.16508 , 1.16508 , 1.1078 , 1.05052 , 1.0109 , 0.97129 , 0.942165 , 0.913041 , 0.888055 , 0.86307 , 0.833313 , 0.803555 , 0.777909 , 0.752264 , 0.739652 , 0.727039 , 0.711369 , 0.695698 , 0.695698 , 0 , 0 , 0 , 0 , 0 , 0 , 0 , 0 , 0 , 0 , 0 , 0 , 0 , 
1e+100 , 1.1735 , 1.1735 , 1.1192 , 1.0649 , 1.02472 , 0.984529 , 0.955289 , 0.926049 , 0.899607 , 0.873165 , 0.841895 , 0.810624 , 0.782577 , 0.754531 , 0.73829 , 0.722049 , 0.704723 , 0.687397 , 0.675571 , 0.675571 , 0 , 0 , 0 , 0 , 0 , 0 , 0 , 0 , 0 , 0 , 0 , 0 , 
1e+100 , 1.18192 , 1.18192 , 1.13061 , 1.07929 , 1.03853 , 0.997767 , 0.968412 , 0.939057 , 0.911159 , 0.883261 , 0.850477 , 0.817693 , 0.787245 , 0.756798 , 0.736928 , 0.717059 , 0.698078 , 0.679096 , 0.667271 , 0.655445 , 0.655445 , 0 , 0 , 0 , 0 , 0 , 0 , 0 , 0 , 0 , 0 , 0 , 
1e+100 , 1.19178 , 1.19178 , 1.14336 , 1.09494 , 1.05419 , 1.01345 , 0.983443 , 0.953438 , 0.924049 , 0.89466 , 0.860187 , 0.825713 , 0.792685 , 0.759657 , 0.736133 , 0.712608 , 0.691824 , 0.671039 , 0.658529 , 0.646019 , 0.65163 , 0.65163 , 0 , 0 , 0 , 0 , 0 , 0 , 0 , 0 , 0 , 0 , 
1e+100 , 1.20163 , 1.20163 , 1.15611 , 1.11058 , 1.06986 , 1.02913 , 0.998475 , 0.967818 , 0.936939 , 0.90606 , 0.869896 , 0.833733 , 0.798125 , 0.762516 , 0.735337 , 0.708158 , 0.68557 , 0.662982 , 0.649788 , 0.636593 , 0.642204 , 0.647815 , 0.647815 , 0 , 0 , 0 , 0 , 0 , 0 , 0 , 0 , 0 , 
1e+100 , 1.21228 , 1.21228 , 1.16964 , 1.127 , 1.08666 , 1.04632 , 1.01471 , 0.983093 , 0.950722 , 0.918352 , 0.880444 , 0.842536 , 0.804297 , 0.766059 , 0.735258 , 0.704457 , 0.679889 , 0.655322 , 0.641252 , 0.627182 , 0.630932 , 0.634682 , 0.638262 , 0.638262 , 0 , 0 , 0 , 0 , 0 , 0 , 0 , 0 , 
1e+100 , 1.22293 , 1.22293 , 1.18317 , 1.14341 , 1.10346 , 1.06351 , 1.03094 , 0.998367 , 0.964505 , 0.930643 , 0.890991 , 0.851339 , 0.81047 , 0.769601 , 0.735179 , 0.700757 , 0.674209 , 0.647662 , 0.632717 , 0.617772 , 0.61966 , 0.621549 , 0.625129 , 0.628708 , 0.628708 , 0 , 0 , 0 , 0 , 0 , 0 , 0 , 
1e+100 , 1.23367 , 1.23367 , 1.19687 , 1.16008 , 1.12074 , 1.08141 , 1.04775 , 1.01409 , 0.978765 , 0.94344 , 0.902068 , 0.860697 , 0.81723 , 0.773764 , 0.735785 , 0.697805 , 0.669133 , 0.64046 , 0.624448 , 0.608436 , 0.608447 , 0.608459 , 0.611666 , 0.614873 , 0.619892 , 0.619892 , 0 , 0 , 0 , 0 , 0 , 0 , 
1e+100 , 1.24442 , 1.24442 , 1.21058 , 1.17674 , 1.13802 , 1.0993 , 1.06456 , 1.02981 , 0.993025 , 0.956236 , 0.913145 , 0.870054 , 0.823991 , 0.777927 , 0.736391 , 0.694854 , 0.664056 , 0.633259 , 0.616179 , 0.5991 , 0.597234 , 0.595368 , 0.598203 , 0.601037 , 0.606057 , 0.611076 , 0.611076 , 0 , 0 , 0 , 0 , 0 , 
1e+100 , 1.2549 , 1.2549 , 1.22414 , 1.19337 , 1.1554 , 1.11743 , 1.08157 , 1.04572 , 1.0075 , 0.969292 , 0.924541 , 0.879789 , 0.831189 , 0.782589 , 0.737546 , 0.692503 , 0.659485 , 0.626467 , 0.608177 , 0.589886 , 0.586107 , 0.582328 , 0.584771 , 0.587213 , 0.591786 , 0.596359 , 0.605288 , 0.605288 , 0 , 0 , 0 , 0 , 
1e+100 , 1.26539 , 1.26539 , 1.23769 , 1.20999 , 1.17277 , 1.13555 , 1.09859 , 1.06162 , 1.02198 , 0.982349 , 0.935936 , 0.889523 , 0.838387 , 0.78725 , 0.738701 , 0.690152 , 0.654914 , 0.619676 , 0.600175 , 0.580673 , 0.574981 , 0.569289 , 0.571339 , 0.573389 , 0.577516 , 0.581643 , 0.590572 , 0.599501 , 0.599501 , 0 , 0 , 0 , 
1e+100 , 1.27572 , 1.27572 , 1.25116 , 1.2266 , 1.19018 , 1.15376 , 1.1157 , 1.07764 , 1.03661 , 0.995584 , 0.947554 , 0.899524 , 0.845891 , 0.792258 , 0.740217 , 0.688176 , 0.650668 , 0.61316 , 0.59238 , 0.571599 , 0.56396 , 0.55632 , 0.557963 , 0.559607 , 0.563281 , 0.566955 , 0.575331 , 0.583707 , 0.599284 , 0.599284 , 0 , 0 , 
1e+100 , 1.28606 , 1.28606 , 1.26463 , 1.24321 , 1.20759 , 1.17198 , 1.13281 , 1.09365 , 1.05124 , 1.00882 , 0.959172 , 0.909525 , 0.853396 , 0.797266 , 0.741733 , 0.6862 , 0.646422 , 0.606645 , 0.584585 , 0.562526 , 0.552938 , 0.543351 , 0.544588 , 0.545824 , 0.549046 , 0.552268 , 0.560091 , 0.567913 , 0.58349 , 0.599067 , 0.599067 , 0 , 
1e+100 , 1.28606 , 1.28606 , 1.26463 , 1.24321 , 1.20759 , 1.17198 , 1.13281 , 1.09365 , 1.05124 , 1.00882 , 0.959172 , 0.909525 , 0.853396 , 0.797266 , 0.741733 , 0.6862 , 0.646422 , 0.606645 , 0.584585 , 0.562526 , 0.552938 , 0.543351 , 0.544588 , 0.545824 , 0.549046 , 0.552268 , 0.560091 , 0.567913 , 0.58349 , 0.599067 , 0.599067 , 0.599067 , 

h ,
1e+100 , 0 , 0 , 0 , 0 , 0 , 0 , 0 , 0 , 0 , 0 , 0 , 0 , 0 , 0 , 0 , 0 , 0 , 0 , 0 , 0 , 0 , 0 , 0 , 0 , 0 , 0 , 0 , 0 , 0 , 0 , 0 , 0 , 
1e+100 , 0.120859 , 0 , 0 , 0 , 0 , 0 , 0 , 0 , 0 , 0 , 0 , 0 , 0 , 0 , 0 , 0 , 0 , 0 , 0 , 0 , 0 , 0 , 0 , 0 , 0 , 0 , 0 , 0 , 0 , 0 , 0 , 0 , 
1e+100 , 0.154783 , 0.120859 , 0 , 0 , 0 , 0 , 0 , 0 , 0 , 0 , 0 , 0 , 0 , 0 , 0 , 0 , 0 , 0 , 0 , 0 , 0 , 0 , 0 , 0 , 0 , 0 , 0 , 0 , 0 , 0 , 0 , 0 , 
1e+100 , 0.166254 , 0.154783 , 0.120859 , 0 , 0 , 0 , 0 , 0 , 0 , 0 , 0 , 0 , 0 , 0 , 0 , 0 , 0 , 0 , 0 , 0 , 0 , 0 , 0 , 0 , 0 , 0 , 0 , 0 , 0 , 0 , 0 , 0 , 
1e+100 , 0.166418 , 0.166254 , 0.154783 , 0.120859 , 0 , 0 , 0 , 0 , 0 , 0 , 0 , 0 , 0 , 0 , 0 , 0 , 0 , 0 , 0 , 0 , 0 , 0 , 0 , 0 , 0 , 0 , 0 , 0 , 0 , 0 , 0 , 0 , 
1e+100 , 0.161502 , 0.166418 , 0.166254 , 0.154783 , 0.120859 , 0 , 0 , 0 , 0 , 0 , 0 , 0 , 0 , 0 , 0 , 0 , 0 , 0 , 0 , 0 , 0 , 0 , 0 , 0 , 0 , 0 , 0 , 0 , 0 , 0 , 0 , 0 , 
1e+100 , 0.154851 , 0.161502 , 0.166418 , 0.166254 , 0.154783 , 0.120859 , 0 , 0 , 0 , 0 , 0 , 0 , 0 , 0 , 0 , 0 , 0 , 0 , 0 , 0 , 0 , 0 , 0 , 0 , 0 , 0 , 0 , 0 , 0 , 0 , 0 , 0 , 
1e+100 , 0.148151 , 0.154851 , 0.161502 , 0.166418 , 0.166254 , 0.154783 , 0.120859 , 0 , 0 , 0 , 0 , 0 , 0 , 0 , 0 , 0 , 0 , 0 , 0 , 0 , 0 , 0 , 0 , 0 , 0 , 0 , 0 , 0 , 0 , 0 , 0 , 0 , 
1e+100 , 0.142163 , 0.148151 , 0.154851 , 0.161502 , 0.166418 , 0.166254 , 0.154783 , 0.120859 , 0 , 0 , 0 , 0 , 0 , 0 , 0 , 0 , 0 , 0 , 0 , 0 , 0 , 0 , 0 , 0 , 0 , 0 , 0 , 0 , 0 , 0 , 0 , 0 , 
1e+100 , 0.137149 , 0.142163 , 0.148151 , 0.154851 , 0.161502 , 0.166418 , 0.166254 , 0.154783 , 0.120859 , 0 , 0 , 0 , 0 , 0 , 0 , 0 , 0 , 0 , 0 , 0 , 0 , 0 , 0 , 0 , 0 , 0 , 0 , 0 , 0 , 0 , 0 , 0 , 
1e+100 , 0.133121 , 0.137149 , 0.142163 , 0.148151 , 0.154851 , 0.161502 , 0.166418 , 0.166254 , 0.154783 , 0.120859 , 0 , 0 , 0 , 0 , 0 , 0 , 0 , 0 , 0 , 0 , 0 , 0 , 0 , 0 , 0 , 0 , 0 , 0 , 0 , 0 , 0 , 0 , 
1e+100 , 0.129975 , 0.133121 , 0.137149 , 0.142163 , 0.148151 , 0.154851 , 0.161502 , 0.166418 , 0.166254 , 0.154783 , 0.120859 , 0 , 0 , 0 , 0 , 0 , 0 , 0 , 0 , 0 , 0 , 0 , 0 , 0 , 0 , 0 , 0 , 0 , 0 , 0 , 0 , 0 , 
1e+100 , 0.127568 , 0.129975 , 0.133121 , 0.137149 , 0.142163 , 0.148151 , 0.154851 , 0.161502 , 0.166418 , 0.166254 , 0.154783 , 0.120859 , 0 , 0 , 0 , 0 , 0 , 0 , 0 , 0 , 0 , 0 , 0 , 0 , 0 , 0 , 0 , 0 , 0 , 0 , 0 , 0 , 
1e+100 , 0.125756 , 0.127568 , 0.129975 , 0.133121 , 0.137149 , 0.142163 , 0.148151 , 0.154851 , 0.161502 , 0.166418 , 0.166254 , 0.154783 , 0.120859 , 0 , 0 , 0 , 0 , 0 , 0 , 0 , 0 , 0 , 0 , 0 , 0 , 0 , 0 , 0 , 0 , 0 , 0 , 0 , 
1e+100 , 0.124409 , 0.125756 , 0.127568 , 0.129975 , 0.133121 , 0.137149 , 0.142163 , 0.148151 , 0.154851 , 0.161502 , 0.166418 , 0.166254 , 0.154783 , 0.120859 , 0 , 0 , 0 , 0 , 0 , 0 , 0 , 0 , 0 , 0 , 0 , 0 , 0 , 0 , 0 , 0 , 0 , 0 , 
1e+100 , 0.123417 , 0.124409 , 0.125756 , 0.127568 , 0.129975 , 0.133121 , 0.137149 , 0.142163 , 0.148151 , 0.154851 , 0.161502 , 0.166418 , 0.166254 , 0.154783 , 0.120859 , 0 , 0 , 0 , 0 , 0 , 0 , 0 , 0 , 0 , 0 , 0 , 0 , 0 , 0 , 0 , 0 , 0 , 
1e+100 , 0.122693 , 0.123417 , 0.124409 , 0.125756 , 0.127568 , 0.129975 , 0.133121 , 0.137149 , 0.142163 , 0.148151 , 0.154851 , 0.161502 , 0.166418 , 0.166254 , 0.154783 , 0.120859 , 0 , 0 , 0 , 0 , 0 , 0 , 0 , 0 , 0 , 0 , 0 , 0 , 0 , 0 , 0 , 0 , 
1e+100 , 0.122168 , 0.122693 , 0.123417 , 0.124409 , 0.125756 , 0.127568 , 0.129975 , 0.133121 , 0.137149 , 0.142163 , 0.148151 , 0.154851 , 0.161502 , 0.166418 , 0.166254 , 0.154783 , 0.120859 , 0 , 0 , 0 , 0 , 0 , 0 , 0 , 0 , 0 , 0 , 0 , 0 , 0 , 0 , 0 , 
1e+100 , 0.12179 , 0.122168 , 0.122693 , 0.123417 , 0.124409 , 0.125756 , 0.127568 , 0.129975 , 0.133121 , 0.137149 , 0.142163 , 0.148151 , 0.154851 , 0.161502 , 0.166418 , 0.166254 , 0.154783 , 0.120859 , 0 , 0 , 0 , 0 , 0 , 0 , 0 , 0 , 0 , 0 , 0 , 0 , 0 , 0 , 
1e+100 , 0.121518 , 0.12179 , 0.122168 , 0.122693 , 0.123417 , 0.124409 , 0.125756 , 0.127568 , 0.129975 , 0.133121 , 0.137149 , 0.142163 , 0.148151 , 0.154851 , 0.161502 , 0.166418 , 0.166254 , 0.154783 , 0.120859 , 0 , 0 , 0 , 0 , 0 , 0 , 0 , 0 , 0 , 0 , 0 , 0 , 0 , 
1e+100 , 0.121325 , 0.121518 , 0.12179 , 0.122168 , 0.122693 , 0.123417 , 0.124409 , 0.125756 , 0.127568 , 0.129975 , 0.133121 , 0.137149 , 0.142163 , 0.148151 , 0.154851 , 0.161502 , 0.166418 , 0.166254 , 0.154783 , 0.120859 , 0 , 0 , 0 , 0 , 0 , 0 , 0 , 0 , 0 , 0 , 0 , 0 , 
1e+100 , 0.121187 , 0.121325 , 0.121518 , 0.12179 , 0.122168 , 0.122693 , 0.123417 , 0.124409 , 0.125756 , 0.127568 , 0.129975 , 0.133121 , 0.137149 , 0.142163 , 0.148151 , 0.154851 , 0.161502 , 0.166418 , 0.166254 , 0.154783 , 0.120859 , 0 , 0 , 0 , 0 , 0 , 0 , 0 , 0 , 0 , 0 , 0 , 
1e+100 , 0.12109 , 0.121187 , 0.121325 , 0.121518 , 0.12179 , 0.122168 , 0.122693 , 0.123417 , 0.124409 , 0.125756 , 0.127568 , 0.129975 , 0.133121 , 0.137149 , 0.142163 , 0.148151 , 0.154851 , 0.161502 , 0.166418 , 0.166254 , 0.154783 , 0.120859 , 0 , 0 , 0 , 0 , 0 , 0 , 0 , 0 , 0 , 0 , 
1e+100 , 0.121021 , 0.12109 , 0.121187 , 0.121325 , 0.121518 , 0.12179 , 0.122168 , 0.122693 , 0.123417 , 0.124409 , 0.125756 , 0.127568 , 0.129975 , 0.133121 , 0.137149 , 0.142163 , 0.148151 , 0.154851 , 0.161502 , 0.166418 , 0.166254 , 0.154783 , 0.120859 , 0 , 0 , 0 , 0 , 0 , 0 , 0 , 0 , 0 , 
1e+100 , 0.120972 , 0.121021 , 0.12109 , 0.121187 , 0.121325 , 0.121518 , 0.12179 , 0.122168 , 0.122693 , 0.123417 , 0.124409 , 0.125756 , 0.127568 , 0.129975 , 0.133121 , 0.137149 , 0.142163 , 0.148151 , 0.154851 , 0.161502 , 0.166418 , 0.166254 , 0.154783 , 0.120859 , 0 , 0 , 0 , 0 , 0 , 0 , 0 , 0 , 
1e+100 , 0.120938 , 0.120972 , 0.121021 , 0.12109 , 0.121187 , 0.121325 , 0.121518 , 0.12179 , 0.122168 , 0.122693 , 0.123417 , 0.124409 , 0.125756 , 0.127568 , 0.129975 , 0.133121 , 0.137149 , 0.142163 , 0.148151 , 0.154851 , 0.161502 , 0.166418 , 0.166254 , 0.154783 , 0.120859 , 0 , 0 , 0 , 0 , 0 , 0 , 0 , 
1e+100 , 0.120914 , 0.120938 , 0.120972 , 0.121021 , 0.12109 , 0.121187 , 0.121325 , 0.121518 , 0.12179 , 0.122168 , 0.122693 , 0.123417 , 0.124409 , 0.125756 , 0.127568 , 0.129975 , 0.133121 , 0.137149 , 0.142163 , 0.148151 , 0.154851 , 0.161502 , 0.166418 , 0.166254 , 0.154783 , 0.120859 , 0 , 0 , 0 , 0 , 0 , 0 , 
1e+100 , 0.120898 , 0.120914 , 0.120938 , 0.120972 , 0.121021 , 0.12109 , 0.121187 , 0.121325 , 0.121518 , 0.12179 , 0.122168 , 0.122693 , 0.123417 , 0.124409 , 0.125756 , 0.127568 , 0.129975 , 0.133121 , 0.137149 , 0.142163 , 0.148151 , 0.154851 , 0.161502 , 0.166418 , 0.166254 , 0.154783 , 0.120859 , 0 , 0 , 0 , 0 , 0 , 
1e+100 , 0.120886 , 0.120898 , 0.120914 , 0.120938 , 0.120972 , 0.121021 , 0.12109 , 0.121187 , 0.121325 , 0.121518 , 0.12179 , 0.122168 , 0.122693 , 0.123417 , 0.124409 , 0.125756 , 0.127568 , 0.129975 , 0.133121 , 0.137149 , 0.142163 , 0.148151 , 0.154851 , 0.161502 , 0.166418 , 0.166254 , 0.154783 , 0.120859 , 0 , 0 , 0 , 0 , 
1e+100 , 0.120878 , 0.120886 , 0.120898 , 0.120914 , 0.120938 , 0.120972 , 0.121021 , 0.12109 , 0.121187 , 0.121325 , 0.121518 , 0.12179 , 0.122168 , 0.122693 , 0.123417 , 0.124409 , 0.125756 , 0.127568 , 0.129975 , 0.133121 , 0.137149 , 0.142163 , 0.148151 , 0.154851 , 0.161502 , 0.166418 , 0.166254 , 0.154783 , 0.120859 , 0 , 0 , 0 , 
1e+100 , 0.120872 , 0.120878 , 0.120886 , 0.120898 , 0.120914 , 0.120938 , 0.120972 , 0.121021 , 0.12109 , 0.121187 , 0.121325 , 0.121518 , 0.12179 , 0.122168 , 0.122693 , 0.123417 , 0.124409 , 0.125756 , 0.127568 , 0.129975 , 0.133121 , 0.137149 , 0.142163 , 0.148151 , 0.154851 , 0.161502 , 0.166418 , 0.166254 , 0.154783 , 0.120859 , 0 , 0 , 
1e+100 , 0.120868 , 0.120872 , 0.120878 , 0.120886 , 0.120898 , 0.120914 , 0.120938 , 0.120972 , 0.121021 , 0.12109 , 0.121187 , 0.121325 , 0.121518 , 0.12179 , 0.122168 , 0.122693 , 0.123417 , 0.124409 , 0.125756 , 0.127568 , 0.129975 , 0.133121 , 0.137149 , 0.142163 , 0.148151 , 0.154851 , 0.161502 , 0.166418 , 0.166254 , 0.154783 , 0.120859 , 0 , 
1e+100 , 0.120866 , 0.120868 , 0.120872 , 0.120878 , 0.120886 , 0.120898 , 0.120914 , 0.120938 , 0.120972 , 0.121021 , 0.12109 , 0.121187 , 0.121325 , 0.121518 , 0.12179 , 0.122168 , 0.122693 , 0.123417 , 0.124409 , 0.125756 , 0.127568 , 0.129975 , 0.133121 , 0.137149 , 0.142163 , 0.148151 , 0.154851 , 0.161502 , 0.166418 , 0.166254 , 0.154783 , 0.120859 , 

h*g ,
1e+200 , 0 , 0 , 0 , 0 , 0 , 0 , 0 , 0 , 0 , 0 , 0 , 0 , 0 , 0 , 0 , 0 , 0 , 0 , 0 , 0 , 0 , 0 , 0 , 0 , 0 , 0 , 0 , 0 , 0 , 0 , 0 , 0 , 
1e+200 , 0.126182 , 0 , 0 , 0 , 0 , 0 , 0 , 0 , 0 , 0 , 0 , 0 , 0 , 0 , 0 , 0 , 0 , 0 , 0 , 0 , 0 , 0 , 0 , 0 , 0 , 0 , 0 , 0 , 0 , 0 , 0 , 0 , 
1e+200 , 0.1616 , 0.126182 , 0 , 0 , 0 , 0 , 0 , 0 , 0 , 0 , 0 , 0 , 0 , 0 , 0 , 0 , 0 , 0 , 0 , 0 , 0 , 0 , 0 , 0 , 0 , 0 , 0 , 0 , 0 , 0 , 0 , 0 , 
1e+200 , 0.173577 , 0.1616 , 0.126182 , 0 , 0 , 0 , 0 , 0 , 0 , 0 , 0 , 0 , 0 , 0 , 0 , 0 , 0 , 0 , 0 , 0 , 0 , 0 , 0 , 0 , 0 , 0 , 0 , 0 , 0 , 0 , 0 , 0 , 
1e+200 , 0.171513 , 0.171344 , 0.145406 , 0.113537 , 0 , 0 , 0 , 0 , 0 , 0 , 0 , 0 , 0 , 0 , 0 , 0 , 0 , 0 , 0 , 0 , 0 , 0 , 0 , 0 , 0 , 0 , 0 , 0 , 0 , 0 , 0 , 0 , 
1e+200 , 0.164277 , 0.169278 , 0.153949 , 0.129212 , 0.100892 , 0 , 0 , 0 , 0 , 0 , 0 , 0 , 0 , 0 , 0 , 0 , 0 , 0 , 0 , 0 , 0 , 0 , 0 , 0 , 0 , 0 , 0 , 0 , 0 , 0 , 0 , 0 , 
1e+200 , 0.157876 , 0.164657 , 0.1558 , 0.141791 , 0.136767 , 0.106792 , 0 , 0 , 0 , 0 , 0 , 0 , 0 , 0 , 0 , 0 , 0 , 0 , 0 , 0 , 0 , 0 , 0 , 0 , 0 , 0 , 0 , 0 , 0 , 0 , 0 , 0 , 
1e+200 , 0.151393 , 0.15824 , 0.152846 , 0.144937 , 0.149907 , 0.144323 , 0.112692 , 0 , 0 , 0 , 0 , 0 , 0 , 0 , 0 , 0 , 0 , 0 , 0 , 0 , 0 , 0 , 0 , 0 , 0 , 0 , 0 , 0 , 0 , 0 , 0 , 0 , 
1e+200 , 0.147162 , 0.15336 , 0.148917 , 0.143447 , 0.151281 , 0.154597 , 0.135199 , 0.105568 , 0 , 0 , 0 , 0 , 0 , 0 , 0 , 0 , 0 , 0 , 0 , 0 , 0 , 0 , 0 , 0 , 0 , 0 , 0 , 0 , 0 , 0 , 0 , 0 , 
1e+200 , 0.143793 , 0.149049 , 0.144738 , 0.140215 , 0.148003 , 0.154326 , 0.144797 , 0.126075 , 0.0984434 , 0 , 0 , 0 , 0 , 0 , 0 , 0 , 0 , 0 , 0 , 0 , 0 , 0 , 0 , 0 , 0 , 0 , 0 , 0 , 0 , 0 , 0 , 0 , 
1e+200 , 0.141872 , 0.146165 , 0.141329 , 0.136674 , 0.143175 , 0.149658 , 0.145648 , 0.136948 , 0.125528 , 0.0980164 , 0 , 0 , 0 , 0 , 0 , 0 , 0 , 0 , 0 , 0 , 0 , 0 , 0 , 0 , 0 , 0 , 0 , 0 , 0 , 0 , 0 , 0 , 
1e+200 , 0.140767 , 0.144175 , 0.1387 , 0.133573 , 0.138193 , 0.14339 , 0.142034 , 0.138614 , 0.136361 , 0.124982 , 0.0975894 , 0 , 0 , 0 , 0 , 0 , 0 , 0 , 0 , 0 , 0 , 0 , 0 , 0 , 0 , 0 , 0 , 0 , 0 , 0 , 0 , 0 , 
1e+200 , 0.140075 , 0.142718 , 0.136663 , 0.131002 , 0.133827 , 0.137416 , 0.137013 , 0.135996 , 0.13774 , 0.135212 , 0.122079 , 0.0953232 , 0 , 0 , 0 , 0 , 0 , 0 , 0 , 0 , 0 , 0 , 0 , 0 , 0 , 0 , 0 , 0 , 0 , 0 , 0 , 0 , 
1e+200 , 0.139972 , 0.141989 , 0.135423 , 0.129231 , 0.130284 , 0.132084 , 0.131877 , 0.13181 , 0.13488 , 0.136314 , 0.132095 , 0.119177 , 0.0930571 , 0 , 0 , 0 , 0 , 0 , 0 , 0 , 0 , 0 , 0 , 0 , 0 , 0 , 0 , 0 , 0 , 0 , 0 , 0 , 
1e+200 , 0.139812 , 0.141326 , 0.13448 , 0.127967 , 0.127641 , 0.127976 , 0.127495 , 0.127488 , 0.130526 , 0.133288 , 0.133166 , 0.128861 , 0.117211 , 0.0915223 , 0 , 0 , 0 , 0 , 0 , 0 , 0 , 0 , 0 , 0 , 0 , 0 , 0 , 0 , 0 , 0 , 0 , 0 , 
1e+200 , 0.140025 , 0.141151 , 0.134113 , 0.127355 , 0.12578 , 0.124751 , 0.123913 , 0.123661 , 0.126028 , 0.128757 , 0.130146 , 0.12984 , 0.126749 , 0.115246 , 0.0899875 , 0 , 0 , 0 , 0 , 0 , 0 , 0 , 0 , 0 , 0 , 0 , 0 , 0 , 0 , 0 , 0 , 0 , 
1e+200 , 0.140169 , 0.140997 , 0.133964 , 0.127162 , 0.124711 , 0.122699 , 0.121405 , 0.120685 , 0.122161 , 0.124246 , 0.125763 , 0.126886 , 0.127483 , 0.124095 , 0.114682 , 0.0895474 , 0 , 0 , 0 , 0 , 0 , 0 , 0 , 0 , 0 , 0 , 0 , 0 , 0 , 0 , 0 , 0 , 
1e+200 , 0.140531 , 0.141135 , 0.134175 , 0.127397 , 0.124181 , 0.121308 , 0.119641 , 0.118485 , 0.119036 , 0.120243 , 0.121257 , 0.122506 , 0.124308 , 0.124525 , 0.123489 , 0.114118 , 0.0891072 , 0 , 0 , 0 , 0 , 0 , 0 , 0 , 0 , 0 , 0 , 0 , 0 , 0 , 0 , 0 , 
1e+200 , 0.140995 , 0.141433 , 0.134653 , 0.128017 , 0.124308 , 0.120865 , 0.118808 , 0.117179 , 0.116879 , 0.117186 , 0.117411 , 0.118127 , 0.119824 , 0.12117 , 0.123351 , 0.121725 , 0.1109 , 0.0865944 , 0 , 0 , 0 , 0 , 0 , 0 , 0 , 0 , 0 , 0 , 0 , 0 , 0 , 0 , 
1e+200 , 0.141578 , 0.141894 , 0.135337 , 0.128891 , 0.124762 , 0.120837 , 0.118483 , 0.116475 , 0.115425 , 0.114893 , 0.114288 , 0.114236 , 0.115248 , 0.116489 , 0.119456 , 0.120993 , 0.118268 , 0.107682 , 0.0840816 , 0 , 0 , 0 , 0 , 0 , 0 , 0 , 0 , 0 , 0 , 0 , 0 , 0 , 
1e+200 , 0.142375 , 0.142602 , 0.136307 , 0.130097 , 0.125725 , 0.121507 , 0.118846 , 0.116456 , 0.114761 , 0.113489 , 0.112074 , 0.111176 , 0.111253 , 0.111784 , 0.114325 , 0.116613 , 0.117279 , 0.114283 , 0.104567 , 0.0816492 , 0 , 0 , 0 , 0 , 0 , 0 , 0 , 0 , 0 , 0 , 0 , 0 , 
1e+200 , 0.143234 , 0.143397 , 0.137389 , 0.131446 , 0.126875 , 0.122419 , 0.119518 , 0.116827 , 0.114584 , 0.112676 , 0.11054 , 0.108852 , 0.10797 , 0.107588 , 0.109176 , 0.111037 , 0.112741 , 0.113014 , 0.110937 , 0.101452 , 0.0792167 , 0 , 0 , 0 , 0 , 0 , 0 , 0 , 0 , 0 , 0 , 0 , 
1e+200 , 0.144312 , 0.144428 , 0.138718 , 0.133055 , 0.12839 , 0.123811 , 0.120661 , 0.11767 , 0.11496 , 0.112509 , 0.109732 , 0.107322 , 0.105523 , 0.104186 , 0.104651 , 0.105573 , 0.10713 , 0.108374 , 0.109591 , 0.107404 , 0.100861 , 0.0787557 , 0 , 0 , 0 , 0 , 0 , 0 , 0 , 0 , 0 , 0 , 
1e+200 , 0.145423 , 0.145505 , 0.140105 , 0.134741 , 0.130007 , 0.125337 , 0.121981 , 0.118744 , 0.115634 , 0.112722 , 0.109395 , 0.106358 , 0.103736 , 0.101507 , 0.100851 , 0.100674 , 0.101568 , 0.102663 , 0.104942 , 0.105941 , 0.106769 , 0.100271 , 0.0782946 , 0 , 0 , 0 , 0 , 0 , 0 , 0 , 0 , 0 , 
1e+200 , 0.146652 , 0.146711 , 0.141631 , 0.136578 , 0.131839 , 0.127147 , 0.123581 , 0.120102 , 0.116647 , 0.11334 , 0.109535 , 0.105954 , 0.102603 , 0.0995682 , 0.0978781 , 0.0966157 , 0.0966549 , 0.0970864 , 0.0992984 , 0.101291 , 0.104999 , 0.105519 , 0.0987921 , 0.0771399 , 0 , 0 , 0 , 0 , 0 , 0 , 0 , 0 , 
1e+200 , 0.147899 , 0.14794 , 0.143188 , 0.138456 , 0.133725 , 0.12903 , 0.125278 , 0.121591 , 0.117831 , 0.114183 , 0.109963 , 0.105914 , 0.101922 , 0.0981765 , 0.0955546 , 0.0932853 , 0.0924672 , 0.0920733 , 0.0937374 , 0.0956625 , 0.100077 , 0.103437 , 0.10393 , 0.0973134 , 0.0759853 , 0 , 0 , 0 , 0 , 0 , 0 , 0 , 
1e+200 , 0.149169 , 0.149198 , 0.144789 , 0.140394 , 0.13571 , 0.131053 , 0.127118 , 0.123231 , 0.119203 , 0.115258 , 0.110677 , 0.106224 , 0.101671 , 0.0973055 , 0.0938627 , 0.090697 , 0.0890755 , 0.0878385 , 0.0887732 , 0.0901402 , 0.0942186 , 0.0982676 , 0.101792 , 0.102225 , 0.0959488 , 0.0749198 , 0 , 0 , 0 , 0 , 0 , 0 , 
1e+200 , 0.150447 , 0.150468 , 0.146405 , 0.142353 , 0.137724 , 0.133114 , 0.129011 , 0.124942 , 0.120671 , 0.116459 , 0.111557 , 0.106749 , 0.101694 , 0.0967809 , 0.0926056 , 0.0886412 , 0.0863105 , 0.0842999 , 0.0845084 , 0.0851696 , 0.0884807 , 0.0921933 , 0.0966112 , 0.100024 , 0.10076 , 0.0945842 , 0.0738542 , 0 , 0 , 0 , 0 , 0 , 
1e+200 , 0.1517 , 0.151715 , 0.148016 , 0.144324 , 0.139771 , 0.135232 , 0.130967 , 0.126727 , 0.122235 , 0.117787 , 0.112599 , 0.107482 , 0.101981 , 0.0965846 , 0.0917571 , 0.0870865 , 0.0841293 , 0.0814249 , 0.080961 , 0.0809024 , 0.0833226 , 0.0862724 , 0.0905523 , 0.0948364 , 0.098484 , 0.0991473 , 0.0936884 , 0.0731548 , 0 , 0 , 0 , 0 , 
1e+200 , 0.152958 , 0.152968 , 0.149634 , 0.146306 , 0.141833 , 0.13737 , 0.132952 , 0.128551 , 0.123851 , 0.119183 , 0.113733 , 0.108335 , 0.102424 , 0.0965899 , 0.0911681 , 0.0858609 , 0.0823594 , 0.0790509 , 0.0780075 , 0.0772997 , 0.0788581 , 0.0809316 , 0.0846443 , 0.0887899 , 0.0932702 , 0.096796 , 0.0981851 , 0.0927926 , 0.0724553 , 0 , 0 , 0 , 
1e+200 , 0.1542 , 0.154207 , 0.151248 , 0.148293 , 0.14391 , 0.139534 , 0.134969 , 0.130416 , 0.125523 , 0.120652 , 0.114962 , 0.109309 , 0.103021 , 0.0967884 , 0.0908192 , 0.0849325 , 0.0809488 , 0.0771086 , 0.0755688 , 0.0742935 , 0.0750747 , 0.0762988 , 0.0793216 , 0.0829062 , 0.0872246 , 0.0915647 , 0.0957456 , 0.0970438 , 0.092759 , 0.0724291 , 0 , 0 , 
1e+200 , 0.155444 , 0.155449 , 0.152866 , 0.150287 , 0.145995 , 0.141709 , 0.137001 , 0.132302 , 0.127221 , 0.122157 , 0.116239 , 0.110348 , 0.103703 , 0.0970987 , 0.0906159 , 0.0841917 , 0.0797794 , 0.0754719 , 0.0735152 , 0.0717604 , 0.071868 , 0.0723313 , 0.0746897 , 0.0775958 , 0.0813416 , 0.0855192 , 0.090456 , 0.0945111 , 0.0970078 , 0.0927255 , 0.0724029 , 0 , 
1e+200 , 0.15544 , 0.155444 , 0.152859 , 0.150277 , 0.145981 , 0.141689 , 0.136974 , 0.132264 , 0.12717 , 0.122088 , 0.116146 , 0.110223 , 0.103538 , 0.0968825 , 0.0903353 , 0.0838315 , 0.0793113 , 0.0748702 , 0.0727275 , 0.070741 , 0.0705373 , 0.0706219 , 0.0724959 , 0.0748593 , 0.0780539 , 0.081819 , 0.0867305 , 0.0917193 , 0.0971034 , 0.0995975 , 0.0927255 , 0.0724029 , 

shifts ,
0 , 0 , 0 , 0 , 0 , 0 , 0 , 0 , 0 , 0 , 0 , 0 , 0 , 0 , 0 , 0 , 0 , 0 , 0 , 0 , 0 , 0 , 0 , 0 , 0 , 0 , 0 , 0 , 0 , 0 , 0 , 0 , 0 , 
0 , 0 , 0 , 0 , 0 , 0 , 0 , 0 , 0 , 0 , 0 , 0 , 0 , 0 , 0 , 0 , 0 , 0 , 0 , 0 , 0 , 0 , 0 , 0 , 0 , 0 , 0 , 0 , 0 , 0 , 0 , 0 , 0 , 
0 , 0 , 0 , 0 , 0 , 0 , 0 , 0 , 0 , 0 , 0 , 0 , 0 , 0 , 0 , 0 , 0 , 0 , 0 , 0 , 0 , 0 , 0 , 0 , 0 , 0 , 0 , 0 , 0 , 0 , 0 , 0 , 0 , 
0 , 0 , 0 , 0 , 0 , 0 , 0 , 0 , 0 , 0 , 0 , 0 , 0 , 0 , 0 , 0 , 0 , 0 , 0 , 0 , 0 , 0 , 0 , 0 , 0 , 0 , 0 , 0 , 0 , 0 , 0 , 0 , 0 , 
0 , 0 , 0 , 0 , 0 , 0 , 0 , 0 , 0 , 0 , 0 , 0 , 0 , 0 , 0 , 0 , 0 , 0 , 0 , 0 , 0 , 0 , 0 , 0 , 0 , 0 , 0 , 0 , 0 , 0 , 0 , 0 , 0 , 
0 , 0 , 0 , 0 , 0 , 0 , 0 , 0 , 0 , 0 , 0 , 0 , 0 , 0 , 0 , 0 , 0 , 0 , 0 , 0 , 0 , 0 , 0 , 0 , 0 , 0 , 0 , 0 , 0 , 0 , 0 , 0 , 0 , 
0 , 0 , 0 , 0 , 0 , 0 , 0 , 0 , 0 , 0 , 0 , 0 , 0 , 0 , 0 , 0 , 0 , 0 , 0 , 0 , 0 , 0 , 0 , 0 , 0 , 0 , 0 , 0 , 0 , 0 , 0 , 0 , 0 , 
0 , 0 , 0 , 0 , 0 , 0 , 0 , 0 , 0 , 0 , 0 , 0 , 0 , 0 , 0 , 0 , 0 , 0 , 0 , 0 , 0 , 0 , 0 , 0 , 0 , 0 , 0 , 0 , 0 , 0 , 0 , 0 , 0 , 
0 , 0 , 0 , 0 , 0 , 0 , 0 , 0 , 0 , 0 , 0 , 0 , 0 , 0 , 0 , 0 , 0 , 0 , 0 , 0 , 0 , 0 , 0 , 0 , 0 , 0 , 0 , 0 , 0 , 0 , 0 , 0 , 0 , 
0 , 0 , 0 , 0 , 0 , 0 , 0 , 0 , 0 , 0 , 0 , 0 , 0 , 0 , 0 , 0 , 0 , 0 , 0 , 0 , 0 , 0 , 0 , 0 , 0 , 0 , 0 , 0 , 0 , 0 , 0 , 0 , 0 , 
0 , 0 , 0 , 0 , 0 , 0 , 0 , 0 , 0 , 0 , 0 , 0 , 0 , 0 , 0 , 0 , 0 , 0 , 0 , 0 , 0 , 0 , 0 , 0 , 0 , 0 , 0 , 0 , 0 , 0 , 0 , 0 , 0 , 
0 , 0 , 0 , 0 , 0 , 0 , 0 , 0 , 0 , 0 , 0 , 0 , 0 , 0 , 0 , 0 , 0 , 0 , 0 , 0 , 0 , 0 , 0 , 0 , 0 , 0 , 0 , 0 , 0 , 0 , 0 , 0 , 0 , 
0 , 0 , 0 , 0 , 0 , 0 , 0 , 0 , 0 , 0 , 0 , 0 , 0 , 0 , 0 , 0 , 0 , 0 , 0 , 0 , 0 , 0 , 0 , 0 , 0 , 0 , 0 , 0 , 0 , 0 , 0 , 0 , 0 , 
0 , 0 , 0 , 0 , 0 , 0 , 0 , 0 , 0 , 0 , 0 , 0 , 0 , 0 , 0 , 0 , 0 , 0 , 0 , 0 , 0 , 0 , 0 , 0 , 0 , 0 , 0 , 0 , 0 , 0 , 0 , 0 , 0 , 
0 , 0 , 0 , 0 , 0 , 0 , 0 , 0 , 0 , 0 , 0 , 0 , 0 , 0 , 0 , 0 , 0 , 0 , 0 , 0 , 0 , 0 , 0 , 0 , 0 , 0 , 0 , 0 , 0 , 0 , 0 , 0 , 0 , 
0 , 0 , 0 , 0 , 0 , 0 , 0 , 0 , 0 , 0 , 0 , 0 , 0 , 0 , 0 , 0 , 0 , 0 , 0 , 0 , 0 , 0 , 0 , 0 , 0 , 0 , 0 , 0 , 0 , 0 , 0 , 0 , 0 , 
0 , 0 , 0 , 0 , 0 , 0 , 0 , 0 , 0 , 0 , 0 , 0 , 0 , 0 , 0 , 0 , 0 , 0 , 0 , 0 , 0 , 0 , 0 , 0 , 0 , 0 , 0 , 0 , 0 , 0 , 0 , 0 , 0 , 
0 , 0 , 0 , 0 , 0 , 0 , 0 , 0 , 0 , 0 , 0 , 0 , 0 , 0 , 0 , 0 , 0 , 0 , 0 , 0 , 0 , 0 , 0 , 0 , 0 , 0 , 0 , 0 , 0 , 0 , 0 , 0 , 0 , 
0 , 0 , 0 , 0 , 0 , 0 , 0 , 0 , 0 , 0 , 0 , 0 , 0 , 0 , 0 , 0 , 0 , 0 , 0 , 0 , 0 , 0 , 0 , 0 , 0 , 0 , 0 , 0 , 0 , 0 , 0 , 0 , 0 , 
0 , 0 , 0 , 0 , 0 , 0 , 0 , 0 , 0 , 0 , 0 , 0 , 0 , 0 , 0 , 0 , 0 , 0 , 0 , 0 , 0 , 0 , 0 , 0 , 0 , 0 , 0 , 0 , 0 , 0 , 0 , 0 , 0 , 
0 , 0 , 0 , 0 , 0 , 0 , 0 , 0 , 0 , 0 , 0 , 0 , 0 , 0 , 0 , 0 , 0 , 0 , 0 , 0 , 0 , 0 , 0 , 0 , 0 , 0 , 0 , 0 , 0 , 0 , 0 , 0 , 0 , 
0 , 0 , 0 , 0 , 0 , 0 , 0 , 0 , 0 , 0 , 0 , 0 , 0 , 0 , 0 , 0 , 0 , 0 , 0 , 0 , 0 , 0 , 0 , 0 , 0 , 0 , 0 , 0 , 0 , 0 , 0 , 0 , 0 , 
0 , 0 , 0 , 0 , 0 , 0 , 0 , 0 , 0 , 0 , 0 , 0 , 0 , 0 , 0 , 0 , 0 , 0 , 0 , 0 , 0 , 0 , 0 , 0 , 0 , 0 , 0 , 0 , 0 , 0 , 0 , 0 , 0 , 
0 , 0 , 0 , 0 , 0 , 0 , 0 , 0 , 0 , 0 , 0 , 0 , 0 , 0 , 0 , 0 , 0 , 0 , 0 , 0 , 0 , 0 , 0 , 0 , 0 , 0 , 0 , 0 , 0 , 0 , 0 , 0 , 0 , 
0 , 0 , 0 , 0 , 0 , 0 , 0 , 0 , 0 , 0 , 0 , 0 , 0 , 0 , 0 , 0 , 0 , 0 , 0 , 0 , 0 , 0 , 0 , 0 , 0 , 0 , 0 , 0 , 0 , 0 , 0 , 0 , 0 , 
0 , 0 , 0 , 0 , 0 , 0 , 0 , 0 , 0 , 0 , 0 , 0 , 0 , 0 , 0 , 0 , 0 , 0 , 0 , 0 , 0 , 0 , 0 , 0 , 0 , 0 , 0 , 0 , 0 , 0 , 0 , 0 , 0 , 
0 , 0 , 0 , 0 , 0 , 0 , 0 , 0 , 0 , 0 , 0 , 0 , 0 , 0 , 0 , 0 , 0 , 0 , 0 , 0 , 0 , 0 , 0 , 0 , 0 , 0 , 0 , 0 , 0 , 0 , 0 , 0 , 0 , 
0 , 0 , 0 , 0 , 0 , 0 , 0 , 0 , 0 , 0 , 0 , 0 , 0 , 0 , 0 , 0 , 0 , 0 , 0 , 0 , 0 , 0 , 0 , 0 , 0 , 0 , 0 , 0 , 0 , 0 , 0 , 0 , 0 , 
0 , 0 , 0 , 0 , 0 , 0 , 0 , 0 , 0 , 0 , 0 , 0 , 0 , 0 , 0 , 0 , 0 , 0 , 0 , 0 , 0 , 0 , 0 , 0 , 0 , 0 , 0 , 0 , 0 , 0 , 0 , 0 , 0 , 
0 , 0 , 0 , 0 , 0 , 0 , 0 , 0 , 0 , 0 , 0 , 0 , 0 , 0 , 0 , 0 , 0 , 0 , 0 , 0 , 0 , 0 , 0 , 0 , 0 , 0 , 0 , 0 , 0 , 0 , 0 , 0 , 0 , 
0 , 0 , 0 , 0 , 0 , 0 , 0 , 0 , 0 , 0 , 0 , 0 , 0 , 0 , 0 , 0 , 0 , 0 , 0 , 0 , 0 , 0 , 0 , 0 , 0 , 0 , 0 , 0 , 0 , 0 , 0 , 0 , 0 , 
0 , 0 , 0 , 0 , 0 , 0 , 0 , 0 , 0 , 0 , 0 , 0 , 0 , 0 , 0 , 0 , 0 , 0 , 0 , 0 , 0 , 0 , 0 , 0 , 0 , 0 , 0 , 0 , 0 , 0 , 0 , 0 , 0 , 
0 , 0 , 0 , 0 , 0 , 0 , 0 , 0 , 0 , 0 , 0 , 0 , 0 , 0 , 0 , 0 , 0 , 0 , 0 , 0 , 0 , 0 , 0 , 0 , 0 , 0 , 0 , 0 , 0 , 0 , 0 , 0 , 0 , 

