g ,
1e+100 , 0 , 0 , 0 , 0 , 0 , 0 , 0 , 0 , 0 , 0 , 0 , 0 , 0 , 0 , 0 , 0 , 0 , 0 , 0 , 0 , 0 , 0 , 0 , 0 , 0 , 0 , 0 , 0 , 0 , 0 , 0 , 0 , 
1e+100 , 1.08039 , 0 , 0 , 0 , 0 , 0 , 0 , 0 , 0 , 0 , 0 , 0 , 0 , 0 , 0 , 0 , 0 , 0 , 0 , 0 , 0 , 0 , 0 , 0 , 0 , 0 , 0 , 0 , 0 , 0 , 0 , 0 , 
1e+100 , 1.08039 , 1.08039 , 0 , 0 , 0 , 0 , 0 , 0 , 0 , 0 , 0 , 0 , 0 , 0 , 0 , 0 , 0 , 0 , 0 , 0 , 0 , 0 , 0 , 0 , 0 , 0 , 0 , 0 , 0 , 0 , 0 , 0 , 
1e+100 , 1.08039 , 1.08039 , 1.08039 , 0 , 0 , 0 , 0 , 0 , 0 , 0 , 0 , 0 , 0 , 0 , 0 , 0 , 0 , 0 , 0 , 0 , 0 , 0 , 0 , 0 , 0 , 0 , 0 , 0 , 0 , 0 , 0 , 0 , 
1e+100 , 0.991116 , 0.991116 , 1.0419 , 1.0419 , 0 , 0 , 0 , 0 , 0 , 0 , 0 , 0 , 0 , 0 , 0 , 0 , 0 , 0 , 0 , 0 , 0 , 0 , 0 , 0 , 0 , 0 , 0 , 0 , 0 , 0 , 0 , 0 , 
1e+100 , 0.901846 , 0.901846 , 0.952628 , 1.00341 , 1.00341 , 0 , 0 , 0 , 0 , 0 , 0 , 0 , 0 , 0 , 0 , 0 , 0 , 0 , 0 , 0 , 0 , 0 , 0 , 0 , 0 , 0 , 0 , 0 , 0 , 0 , 0 , 0 , 
1e+100 , 0.972908 , 0.972908 , 0.929756 , 0.886603 , 1.02513 , 1.02513 , 0 , 0 , 0 , 0 , 0 , 0 , 0 , 0 , 0 , 0 , 0 , 0 , 0 , 0 , 0 , 0 , 0 , 0 , 0 , 0 , 0 , 0 , 0 , 0 , 0 , 0 , 
1e+100 , 1.04397 , 1.04397 , 0.906884 , 0.769797 , 0.908325 , 1.04685 , 1.04685 , 0 , 0 , 0 , 0 , 0 , 0 , 0 , 0 , 0 , 0 , 0 , 0 , 0 , 0 , 0 , 0 , 0 , 0 , 0 , 0 , 0 , 0 , 0 , 0 , 0 , 
1e+100 , 1.08043 , 1.08043 , 0.911166 , 0.7419 , 0.866659 , 0.991417 , 0.96322 , 0.96322 , 0 , 0 , 0 , 0 , 0 , 0 , 0 , 0 , 0 , 0 , 0 , 0 , 0 , 0 , 0 , 0 , 0 , 0 , 0 , 0 , 0 , 0 , 0 , 0 , 
1e+100 , 1.11689 , 1.11689 , 0.915449 , 0.714004 , 0.824992 , 0.935981 , 0.907784 , 0.879587 , 0.879587 , 0 , 0 , 0 , 0 , 0 , 0 , 0 , 0 , 0 , 0 , 0 , 0 , 0 , 0 , 0 , 0 , 0 , 0 , 0 , 0 , 0 , 0 , 0 , 
1e+100 , 1.13461 , 1.13461 , 0.978167 , 0.821724 , 0.869409 , 0.917093 , 0.864646 , 0.812199 , 0.881959 , 0.881959 , 0 , 0 , 0 , 0 , 0 , 0 , 0 , 0 , 0 , 0 , 0 , 0 , 0 , 0 , 0 , 0 , 0 , 0 , 0 , 0 , 0 , 0 , 
1e+100 , 1.15233 , 1.15233 , 1.04089 , 0.929445 , 0.913825 , 0.898205 , 0.821508 , 0.74481 , 0.81457 , 0.884331 , 0.884331 , 0 , 0 , 0 , 0 , 0 , 0 , 0 , 0 , 0 , 0 , 0 , 0 , 0 , 0 , 0 , 0 , 0 , 0 , 0 , 0 , 0 , 
1e+100 , 1.12453 , 1.12453 , 1.08024 , 1.03594 , 0.951878 , 0.867819 , 0.82257 , 0.777322 , 0.807604 , 0.837886 , 0.832132 , 0.832132 , 0 , 0 , 0 , 0 , 0 , 0 , 0 , 0 , 0 , 0 , 0 , 0 , 0 , 0 , 0 , 0 , 0 , 0 , 0 , 0 , 
1e+100 , 1.09674 , 1.09674 , 1.11959 , 1.14243 , 0.989931 , 0.837433 , 0.823633 , 0.809834 , 0.800638 , 0.791441 , 0.785688 , 0.779934 , 0.779934 , 0 , 0 , 0 , 0 , 0 , 0 , 0 , 0 , 0 , 0 , 0 , 0 , 0 , 0 , 0 , 0 , 0 , 0 , 0 , 
1e+100 , 1.10387 , 1.10387 , 1.11296 , 1.12205 , 0.995149 , 0.868251 , 0.872075 , 0.875899 , 0.818835 , 0.761772 , 0.776064 , 0.790356 , 0.771873 , 0.771873 , 0 , 0 , 0 , 0 , 0 , 0 , 0 , 0 , 0 , 0 , 0 , 0 , 0 , 0 , 0 , 0 , 0 , 0 , 
1e+100 , 1.11099 , 1.11099 , 1.10633 , 1.10167 , 1.00037 , 0.89907 , 0.920517 , 0.941964 , 0.837033 , 0.732103 , 0.76644 , 0.800778 , 0.782294 , 0.763811 , 0.763811 , 0 , 0 , 0 , 0 , 0 , 0 , 0 , 0 , 0 , 0 , 0 , 0 , 0 , 0 , 0 , 0 , 0 , 
1e+100 , 1.12139 , 1.12139 , 1.09075 , 1.06012 , 0.985502 , 0.910888 , 0.935827 , 0.960765 , 0.851855 , 0.742946 , 0.771012 , 0.799077 , 0.776425 , 0.753772 , 0.776776 , 0.776776 , 0 , 0 , 0 , 0 , 0 , 0 , 0 , 0 , 0 , 0 , 0 , 0 , 0 , 0 , 0 , 0 , 
1e+100 , 1.1318 , 1.1318 , 1.07518 , 1.01857 , 0.970636 , 0.922706 , 0.951136 , 0.979566 , 0.866678 , 0.753789 , 0.775583 , 0.797377 , 0.770555 , 0.743734 , 0.766737 , 0.789741 , 0.789741 , 0 , 0 , 0 , 0 , 0 , 0 , 0 , 0 , 0 , 0 , 0 , 0 , 0 , 0 , 0 , 
1e+100 , 1.12739 , 1.12739 , 1.05575 , 0.984115 , 0.962071 , 0.940026 , 0.946233 , 0.95244 , 0.887775 , 0.82311 , 0.816851 , 0.810592 , 0.782935 , 0.755277 , 0.785991 , 0.816704 , 0.727569 , 0.727569 , 0 , 0 , 0 , 0 , 0 , 0 , 0 , 0 , 0 , 0 , 0 , 0 , 0 , 0 , 
1e+100 , 1.12299 , 1.12299 , 1.03633 , 0.949664 , 0.953505 , 0.957347 , 0.94133 , 0.925313 , 0.908872 , 0.892431 , 0.858119 , 0.823807 , 0.795314 , 0.766821 , 0.805244 , 0.843668 , 0.754533 , 0.665397 , 0.665397 , 0 , 0 , 0 , 0 , 0 , 0 , 0 , 0 , 0 , 0 , 0 , 0 , 0 , 
1e+100 , 1.13856 , 1.13856 , 1.05078 , 0.962992 , 0.991652 , 1.02031 , 0.964022 , 0.907732 , 0.924992 , 0.942251 , 0.865221 , 0.788191 , 0.763164 , 0.738138 , 0.777364 , 0.81659 , 0.761112 , 0.705634 , 0.625427 , 0.625427 , 0 , 0 , 0 , 0 , 0 , 0 , 0 , 0 , 0 , 0 , 0 , 0 , 
1e+100 , 1.15413 , 1.15413 , 1.06523 , 0.976321 , 1.0298 , 1.08328 , 0.986714 , 0.890152 , 0.941111 , 0.992071 , 0.872323 , 0.752574 , 0.731015 , 0.709456 , 0.749484 , 0.789513 , 0.767692 , 0.745872 , 0.665664 , 0.585457 , 0.585457 , 0 , 0 , 0 , 0 , 0 , 0 , 0 , 0 , 0 , 0 , 0 , 
1e+100 , 1.20358 , 1.20358 , 1.1128 , 1.02202 , 1.06074 , 1.09946 , 1.00288 , 0.906298 , 0.951677 , 0.997057 , 0.880209 , 0.763361 , 0.726618 , 0.689875 , 0.688375 , 0.686875 , 0.714089 , 0.741302 , 0.676756 , 0.612211 , 0.641446 , 0.641446 , 0 , 0 , 0 , 0 , 0 , 0 , 0 , 0 , 0 , 0 , 
1e+100 , 1.25302 , 1.25302 , 1.16037 , 1.06771 , 1.09168 , 1.11565 , 1.01905 , 0.922444 , 0.962243 , 1.00204 , 0.888095 , 0.774147 , 0.722221 , 0.670295 , 0.627266 , 0.584238 , 0.660486 , 0.736733 , 0.687849 , 0.638964 , 0.668199 , 0.697434 , 0.697434 , 0 , 0 , 0 , 0 , 0 , 0 , 0 , 0 , 0 , 
1e+100 , 1.25264 , 1.25264 , 1.17624 , 1.09984 , 1.10585 , 1.11187 , 1.0159 , 0.919929 , 0.977457 , 1.03498 , 0.937407 , 0.83983 , 0.778705 , 0.71758 , 0.63451 , 0.551439 , 0.606659 , 0.661878 , 0.659905 , 0.657933 , 0.654287 , 0.650641 , 0.613494 , 0.613494 , 0 , 0 , 0 , 0 , 0 , 0 , 0 , 0 , 
1e+100 , 1.25227 , 1.25227 , 1.19212 , 1.13197 , 1.12003 , 1.10809 , 1.01275 , 0.917415 , 0.99267 , 1.06793 , 0.98672 , 0.905514 , 0.835189 , 0.764865 , 0.641753 , 0.518641 , 0.552832 , 0.587023 , 0.631962 , 0.676901 , 0.640375 , 0.603849 , 0.566701 , 0.529553 , 0.529553 , 0 , 0 , 0 , 0 , 0 , 0 , 0 , 
1e+100 , 1.27121 , 1.27121 , 1.21559 , 1.15996 , 1.14454 , 1.12911 , 1.02524 , 0.921359 , 1.0063 , 1.09124 , 1.01082 , 0.930411 , 0.862823 , 0.795236 , 0.667975 , 0.540714 , 0.521942 , 0.50317 , 0.557294 , 0.611419 , 0.632211 , 0.653003 , 0.591521 , 0.530039 , 0.55563 , 0.55563 , 0 , 0 , 0 , 0 , 0 , 0 , 
1e+100 , 1.29015 , 1.29015 , 1.23906 , 1.18796 , 1.16905 , 1.15013 , 1.03772 , 0.925303 , 1.01993 , 1.11455 , 1.03493 , 0.955309 , 0.890458 , 0.825607 , 0.694196 , 0.562786 , 0.491052 , 0.419317 , 0.482627 , 0.545937 , 0.624047 , 0.702157 , 0.616341 , 0.530525 , 0.556116 , 0.581706 , 0.581706 , 0 , 0 , 0 , 0 , 0 , 
1e+100 , 1.28487 , 1.28487 , 1.24281 , 1.20075 , 1.19722 , 1.19369 , 1.07523 , 0.956768 , 1.0351 , 1.11343 , 1.02235 , 0.931283 , 0.87327 , 0.815256 , 0.710437 , 0.605617 , 0.514422 , 0.423227 , 0.410767 , 0.398307 , 0.538533 , 0.678758 , 0.643952 , 0.609146 , 0.571615 , 0.534085 , 0.604475 , 0.604475 , 0 , 0 , 0 , 0 , 
1e+100 , 1.27959 , 1.27959 , 1.24657 , 1.21355 , 1.2254 , 1.23725 , 1.11274 , 0.988232 , 1.05027 , 1.11231 , 1.00978 , 0.907257 , 0.856081 , 0.804906 , 0.726677 , 0.648448 , 0.537792 , 0.427136 , 0.338906 , 0.250676 , 0.453018 , 0.65536 , 0.671563 , 0.687766 , 0.587115 , 0.486463 , 0.556853 , 0.627243 , 0.627243 , 0 , 0 , 0 , 
1e+100 , 1.21976 , 1.21976 , 1.20775 , 1.19574 , 1.23289 , 1.27004 , 1.14599 , 1.02193 , 1.06658 , 1.11123 , 0.998747 , 0.886259 , 0.841107 , 0.795954 , 0.750649 , 0.705344 , 0.607682 , 0.510021 , 0.31768 , 0.12534 , 0.344288 , 0.563237 , 0.692611 , 0.821985 , 0.677932 , 0.53388 , 0.49002 , 0.44616 , 0.706562 , 0.706562 , 0 , 0 , 
1e+100 , 1.15992 , 1.15992 , 1.16893 , 1.17793 , 1.24038 , 1.30283 , 1.17924 , 1.05564 , 1.0829 , 1.11016 , 0.987712 , 0.865261 , 0.826132 , 0.787003 , 0.774621 , 0.76224 , 0.677572 , 0.592905 , 0.296454 , 2.76861e-006 , 0.235559 , 0.471115 , 0.713659 , 0.956204 , 0.76875 , 0.581297 , 0.423187 , 0.265077 , 0.525479 , 0.785881 , 0.785881 , 0 , 
1e+100 , 1.15992 , 1.15992 , 1.16893 , 1.17793 , 1.24038 , 1.30283 , 1.17924 , 1.05564 , 1.0829 , 1.11016 , 0.987712 , 0.865261 , 0.826132 , 0.787003 , 0.774621 , 0.76224 , 0.677572 , 0.592905 , 0.296454 , 2.76861e-006 , 0.235559 , 0.471115 , 0.713659 , 0.956204 , 0.76875 , 0.581297 , 0.423187 , 0.265077 , 0.525479 , 0.785881 , 0.785881 , 0.785881 , 

h ,
1e+100 , 0 , 0 , 0 , 0 , 0 , 0 , 0 , 0 , 0 , 0 , 0 , 0 , 0 , 0 , 0 , 0 , 0 , 0 , 0 , 0 , 0 , 0 , 0 , 0 , 0 , 0 , 0 , 0 , 0 , 0 , 0 , 0 , 
1e+100 , 0.120859 , 0 , 0 , 0 , 0 , 0 , 0 , 0 , 0 , 0 , 0 , 0 , 0 , 0 , 0 , 0 , 0 , 0 , 0 , 0 , 0 , 0 , 0 , 0 , 0 , 0 , 0 , 0 , 0 , 0 , 0 , 0 , 
1e+100 , 0.154783 , 0.120859 , 0 , 0 , 0 , 0 , 0 , 0 , 0 , 0 , 0 , 0 , 0 , 0 , 0 , 0 , 0 , 0 , 0 , 0 , 0 , 0 , 0 , 0 , 0 , 0 , 0 , 0 , 0 , 0 , 0 , 0 , 
1e+100 , 0.166254 , 0.154783 , 0.120859 , 0 , 0 , 0 , 0 , 0 , 0 , 0 , 0 , 0 , 0 , 0 , 0 , 0 , 0 , 0 , 0 , 0 , 0 , 0 , 0 , 0 , 0 , 0 , 0 , 0 , 0 , 0 , 0 , 0 , 
1e+100 , 0.166418 , 0.166254 , 0.154783 , 0.120859 , 0 , 0 , 0 , 0 , 0 , 0 , 0 , 0 , 0 , 0 , 0 , 0 , 0 , 0 , 0 , 0 , 0 , 0 , 0 , 0 , 0 , 0 , 0 , 0 , 0 , 0 , 0 , 0 , 
1e+100 , 0.161502 , 0.166418 , 0.166254 , 0.154783 , 0.120859 , 0 , 0 , 0 , 0 , 0 , 0 , 0 , 0 , 0 , 0 , 0 , 0 , 0 , 0 , 0 , 0 , 0 , 0 , 0 , 0 , 0 , 0 , 0 , 0 , 0 , 0 , 0 , 
1e+100 , 0.154851 , 0.161502 , 0.166418 , 0.166254 , 0.154783 , 0.120859 , 0 , 0 , 0 , 0 , 0 , 0 , 0 , 0 , 0 , 0 , 0 , 0 , 0 , 0 , 0 , 0 , 0 , 0 , 0 , 0 , 0 , 0 , 0 , 0 , 0 , 0 , 
1e+100 , 0.148151 , 0.154851 , 0.161502 , 0.166418 , 0.166254 , 0.154783 , 0.120859 , 0 , 0 , 0 , 0 , 0 , 0 , 0 , 0 , 0 , 0 , 0 , 0 , 0 , 0 , 0 , 0 , 0 , 0 , 0 , 0 , 0 , 0 , 0 , 0 , 0 , 
1e+100 , 0.142163 , 0.148151 , 0.154851 , 0.161502 , 0.166418 , 0.166254 , 0.154783 , 0.120859 , 0 , 0 , 0 , 0 , 0 , 0 , 0 , 0 , 0 , 0 , 0 , 0 , 0 , 0 , 0 , 0 , 0 , 0 , 0 , 0 , 0 , 0 , 0 , 0 , 
1e+100 , 0.137149 , 0.142163 , 0.148151 , 0.154851 , 0.161502 , 0.166418 , 0.166254 , 0.154783 , 0.120859 , 0 , 0 , 0 , 0 , 0 , 0 , 0 , 0 , 0 , 0 , 0 , 0 , 0 , 0 , 0 , 0 , 0 , 0 , 0 , 0 , 0 , 0 , 0 , 
1e+100 , 0.133121 , 0.137149 , 0.142163 , 0.148151 , 0.154851 , 0.161502 , 0.166418 , 0.166254 , 0.154783 , 0.120859 , 0 , 0 , 0 , 0 , 0 , 0 , 0 , 0 , 0 , 0 , 0 , 0 , 0 , 0 , 0 , 0 , 0 , 0 , 0 , 0 , 0 , 0 , 
1e+100 , 0.129975 , 0.133121 , 0.137149 , 0.142163 , 0.148151 , 0.154851 , 0.161502 , 0.166418 , 0.166254 , 0.154783 , 0.120859 , 0 , 0 , 0 , 0 , 0 , 0 , 0 , 0 , 0 , 0 , 0 , 0 , 0 , 0 , 0 , 0 , 0 , 0 , 0 , 0 , 0 , 
1e+100 , 0.127568 , 0.129975 , 0.133121 , 0.137149 , 0.142163 , 0.148151 , 0.154851 , 0.161502 , 0.166418 , 0.166254 , 0.154783 , 0.120859 , 0 , 0 , 0 , 0 , 0 , 0 , 0 , 0 , 0 , 0 , 0 , 0 , 0 , 0 , 0 , 0 , 0 , 0 , 0 , 0 , 
1e+100 , 0.125756 , 0.127568 , 0.129975 , 0.133121 , 0.137149 , 0.142163 , 0.148151 , 0.154851 , 0.161502 , 0.166418 , 0.166254 , 0.154783 , 0.120859 , 0 , 0 , 0 , 0 , 0 , 0 , 0 , 0 , 0 , 0 , 0 , 0 , 0 , 0 , 0 , 0 , 0 , 0 , 0 , 
1e+100 , 0.124409 , 0.125756 , 0.127568 , 0.129975 , 0.133121 , 0.137149 , 0.142163 , 0.148151 , 0.154851 , 0.161502 , 0.166418 , 0.166254 , 0.154783 , 0.120859 , 0 , 0 , 0 , 0 , 0 , 0 , 0 , 0 , 0 , 0 , 0 , 0 , 0 , 0 , 0 , 0 , 0 , 0 , 
1e+100 , 0.123417 , 0.124409 , 0.125756 , 0.127568 , 0.129975 , 0.133121 , 0.137149 , 0.142163 , 0.148151 , 0.154851 , 0.161502 , 0.166418 , 0.166254 , 0.154783 , 0.120859 , 0 , 0 , 0 , 0 , 0 , 0 , 0 , 0 , 0 , 0 , 0 , 0 , 0 , 0 , 0 , 0 , 0 , 
1e+100 , 0.122693 , 0.123417 , 0.124409 , 0.125756 , 0.127568 , 0.129975 , 0.133121 , 0.137149 , 0.142163 , 0.148151 , 0.154851 , 0.161502 , 0.166418 , 0.166254 , 0.154783 , 0.120859 , 0 , 0 , 0 , 0 , 0 , 0 , 0 , 0 , 0 , 0 , 0 , 0 , 0 , 0 , 0 , 0 , 
1e+100 , 0.122168 , 0.122693 , 0.123417 , 0.124409 , 0.125756 , 0.127568 , 0.129975 , 0.133121 , 0.137149 , 0.142163 , 0.148151 , 0.154851 , 0.161502 , 0.166418 , 0.166254 , 0.154783 , 0.120859 , 0 , 0 , 0 , 0 , 0 , 0 , 0 , 0 , 0 , 0 , 0 , 0 , 0 , 0 , 0 , 
1e+100 , 0.12179 , 0.122168 , 0.122693 , 0.123417 , 0.124409 , 0.125756 , 0.127568 , 0.129975 , 0.133121 , 0.137149 , 0.142163 , 0.148151 , 0.154851 , 0.161502 , 0.166418 , 0.166254 , 0.154783 , 0.120859 , 0 , 0 , 0 , 0 , 0 , 0 , 0 , 0 , 0 , 0 , 0 , 0 , 0 , 0 , 
1e+100 , 0.121518 , 0.12179 , 0.122168 , 0.122693 , 0.123417 , 0.124409 , 0.125756 , 0.127568 , 0.129975 , 0.133121 , 0.137149 , 0.142163 , 0.148151 , 0.154851 , 0.161502 , 0.166418 , 0.166254 , 0.154783 , 0.120859 , 0 , 0 , 0 , 0 , 0 , 0 , 0 , 0 , 0 , 0 , 0 , 0 , 0 , 
1e+100 , 0.121325 , 0.121518 , 0.12179 , 0.122168 , 0.122693 , 0.123417 , 0.124409 , 0.125756 , 0.127568 , 0.129975 , 0.133121 , 0.137149 , 0.142163 , 0.148151 , 0.154851 , 0.161502 , 0.166418 , 0.166254 , 0.154783 , 0.120859 , 0 , 0 , 0 , 0 , 0 , 0 , 0 , 0 , 0 , 0 , 0 , 0 , 
1e+100 , 0.121187 , 0.121325 , 0.121518 , 0.12179 , 0.122168 , 0.122693 , 0.123417 , 0.124409 , 0.125756 , 0.127568 , 0.129975 , 0.133121 , 0.137149 , 0.142163 , 0.148151 , 0.154851 , 0.161502 , 0.166418 , 0.166254 , 0.154783 , 0.120859 , 0 , 0 , 0 , 0 , 0 , 0 , 0 , 0 , 0 , 0 , 0 , 
1e+100 , 0.12109 , 0.121187 , 0.121325 , 0.121518 , 0.12179 , 0.122168 , 0.122693 , 0.123417 , 0.124409 , 0.125756 , 0.127568 , 0.129975 , 0.133121 , 0.137149 , 0.142163 , 0.148151 , 0.154851 , 0.161502 , 0.166418 , 0.166254 , 0.154783 , 0.120859 , 0 , 0 , 0 , 0 , 0 , 0 , 0 , 0 , 0 , 0 , 
1e+100 , 0.121021 , 0.12109 , 0.121187 , 0.121325 , 0.121518 , 0.12179 , 0.122168 , 0.122693 , 0.123417 , 0.124409 , 0.125756 , 0.127568 , 0.129975 , 0.133121 , 0.137149 , 0.142163 , 0.148151 , 0.154851 , 0.161502 , 0.166418 , 0.166254 , 0.154783 , 0.120859 , 0 , 0 , 0 , 0 , 0 , 0 , 0 , 0 , 0 , 
1e+100 , 0.120972 , 0.121021 , 0.12109 , 0.121187 , 0.121325 , 0.121518 , 0.12179 , 0.122168 , 0.122693 , 0.123417 , 0.124409 , 0.125756 , 0.127568 , 0.129975 , 0.133121 , 0.137149 , 0.142163 , 0.148151 , 0.154851 , 0.161502 , 0.166418 , 0.166254 , 0.154783 , 0.120859 , 0 , 0 , 0 , 0 , 0 , 0 , 0 , 0 , 
1e+100 , 0.120938 , 0.120972 , 0.121021 , 0.12109 , 0.121187 , 0.121325 , 0.121518 , 0.12179 , 0.122168 , 0.122693 , 0.123417 , 0.124409 , 0.125756 , 0.127568 , 0.129975 , 0.133121 , 0.137149 , 0.142163 , 0.148151 , 0.154851 , 0.161502 , 0.166418 , 0.166254 , 0.154783 , 0.120859 , 0 , 0 , 0 , 0 , 0 , 0 , 0 , 
1e+100 , 0.120914 , 0.120938 , 0.120972 , 0.121021 , 0.12109 , 0.121187 , 0.121325 , 0.121518 , 0.12179 , 0.122168 , 0.122693 , 0.123417 , 0.124409 , 0.125756 , 0.127568 , 0.129975 , 0.133121 , 0.137149 , 0.142163 , 0.148151 , 0.154851 , 0.161502 , 0.166418 , 0.166254 , 0.154783 , 0.120859 , 0 , 0 , 0 , 0 , 0 , 0 , 
1e+100 , 0.120898 , 0.120914 , 0.120938 , 0.120972 , 0.121021 , 0.12109 , 0.121187 , 0.121325 , 0.121518 , 0.12179 , 0.122168 , 0.122693 , 0.123417 , 0.124409 , 0.125756 , 0.127568 , 0.129975 , 0.133121 , 0.137149 , 0.142163 , 0.148151 , 0.154851 , 0.161502 , 0.166418 , 0.166254 , 0.154783 , 0.120859 , 0 , 0 , 0 , 0 , 0 , 
1e+100 , 0.120886 , 0.120898 , 0.120914 , 0.120938 , 0.120972 , 0.121021 , 0.12109 , 0.121187 , 0.121325 , 0.121518 , 0.12179 , 0.122168 , 0.122693 , 0.123417 , 0.124409 , 0.125756 , 0.127568 , 0.129975 , 0.133121 , 0.137149 , 0.142163 , 0.148151 , 0.154851 , 0.161502 , 0.166418 , 0.166254 , 0.154783 , 0.120859 , 0 , 0 , 0 , 0 , 
1e+100 , 0.120878 , 0.120886 , 0.120898 , 0.120914 , 0.120938 , 0.120972 , 0.121021 , 0.12109 , 0.121187 , 0.121325 , 0.121518 , 0.12179 , 0.122168 , 0.122693 , 0.123417 , 0.124409 , 0.125756 , 0.127568 , 0.129975 , 0.133121 , 0.137149 , 0.142163 , 0.148151 , 0.154851 , 0.161502 , 0.166418 , 0.166254 , 0.154783 , 0.120859 , 0 , 0 , 0 , 
1e+100 , 0.120872 , 0.120878 , 0.120886 , 0.120898 , 0.120914 , 0.120938 , 0.120972 , 0.121021 , 0.12109 , 0.121187 , 0.121325 , 0.121518 , 0.12179 , 0.122168 , 0.122693 , 0.123417 , 0.124409 , 0.125756 , 0.127568 , 0.129975 , 0.133121 , 0.137149 , 0.142163 , 0.148151 , 0.154851 , 0.161502 , 0.166418 , 0.166254 , 0.154783 , 0.120859 , 0 , 0 , 
1e+100 , 0.120868 , 0.120872 , 0.120878 , 0.120886 , 0.120898 , 0.120914 , 0.120938 , 0.120972 , 0.121021 , 0.12109 , 0.121187 , 0.121325 , 0.121518 , 0.12179 , 0.122168 , 0.122693 , 0.123417 , 0.124409 , 0.125756 , 0.127568 , 0.129975 , 0.133121 , 0.137149 , 0.142163 , 0.148151 , 0.154851 , 0.161502 , 0.166418 , 0.166254 , 0.154783 , 0.120859 , 0 , 
1e+100 , 0.120866 , 0.120868 , 0.120872 , 0.120878 , 0.120886 , 0.120898 , 0.120914 , 0.120938 , 0.120972 , 0.121021 , 0.12109 , 0.121187 , 0.121325 , 0.121518 , 0.12179 , 0.122168 , 0.122693 , 0.123417 , 0.124409 , 0.125756 , 0.127568 , 0.129975 , 0.133121 , 0.137149 , 0.142163 , 0.148151 , 0.154851 , 0.161502 , 0.166418 , 0.166254 , 0.154783 , 0.120859 , 

h*g ,
1e+200 , 0 , 0 , 0 , 0 , 0 , 0 , 0 , 0 , 0 , 0 , 0 , 0 , 0 , 0 , 0 , 0 , 0 , 0 , 0 , 0 , 0 , 0 , 0 , 0 , 0 , 0 , 0 , 0 , 0 , 0 , 0 , 0 , 
1e+200 , 0.130575 , 0 , 0 , 0 , 0 , 0 , 0 , 0 , 0 , 0 , 0 , 0 , 0 , 0 , 0 , 0 , 0 , 0 , 0 , 0 , 0 , 0 , 0 , 0 , 0 , 0 , 0 , 0 , 0 , 0 , 0 , 0 , 
1e+200 , 0.167226 , 0.130575 , 0 , 0 , 0 , 0 , 0 , 0 , 0 , 0 , 0 , 0 , 0 , 0 , 0 , 0 , 0 , 0 , 0 , 0 , 0 , 0 , 0 , 0 , 0 , 0 , 0 , 0 , 0 , 0 , 0 , 0 , 
1e+200 , 0.179619 , 0.167226 , 0.130575 , 0 , 0 , 0 , 0 , 0 , 0 , 0 , 0 , 0 , 0 , 0 , 0 , 0 , 0 , 0 , 0 , 0 , 0 , 0 , 0 , 0 , 0 , 0 , 0 , 0 , 0 , 0 , 0 , 0 , 
1e+200 , 0.16494 , 0.164777 , 0.161268 , 0.125923 , 0 , 0 , 0 , 0 , 0 , 0 , 0 , 0 , 0 , 0 , 0 , 0 , 0 , 0 , 0 , 0 , 0 , 0 , 0 , 0 , 0 , 0 , 0 , 0 , 0 , 0 , 0 , 0 , 
1e+200 , 0.14565 , 0.150084 , 0.158378 , 0.155311 , 0.121271 , 0 , 0 , 0 , 0 , 0 , 0 , 0 , 0 , 0 , 0 , 0 , 0 , 0 , 0 , 0 , 0 , 0 , 0 , 0 , 0 , 0 , 0 , 0 , 0 , 0 , 0 , 0 , 
1e+200 , 0.150656 , 0.157127 , 0.154728 , 0.147402 , 0.158673 , 0.123897 , 0 , 0 , 0 , 0 , 0 , 0 , 0 , 0 , 0 , 0 , 0 , 0 , 0 , 0 , 0 , 0 , 0 , 0 , 0 , 0 , 0 , 0 , 0 , 0 , 0 , 0 , 
1e+200 , 0.154665 , 0.16166 , 0.146464 , 0.128108 , 0.151013 , 0.162035 , 0.126522 , 0 , 0 , 0 , 0 , 0 , 0 , 0 , 0 , 0 , 0 , 0 , 0 , 0 , 0 , 0 , 0 , 0 , 0 , 0 , 0 , 0 , 0 , 0 , 0 , 0 , 
1e+200 , 0.153597 , 0.160067 , 0.141095 , 0.119819 , 0.144228 , 0.164827 , 0.14909 , 0.116414 , 0 , 0 , 0 , 0 , 0 , 0 , 0 , 0 , 0 , 0 , 0 , 0 , 0 , 0 , 0 , 0 , 0 , 0 , 0 , 0 , 0 , 0 , 0 , 0 , 
1e+200 , 0.153181 , 0.158781 , 0.135624 , 0.110564 , 0.133238 , 0.155764 , 0.150923 , 0.136145 , 0.106306 , 0 , 0 , 0 , 0 , 0 , 0 , 0 , 0 , 0 , 0 , 0 , 0 , 0 , 0 , 0 , 0 , 0 , 0 , 0 , 0 , 0 , 0 , 0 , 
1e+200 , 0.15104 , 0.155611 , 0.139059 , 0.121739 , 0.134629 , 0.148113 , 0.143893 , 0.135032 , 0.136512 , 0.106593 , 0 , 0 , 0 , 0 , 0 , 0 , 0 , 0 , 0 , 0 , 0 , 0 , 0 , 0 , 0 , 0 , 0 , 0 , 0 , 0 , 0 , 0 , 
1e+200 , 0.149773 , 0.153399 , 0.142756 , 0.132132 , 0.135384 , 0.139088 , 0.132675 , 0.12395 , 0.135426 , 0.136879 , 0.10688 , 0 , 0 , 0 , 0 , 0 , 0 , 0 , 0 , 0 , 0 , 0 , 0 , 0 , 0 , 0 , 0 , 0 , 0 , 0 , 0 , 0 , 
1e+200 , 0.143455 , 0.146161 , 0.143802 , 0.142078 , 0.135321 , 0.128568 , 0.127376 , 0.125539 , 0.1344 , 0.139302 , 0.1288 , 0.100571 , 0 , 0 , 0 , 0 , 0 , 0 , 0 , 0 , 0 , 0 , 0 , 0 , 0 , 0 , 0 , 0 , 0 , 0 , 0 , 0 , 
1e+200 , 0.137922 , 0.139909 , 0.145518 , 0.152081 , 0.135768 , 0.119052 , 0.122022 , 0.125404 , 0.129305 , 0.13171 , 0.130624 , 0.120721 , 0.0942624 , 0 , 0 , 0 , 0 , 0 , 0 , 0 , 0 , 0 , 0 , 0 , 0 , 0 , 0 , 0 , 0 , 0 , 0 , 0 , 
1e+200 , 0.137331 , 0.138818 , 0.141978 , 0.145838 , 0.132475 , 0.11908 , 0.123977 , 0.129765 , 0.126797 , 0.123028 , 0.129151 , 0.1314 , 0.119473 , 0.0932881 , 0 , 0 , 0 , 0 , 0 , 0 , 0 , 0 , 0 , 0 , 0 , 0 , 0 , 0 , 0 , 0 , 0 , 0 , 
1e+200 , 0.137115 , 0.138217 , 0.139127 , 0.140537 , 0.130023 , 0.119685 , 0.126248 , 0.133912 , 0.124007 , 0.113367 , 0.123782 , 0.133264 , 0.13006 , 0.118225 , 0.0923138 , 0 , 0 , 0 , 0 , 0 , 0 , 0 , 0 , 0 , 0 , 0 , 0 , 0 , 0 , 0 , 0 , 0 , 
1e+200 , 0.137587 , 0.138399 , 0.135699 , 0.133316 , 0.125719 , 0.118392 , 0.124578 , 0.131768 , 0.121102 , 0.110068 , 0.119392 , 0.129053 , 0.129211 , 0.125318 , 0.120232 , 0.0938807 , 0 , 0 , 0 , 0 , 0 , 0 , 0 , 0 , 0 , 0 , 0 , 0 , 0 , 0 , 0 , 0 , 
1e+200 , 0.138269 , 0.138863 , 0.132695 , 0.126718 , 0.122063 , 0.117708 , 0.123624 , 0.130401 , 0.118864 , 0.107161 , 0.114903 , 0.123474 , 0.124447 , 0.123771 , 0.127473 , 0.122239 , 0.0954476 , 0 , 0 , 0 , 0 , 0 , 0 , 0 , 0 , 0 , 0 , 0 , 0 , 0 , 0 , 0 , 
1e+200 , 0.137305 , 0.137731 , 0.129533 , 0.121456 , 0.11969 , 0.118214 , 0.120709 , 0.123793 , 0.118181 , 0.112889 , 0.116126 , 0.12009 , 0.121238 , 0.121979 , 0.130803 , 0.135781 , 0.112615 , 0.0879336 , 0 , 0 , 0 , 0 , 0 , 0 , 0 , 0 , 0 , 0 , 0 , 0 , 0 , 0 , 
1e+200 , 0.136464 , 0.136768 , 0.126606 , 0.116517 , 0.117679 , 0.119102 , 0.118378 , 0.11804 , 0.11813 , 0.118801 , 0.11769 , 0.117115 , 0.117826 , 0.118743 , 0.130049 , 0.140402 , 0.125444 , 0.102992 , 0.0804195 , 0 , 0 , 0 , 0 , 0 , 0 , 0 , 0 , 0 , 0 , 0 , 0 , 0 , 
1e+200 , 0.138136 , 0.138356 , 0.127974 , 0.117647 , 0.121668 , 0.125924 , 0.119933 , 0.114153 , 0.117999 , 0.122469 , 0.115179 , 0.1081 , 0.108494 , 0.109356 , 0.120376 , 0.131881 , 0.126663 , 0.117315 , 0.0968055 , 0.0755887 , 0 , 0 , 0 , 0 , 0 , 0 , 0 , 0 , 0 , 0 , 0 , 0 , 
1e+200 , 0.139866 , 0.140025 , 0.129445 , 0.118906 , 0.125808 , 0.13291 , 0.121777 , 0.110743 , 0.11835 , 0.126557 , 0.11338 , 0.100183 , 0.100258 , 0.100858 , 0.111037 , 0.122257 , 0.123984 , 0.124127 , 0.11067 , 0.0906188 , 0.070758 , 0 , 0 , 0 , 0 , 0 , 0 , 0 , 0 , 0 , 0 , 0 , 
1e+200 , 0.145741 , 0.145858 , 0.13501 , 0.124194 , 0.129187 , 0.134319 , 0.123046 , 0.111852 , 0.118397 , 0.125386 , 0.112287 , 0.0992176 , 0.096728 , 0.0946158 , 0.0978613 , 0.101761 , 0.110577 , 0.119722 , 0.112625 , 0.101783 , 0.0992849 , 0.0775247 , 0 , 0 , 0 , 0 , 0 , 0 , 0 , 0 , 0 , 0 , 
1e+200 , 0.151642 , 0.151728 , 0.140621 , 0.12954 , 0.132659 , 0.135874 , 0.124495 , 0.113177 , 0.118757 , 0.124663 , 0.111683 , 0.0987565 , 0.0938705 , 0.0892302 , 0.086029 , 0.0830569 , 0.0978514 , 0.114084 , 0.111089 , 0.106335 , 0.111091 , 0.107951 , 0.0842915 , 0 , 0 , 0 , 0 , 0 , 0 , 0 , 0 , 0 , 
1e+200 , 0.151535 , 0.151596 , 0.142431 , 0.133286 , 0.134168 , 0.135113 , 0.123726 , 0.112386 , 0.119927 , 0.127734 , 0.116622 , 0.105614 , 0.0993379 , 0.0932672 , 0.0844664 , 0.0756294 , 0.0862442 , 0.0980577 , 0.102187 , 0.106258 , 0.108885 , 0.108172 , 0.0949585 , 0.0741465 , 0 , 0 , 0 , 0 , 0 , 0 , 0 , 0 , 
1e+200 , 0.151447 , 0.15149 , 0.144271 , 0.13707 , 0.135733 , 0.134439 , 0.123068 , 0.111731 , 0.121272 , 0.131027 , 0.121778 , 0.112654 , 0.10503 , 0.0975723 , 0.0834116 , 0.0690419 , 0.0758203 , 0.0834527 , 0.0936256 , 0.104819 , 0.103422 , 0.100491 , 0.0942165 , 0.0819659 , 0.0640015 , 0 , 0 , 0 , 0 , 0 , 0 , 0 , 
1e+200 , 0.153707 , 0.153738 , 0.147052 , 0.14038 , 0.138592 , 0.136834 , 0.124386 , 0.111962 , 0.122557 , 0.133314 , 0.124021 , 0.114828 , 0.107343 , 0.100006 , 0.0852123 , 0.0702791 , 0.0694813 , 0.0690093 , 0.0792265 , 0.0905822 , 0.0978984 , 0.105462 , 0.0984399 , 0.0881213 , 0.0860021 , 0.0671531 , 0 , 0 , 0 , 0 , 0 , 0 , 
1e+200 , 0.155976 , 0.155998 , 0.149849 , 0.14371 , 0.141479 , 0.139269 , 0.125758 , 0.112262 , 0.12394 , 0.13574 , 0.126435 , 0.117209 , 0.109897 , 0.102713 , 0.0872994 , 0.0717936 , 0.0638243 , 0.0558198 , 0.0661919 , 0.0776119 , 0.092453 , 0.10873 , 0.0995405 , 0.088289 , 0.0924567 , 0.0900383 , 0.0703047 , 0 , 0 , 0 , 0 , 0 , 
1e+200 , 0.155323 , 0.155338 , 0.150274 , 0.145217 , 0.144831 , 0.144462 , 0.130199 , 0.115948 , 0.125583 , 0.135302 , 0.124512 , 0.113773 , 0.107144 , 0.100616 , 0.0883845 , 0.0761601 , 0.0656238 , 0.0550088 , 0.0546816 , 0.0546274 , 0.0765592 , 0.100559 , 0.0997165 , 0.0983785 , 0.0951272 , 0.0887939 , 0.0935625 , 0.0730565 , 0 , 0 , 0 , 0 , 
1e+200 , 0.154674 , 0.154685 , 0.150707 , 0.146736 , 0.148198 , 0.149673 , 0.134665 , 0.119665 , 0.127279 , 0.13495 , 0.122707 , 0.110494 , 0.104586 , 0.0987561 , 0.0896842 , 0.0806726 , 0.0676307 , 0.054489 , 0.0440492 , 0.0333702 , 0.062131 , 0.0931677 , 0.0994926 , 0.106501 , 0.0948204 , 0.0809563 , 0.0925792 , 0.0970866 , 0.0758082 , 0 , 0 , 0 , 
1e+200 , 0.147434 , 0.147441 , 0.146 , 0.144562 , 0.149074 , 0.153597 , 0.138633 , 0.123675 , 0.129152 , 0.134667 , 0.121173 , 0.107697 , 0.102438 , 0.09724 , 0.0920992 , 0.0870513 , 0.075601 , 0.0641382 , 0.0405258 , 0.016291 , 0.0458319 , 0.0772475 , 0.0984635 , 0.121778 , 0.104978 , 0.0862229 , 0.0815483 , 0.074176 , 0.109364 , 0.0853947 , 0 , 0 , 
1e+200 , 0.140197 , 0.140202 , 0.141297 , 0.142396 , 0.149959 , 0.157531 , 0.142615 , 0.127703 , 0.131053 , 0.134429 , 0.119698 , 0.104978 , 0.10039 , 0.0958487 , 0.0946338 , 0.0935213 , 0.0836238 , 0.0737625 , 0.0372809 , 3.53187e-007 , 0.0306167 , 0.0627152 , 0.0978777 , 0.135936 , 0.113891 , 0.0900144 , 0.0683457 , 0.0441137 , 0.0873632 , 0.121641 , 0.0949811 , 0 , 
1e+200 , 0.140194 , 0.140197 , 0.141291 , 0.142386 , 0.149945 , 0.157509 , 0.142586 , 0.127667 , 0.131001 , 0.134353 , 0.119602 , 0.104859 , 0.10023 , 0.0956353 , 0.0943408 , 0.0931212 , 0.0831332 , 0.0731744 , 0.0368814 , 3.4817e-007 , 0.0300498 , 0.061233 , 0.0950029 , 0.131142 , 0.109288 , 0.0861196 , 0.0655309 , 0.0428106 , 0.0874493 , 0.130656 , 0.121641 , 0.0949811 , 

shifts ,
0 , 0 , 0 , 0 , 0 , 0 , 0 , 0 , 0 , 0 , 0 , 0 , 0 , 0 , 0 , 0 , 0 , 0 , 0 , 0 , 0 , 0 , 0 , 0 , 0 , 0 , 0 , 0 , 0 , 0 , 0 , 0 , 0 , 
0 , 0 , 0 , 0 , 0 , 0 , 0 , 0 , 0 , 0 , 0 , 0 , 0 , 0 , 0 , 0 , 0 , 0 , 0 , 0 , 0 , 0 , 0 , 0 , 0 , 0 , 0 , 0 , 0 , 0 , 0 , 0 , 0 , 
0 , 0 , 0 , 0 , 0 , 0 , 0 , 0 , 0 , 0 , 0 , 0 , 0 , 0 , 0 , 0 , 0 , 0 , 0 , 0 , 0 , 0 , 0 , 0 , 0 , 0 , 0 , 0 , 0 , 0 , 0 , 0 , 0 , 
0 , 0 , 0 , 0 , 0 , 0 , 0 , 0 , 0 , 0 , 0 , 0 , 0 , 0 , 0 , 0 , 0 , 0 , 0 , 0 , 0 , 0 , 0 , 0 , 0 , 0 , 0 , 0 , 0 , 0 , 0 , 0 , 0 , 
0 , 0 , 0 , 0 , 0 , 0 , 0 , 0 , 0 , 0 , 0 , 0 , 0 , 0 , 0 , 0 , 0 , 0 , 0 , 0 , 0 , 0 , 0 , 0 , 0 , 0 , 0 , 0 , 0 , 0 , 0 , 0 , 0 , 
0 , 0 , 0 , 0 , 0 , 0 , 0 , 0 , 0 , 0 , 0 , 0 , 0 , 0 , 0 , 0 , 0 , 0 , 0 , 0 , 0 , 0 , 0 , 0 , 0 , 0 , 0 , 0 , 0 , 0 , 0 , 0 , 0 , 
0 , 0 , 0 , 0 , 0 , 0 , 0 , 0 , 0 , 0 , 0 , 0 , 0 , 0 , 0 , 0 , 0 , 0 , 0 , 0 , 0 , 0 , 0 , 0 , 0 , 0 , 0 , 0 , 0 , 0 , 0 , 0 , 0 , 
0 , 0 , 0 , 0 , 0 , 0 , 0 , 0 , 0 , 0 , 0 , 0 , 0 , 0 , 0 , 0 , 0 , 0 , 0 , 0 , 0 , 0 , 0 , 0 , 0 , 0 , 0 , 0 , 0 , 0 , 0 , 0 , 0 , 
0 , 0 , 0 , 0 , 0 , 0 , 0 , 0 , 0 , 0 , 0 , 0 , 0 , 0 , 0 , 0 , 0 , 0 , 0 , 0 , 0 , 0 , 0 , 0 , 0 , 0 , 0 , 0 , 0 , 0 , 0 , 0 , 0 , 
0 , 0 , 0 , 0 , 0 , 0 , 0 , 0 , 0 , 0 , 0 , 0 , 0 , 0 , 0 , 0 , 0 , 0 , 0 , 0 , 0 , 0 , 0 , 0 , 0 , 0 , 0 , 0 , 0 , 0 , 0 , 0 , 0 , 
0 , 0 , 0 , 0 , 0 , 0 , 0 , 0 , 0 , 0 , 0 , 0 , 0 , 0 , 0 , 0 , 0 , 0 , 0 , 0 , 0 , 0 , 0 , 0 , 0 , 0 , 0 , 0 , 0 , 0 , 0 , 0 , 0 , 
0 , 0 , 0 , 0 , 0 , 0 , 0 , 0 , 0 , 0 , 0 , 0 , 0 , 0 , 0 , 0 , 0 , 0 , 0 , 0 , 0 , 0 , 0 , 0 , 0 , 0 , 0 , 0 , 0 , 0 , 0 , 0 , 0 , 
0 , 0 , 0 , 0 , 0 , 0 , 0 , 0 , 0 , 0 , 0 , 0 , 0 , 0 , 0 , 0 , 0 , 0 , 0 , 0 , 0 , 0 , 0 , 0 , 0 , 0 , 0 , 0 , 0 , 0 , 0 , 0 , 0 , 
0 , 0 , 0 , 0 , 0 , 0 , 0 , 0 , 0 , 0 , 0 , 0 , 0 , 0 , 0 , 0 , 0 , 0 , 0 , 0 , 0 , 0 , 0 , 0 , 0 , 0 , 0 , 0 , 0 , 0 , 0 , 0 , 0 , 
0 , 0 , 0 , 0 , 0 , 0 , 0 , 0 , 0 , 0 , 0 , 0 , 0 , 0 , 0 , 0 , 0 , 0 , 0 , 0 , 0 , 0 , 0 , 0 , 0 , 0 , 0 , 0 , 0 , 0 , 0 , 0 , 0 , 
0 , 0 , 0 , 0 , 0 , 0 , 0 , 0 , 0 , 0 , 0 , 0 , 0 , 0 , 0 , 0 , 0 , 0 , 0 , 0 , 0 , 0 , 0 , 0 , 0 , 0 , 0 , 0 , 0 , 0 , 0 , 0 , 0 , 
0 , 0 , 0 , 0 , 0 , 0 , 0 , 0 , 0 , 0 , 0 , 0 , 0 , 0 , 0 , 0 , 0 , 0 , 0 , 0 , 0 , 0 , 0 , 0 , 0 , 0 , 0 , 0 , 0 , 0 , 0 , 0 , 0 , 
0 , 0 , 0 , 0 , 0 , 0 , 0 , 0 , 0 , 0 , 0 , 0 , 0 , 0 , 0 , 0 , 0 , 0 , 0 , 0 , 0 , 0 , 0 , 0 , 0 , 0 , 0 , 0 , 0 , 0 , 0 , 0 , 0 , 
0 , 0 , 0 , 0 , 0 , 0 , 0 , 0 , 0 , 0 , 0 , 0 , 0 , 0 , 0 , 0 , 0 , 0 , 0 , 0 , 0 , 0 , 0 , 0 , 0 , 0 , 0 , 0 , 0 , 0 , 0 , 0 , 0 , 
0 , 0 , 0 , 0 , 0 , 0 , 0 , 0 , 0 , 0 , 0 , 0 , 0 , 0 , 0 , 0 , 0 , 0 , 0 , 0 , 0 , 0 , 0 , 0 , 0 , 0 , 0 , 0 , 0 , 0 , 0 , 0 , 0 , 
0 , 0 , 0 , 0 , 0 , 0 , 0 , 0 , 0 , 0 , 0 , 0 , 0 , 0 , 0 , 0 , 0 , 0 , 0 , 0 , 0 , 0 , 0 , 0 , 0 , 0 , 0 , 0 , 0 , 0 , 0 , 0 , 0 , 
0 , 0 , 0 , 0 , 0 , 0 , 0 , 0 , 0 , 0 , 0 , 0 , 0 , 0 , 0 , 0 , 0 , 0 , 0 , 0 , 0 , 0 , 0 , 0 , 0 , 0 , 0 , 0 , 0 , 0 , 0 , 0 , 0 , 
0 , 0 , 0 , 0 , 0 , 0 , 0 , 0 , 0 , 0 , 0 , 0 , 0 , 0 , 0 , 0 , 0 , 0 , 0 , 0 , 0 , 0 , 0 , 0 , 0 , 0 , 0 , 0 , 0 , 0 , 0 , 0 , 0 , 
0 , 0 , 0 , 0 , 0 , 0 , 0 , 0 , 0 , 0 , 0 , 0 , 0 , 0 , 0 , 0 , 0 , 0 , 0 , 0 , 0 , 0 , 0 , 0 , 0 , 0 , 0 , 0 , 0 , 0 , 0 , 0 , 0 , 
0 , 0 , 0 , 0 , 0 , 0 , 0 , 0 , 0 , 0 , 0 , 0 , 0 , 0 , 0 , 0 , 0 , 0 , 0 , 0 , 0 , 0 , 0 , 0 , 0 , 0 , 0 , 0 , 0 , 0 , 0 , 0 , 0 , 
0 , 0 , 0 , 0 , 0 , 0 , 0 , 0 , 0 , 0 , 0 , 0 , 0 , 0 , 0 , 0 , 0 , 0 , 0 , 0 , 0 , 0 , 0 , 0 , 0 , 0 , 0 , 0 , 0 , 0 , 0 , 0 , 0 , 
0 , 0 , 0 , 0 , 0 , 0 , 0 , 0 , 0 , 0 , 0 , 0 , 0 , 0 , 0 , 0 , 0 , 0 , 0 , 0 , 0 , 0 , 0 , 0 , 0 , 0 , 0 , 0 , 0 , 0 , 0 , 0 , 0 , 
0 , 0 , 0 , 0 , 0 , 0 , 0 , 0 , 0 , 0 , 0 , 0 , 0 , 0 , 0 , 0 , 0 , 0 , 0 , 0 , 0 , 0 , 0 , 0 , 0 , 0 , 0 , 0 , 0 , 0 , 0 , 0 , 0 , 
0 , 0 , 0 , 0 , 0 , 0 , 0 , 0 , 0 , 0 , 0 , 0 , 0 , 0 , 0 , 0 , 0 , 0 , 0 , 0 , 0 , 0 , 0 , 0 , 0 , 0 , 0 , 0 , 0 , 0 , 0 , 0 , 0 , 
0 , 0 , 0 , 0 , 0 , 0 , 0 , 0 , 0 , 0 , 0 , 0 , 0 , 0 , 0 , 0 , 0 , 0 , 0 , 0 , 0 , 0 , 0 , 0 , 0 , 0 , 0 , 0 , 0 , 0 , 0 , 0 , 0 , 
0 , 0 , 0 , 0 , 0 , 0 , 0 , 0 , 0 , 0 , 0 , 0 , 0 , 0 , 0 , 0 , 0 , 0 , 0 , 0 , 0 , 0 , 0 , 0 , 0 , 0 , 0 , 0 , 0 , 0 , 0 , 0 , 0 , 
0 , 0 , 0 , 0 , 0 , 0 , 0 , 0 , 0 , 0 , 0 , 0 , 0 , 0 , 0 , 0 , 0 , 0 , 0 , 0 , 0 , 0 , 0 , 0 , 0 , 0 , 0 , 0 , 0 , 0 , 0 , 0 , 0 , 
0 , 0 , 0 , 0 , 0 , 0 , 0 , 0 , 0 , 0 , 0 , 0 , 0 , 0 , 0 , 0 , 0 , 0 , 0 , 0 , 0 , 0 , 0 , 0 , 0 , 0 , 0 , 0 , 0 , 0 , 0 , 0 , 0 , 

