g ,
1e+100 , 0 , 0 , 0 , 0 , 0 , 0 , 0 , 0 , 0 , 0 , 0 , 0 , 0 , 0 , 0 , 0 , 0 , 0 , 0 , 0 , 0 , 0 , 0 , 0 , 0 , 0 , 0 , 0 , 0 , 0 , 0 , 0 , 
1e+100 , 1.08045 , 0 , 0 , 0 , 0 , 0 , 0 , 0 , 0 , 0 , 0 , 0 , 0 , 0 , 0 , 0 , 0 , 0 , 0 , 0 , 0 , 0 , 0 , 0 , 0 , 0 , 0 , 0 , 0 , 0 , 0 , 0 , 
1e+100 , 1.08045 , 1.08045 , 0 , 0 , 0 , 0 , 0 , 0 , 0 , 0 , 0 , 0 , 0 , 0 , 0 , 0 , 0 , 0 , 0 , 0 , 0 , 0 , 0 , 0 , 0 , 0 , 0 , 0 , 0 , 0 , 0 , 0 , 
1e+100 , 1.08045 , 1.08045 , 1.08045 , 0 , 0 , 0 , 0 , 0 , 0 , 0 , 0 , 0 , 0 , 0 , 0 , 0 , 0 , 0 , 0 , 0 , 0 , 0 , 0 , 0 , 0 , 0 , 0 , 0 , 0 , 0 , 0 , 0 , 
1e+100 , 0.990733 , 0.990733 , 1.04254 , 1.04254 , 0 , 0 , 0 , 0 , 0 , 0 , 0 , 0 , 0 , 0 , 0 , 0 , 0 , 0 , 0 , 0 , 0 , 0 , 0 , 0 , 0 , 0 , 0 , 0 , 0 , 0 , 0 , 0 , 
1e+100 , 0.901019 , 0.901019 , 0.952822 , 1.00462 , 1.00462 , 0 , 0 , 0 , 0 , 0 , 0 , 0 , 0 , 0 , 0 , 0 , 0 , 0 , 0 , 0 , 0 , 0 , 0 , 0 , 0 , 0 , 0 , 0 , 0 , 0 , 0 , 0 , 
1e+100 , 0.973029 , 0.973029 , 0.930215 , 0.8874 , 1.02516 , 1.02516 , 0 , 0 , 0 , 0 , 0 , 0 , 0 , 0 , 0 , 0 , 0 , 0 , 0 , 0 , 0 , 0 , 0 , 0 , 0 , 0 , 0 , 0 , 0 , 0 , 0 , 0 , 
1e+100 , 1.04504 , 1.04504 , 0.907607 , 0.770176 , 0.907935 , 1.04569 , 1.04569 , 0 , 0 , 0 , 0 , 0 , 0 , 0 , 0 , 0 , 0 , 0 , 0 , 0 , 0 , 0 , 0 , 0 , 0 , 0 , 0 , 0 , 0 , 0 , 0 , 0 , 
1e+100 , 1.08114 , 1.08114 , 0.910837 , 0.740537 , 0.864298 , 0.98806 , 0.968637 , 0.968637 , 0 , 0 , 0 , 0 , 0 , 0 , 0 , 0 , 0 , 0 , 0 , 0 , 0 , 0 , 0 , 0 , 0 , 0 , 0 , 0 , 0 , 0 , 0 , 0 , 
1e+100 , 1.11723 , 1.11723 , 0.914066 , 0.710898 , 0.820662 , 0.930425 , 0.911003 , 0.891581 , 0.891581 , 0 , 0 , 0 , 0 , 0 , 0 , 0 , 0 , 0 , 0 , 0 , 0 , 0 , 0 , 0 , 0 , 0 , 0 , 0 , 0 , 0 , 0 , 0 , 
1e+100 , 1.13507 , 1.13507 , 0.975697 , 0.816323 , 0.8685 , 0.920678 , 0.866493 , 0.812309 , 0.889022 , 0.889022 , 0 , 0 , 0 , 0 , 0 , 0 , 0 , 0 , 0 , 0 , 0 , 0 , 0 , 0 , 0 , 0 , 0 , 0 , 0 , 0 , 0 , 0 , 
1e+100 , 1.15291 , 1.15291 , 1.03733 , 0.921747 , 0.916339 , 0.910931 , 0.821984 , 0.733037 , 0.80975 , 0.886464 , 0.886464 , 0 , 0 , 0 , 0 , 0 , 0 , 0 , 0 , 0 , 0 , 0 , 0 , 0 , 0 , 0 , 0 , 0 , 0 , 0 , 0 , 0 , 
1e+100 , 1.12432 , 1.12432 , 1.08252 , 1.04071 , 0.954685 , 0.868657 , 0.819953 , 0.771249 , 0.803187 , 0.835125 , 0.836257 , 0.836257 , 0 , 0 , 0 , 0 , 0 , 0 , 0 , 0 , 0 , 0 , 0 , 0 , 0 , 0 , 0 , 0 , 0 , 0 , 0 , 0 , 
1e+100 , 1.09573 , 1.09573 , 1.12771 , 1.15968 , 0.99303 , 0.826382 , 0.817921 , 0.809461 , 0.796624 , 0.783786 , 0.784919 , 0.786051 , 0.786051 , 0 , 0 , 0 , 0 , 0 , 0 , 0 , 0 , 0 , 0 , 0 , 0 , 0 , 0 , 0 , 0 , 0 , 0 , 0 , 
1e+100 , 1.10356 , 1.10356 , 1.11248 , 1.12139 , 0.999294 , 0.877201 , 0.871329 , 0.865457 , 0.813944 , 0.762432 , 0.777186 , 0.791939 , 0.778797 , 0.778797 , 0 , 0 , 0 , 0 , 0 , 0 , 0 , 0 , 0 , 0 , 0 , 0 , 0 , 0 , 0 , 0 , 0 , 0 , 
1e+100 , 1.11139 , 1.11139 , 1.09725 , 1.0831 , 1.00556 , 0.92802 , 0.924736 , 0.921453 , 0.831265 , 0.741077 , 0.769453 , 0.797828 , 0.784685 , 0.771543 , 0.771543 , 0 , 0 , 0 , 0 , 0 , 0 , 0 , 0 , 0 , 0 , 0 , 0 , 0 , 0 , 0 , 0 , 0 , 
1e+100 , 1.1202 , 1.1202 , 1.0882 , 1.05621 , 0.99231 , 0.928412 , 0.941663 , 0.954915 , 0.850849 , 0.746782 , 0.766493 , 0.786203 , 0.770746 , 0.75529 , 0.785415 , 0.785415 , 0 , 0 , 0 , 0 , 0 , 0 , 0 , 0 , 0 , 0 , 0 , 0 , 0 , 0 , 0 , 0 , 
1e+100 , 1.12901 , 1.12901 , 1.07916 , 1.02932 , 0.979061 , 0.928804 , 0.95859 , 0.988377 , 0.870432 , 0.752487 , 0.763533 , 0.774578 , 0.756807 , 0.739036 , 0.769162 , 0.799287 , 0.799287 , 0 , 0 , 0 , 0 , 0 , 0 , 0 , 0 , 0 , 0 , 0 , 0 , 0 , 0 , 0 , 
1e+100 , 1.12901 , 1.12901 , 1.06044 , 0.991876 , 0.953028 , 0.91418 , 0.939699 , 0.965218 , 0.893005 , 0.820793 , 0.818507 , 0.816221 , 0.787949 , 0.759678 , 0.785445 , 0.811211 , 0.72859 , 0.72859 , 0 , 0 , 0 , 0 , 0 , 0 , 0 , 0 , 0 , 0 , 0 , 0 , 0 , 0 , 
1e+100 , 1.12901 , 1.12901 , 1.04172 , 0.954433 , 0.926994 , 0.899555 , 0.920807 , 0.942059 , 0.915579 , 0.889099 , 0.873481 , 0.857863 , 0.819091 , 0.78032 , 0.801728 , 0.823136 , 0.740514 , 0.657893 , 0.657893 , 0 , 0 , 0 , 0 , 0 , 0 , 0 , 0 , 0 , 0 , 0 , 0 , 0 , 
1e+100 , 1.13609 , 1.13609 , 1.04742 , 0.958755 , 0.988609 , 1.01846 , 0.953484 , 0.888504 , 0.929937 , 0.971371 , 0.874724 , 0.778077 , 0.758161 , 0.738246 , 0.785911 , 0.833576 , 0.765243 , 0.69691 , 0.611243 , 0.611243 , 0 , 0 , 0 , 0 , 0 , 0 , 0 , 0 , 0 , 0 , 0 , 0 , 
1e+100 , 1.14316 , 1.14316 , 1.05312 , 0.963076 , 1.05022 , 1.13737 , 0.98616 , 0.834948 , 0.944296 , 1.05364 , 0.875967 , 0.698291 , 0.697231 , 0.696172 , 0.770094 , 0.844015 , 0.789971 , 0.735927 , 0.65026 , 0.564593 , 0.564593 , 0 , 0 , 0 , 0 , 0 , 0 , 0 , 0 , 0 , 0 , 0 , 
1e+100 , 1.20658 , 1.20658 , 1.11372 , 1.02086 , 1.06743 , 1.11399 , 1.01879 , 0.923589 , 0.955603 , 0.987616 , 0.86142 , 0.735224 , 0.695948 , 0.656672 , 0.675892 , 0.695111 , 0.731964 , 0.768817 , 0.673734 , 0.578652 , 0.662766 , 0.662766 , 0 , 0 , 0 , 0 , 0 , 0 , 0 , 0 , 0 , 0 , 
1e+100 , 1.27001 , 1.27001 , 1.17433 , 1.07864 , 1.08463 , 1.09061 , 1.05142 , 1.01223 , 0.966909 , 0.921588 , 0.846872 , 0.772156 , 0.694664 , 0.617173 , 0.58169 , 0.546207 , 0.673957 , 0.801706 , 0.697209 , 0.592711 , 0.676825 , 0.760938 , 0.760938 , 0 , 0 , 0 , 0 , 0 , 0 , 0 , 0 , 0 , 
1e+100 , 1.25315 , 1.25315 , 1.17876 , 1.10437 , 1.09782 , 1.09127 , 1.02379 , 0.956304 , 0.977873 , 0.999441 , 0.938939 , 0.878436 , 0.784954 , 0.691472 , 0.605226 , 0.51898 , 0.61735 , 0.71572 , 0.691554 , 0.667388 , 0.634918 , 0.602448 , 0.664754 , 0.664754 , 0 , 0 , 0 , 0 , 0 , 0 , 0 , 0 , 
1e+100 , 1.23629 , 1.23629 , 1.18319 , 1.1301 , 1.11101 , 1.09193 , 0.996154 , 0.900379 , 0.988836 , 1.07729 , 1.03101 , 0.984717 , 0.875244 , 0.765771 , 0.628762 , 0.491753 , 0.560743 , 0.629734 , 0.6859 , 0.742066 , 0.593011 , 0.443957 , 0.506263 , 0.56857 , 0.56857 , 0 , 0 , 0 , 0 , 0 , 0 , 0 , 
1e+100 , 1.26493 , 1.26493 , 1.20883 , 1.15272 , 1.13223 , 1.11174 , 0.994071 , 0.876402 , 0.994177 , 1.11195 , 1.05503 , 0.99811 , 0.908604 , 0.819097 , 0.67951 , 0.539923 , 0.496074 , 0.452224 , 0.560576 , 0.668927 , 0.650448 , 0.631968 , 0.552679 , 0.47339 , 0.585623 , 0.585623 , 0 , 0 , 0 , 0 , 0 , 0 , 
1e+100 , 1.29357 , 1.29357 , 1.23446 , 1.17535 , 1.15345 , 1.13155 , 0.991988 , 0.852426 , 0.999518 , 1.14661 , 1.07906 , 1.0115 , 0.941964 , 0.872424 , 0.730259 , 0.588094 , 0.431404 , 0.274715 , 0.435251 , 0.595788 , 0.707884 , 0.81998 , 0.599095 , 0.37821 , 0.490443 , 0.602676 , 0.602676 , 0 , 0 , 0 , 0 , 0 , 
1e+100 , 1.29036 , 1.29036 , 1.24991 , 1.20946 , 1.20839 , 1.20732 , 1.08122 , 0.955124 , 1.03415 , 1.11318 , 1.02494 , 0.936693 , 0.886384 , 0.836075 , 0.742061 , 0.648046 , 0.460303 , 0.272559 , 0.285235 , 0.297911 , 0.558139 , 0.818367 , 0.694843 , 0.57132 , 0.510129 , 0.448938 , 0.590211 , 0.590211 , 0 , 0 , 0 , 0 , 
1e+100 , 1.28715 , 1.28715 , 1.26536 , 1.24358 , 1.26333 , 1.28309 , 1.17045 , 1.05782 , 1.06879 , 1.07975 , 0.970815 , 0.861882 , 0.830804 , 0.799726 , 0.753862 , 0.707999 , 0.489202 , 0.270404 , 0.135219 , 3.48785e-005 , 0.408394 , 0.816753 , 0.790592 , 0.764431 , 0.529815 , 0.2952 , 0.436473 , 0.577747 , 0.577747 , 0 , 0 , 0 , 
1e+100 , 1.21408 , 1.21408 , 1.2069 , 1.19971 , 1.23315 , 1.26659 , 1.16755 , 1.06851 , 1.08343 , 1.09834 , 1.00711 , 0.915884 , 0.868474 , 0.821065 , 0.76309 , 0.705116 , 0.593146 , 0.481175 , 0.258825 , 0.0364758 , 0.265981 , 0.495486 , 0.704661 , 0.913837 , 0.715164 , 0.516491 , 0.430236 , 0.343981 , 0.636102 , 0.636102 , 0 , 0 , 
1e+100 , 1.14102 , 1.14102 , 1.14843 , 1.15585 , 1.20297 , 1.25009 , 1.16465 , 1.0792 , 1.09807 , 1.11693 , 1.04341 , 0.969885 , 0.906145 , 0.842404 , 0.772318 , 0.702233 , 0.69709 , 0.691946 , 0.382432 , 0.0729167 , 0.123568 , 0.17422 , 0.618731 , 1.06324 , 0.900513 , 0.737783 , 0.423999 , 0.110215 , 0.402337 , 0.694458 , 0.694458 , 0 , 
1e+100 , 1.14102 , 1.14102 , 1.14843 , 1.15585 , 1.20297 , 1.25009 , 1.16465 , 1.0792 , 1.09807 , 1.11693 , 1.04341 , 0.969885 , 0.906145 , 0.842404 , 0.772318 , 0.702233 , 0.69709 , 0.691946 , 0.382432 , 0.0729167 , 0.123568 , 0.17422 , 0.618731 , 1.06324 , 0.900513 , 0.737783 , 0.423999 , 0.110215 , 0.402337 , 0.694458 , 0.694458 , 0.694458 , 

h ,
1e+100 , 0 , 0 , 0 , 0 , 0 , 0 , 0 , 0 , 0 , 0 , 0 , 0 , 0 , 0 , 0 , 0 , 0 , 0 , 0 , 0 , 0 , 0 , 0 , 0 , 0 , 0 , 0 , 0 , 0 , 0 , 0 , 0 , 
1e+100 , 0.120859 , 0 , 0 , 0 , 0 , 0 , 0 , 0 , 0 , 0 , 0 , 0 , 0 , 0 , 0 , 0 , 0 , 0 , 0 , 0 , 0 , 0 , 0 , 0 , 0 , 0 , 0 , 0 , 0 , 0 , 0 , 0 , 
1e+100 , 0.154783 , 0.120859 , 0 , 0 , 0 , 0 , 0 , 0 , 0 , 0 , 0 , 0 , 0 , 0 , 0 , 0 , 0 , 0 , 0 , 0 , 0 , 0 , 0 , 0 , 0 , 0 , 0 , 0 , 0 , 0 , 0 , 0 , 
1e+100 , 0.166254 , 0.154783 , 0.120859 , 0 , 0 , 0 , 0 , 0 , 0 , 0 , 0 , 0 , 0 , 0 , 0 , 0 , 0 , 0 , 0 , 0 , 0 , 0 , 0 , 0 , 0 , 0 , 0 , 0 , 0 , 0 , 0 , 0 , 
1e+100 , 0.166418 , 0.166254 , 0.154783 , 0.120859 , 0 , 0 , 0 , 0 , 0 , 0 , 0 , 0 , 0 , 0 , 0 , 0 , 0 , 0 , 0 , 0 , 0 , 0 , 0 , 0 , 0 , 0 , 0 , 0 , 0 , 0 , 0 , 0 , 
1e+100 , 0.161502 , 0.166418 , 0.166254 , 0.154783 , 0.120859 , 0 , 0 , 0 , 0 , 0 , 0 , 0 , 0 , 0 , 0 , 0 , 0 , 0 , 0 , 0 , 0 , 0 , 0 , 0 , 0 , 0 , 0 , 0 , 0 , 0 , 0 , 0 , 
1e+100 , 0.154851 , 0.161502 , 0.166418 , 0.166254 , 0.154783 , 0.120859 , 0 , 0 , 0 , 0 , 0 , 0 , 0 , 0 , 0 , 0 , 0 , 0 , 0 , 0 , 0 , 0 , 0 , 0 , 0 , 0 , 0 , 0 , 0 , 0 , 0 , 0 , 
1e+100 , 0.148151 , 0.154851 , 0.161502 , 0.166418 , 0.166254 , 0.154783 , 0.120859 , 0 , 0 , 0 , 0 , 0 , 0 , 0 , 0 , 0 , 0 , 0 , 0 , 0 , 0 , 0 , 0 , 0 , 0 , 0 , 0 , 0 , 0 , 0 , 0 , 0 , 
1e+100 , 0.142163 , 0.148151 , 0.154851 , 0.161502 , 0.166418 , 0.166254 , 0.154783 , 0.120859 , 0 , 0 , 0 , 0 , 0 , 0 , 0 , 0 , 0 , 0 , 0 , 0 , 0 , 0 , 0 , 0 , 0 , 0 , 0 , 0 , 0 , 0 , 0 , 0 , 
1e+100 , 0.137149 , 0.142163 , 0.148151 , 0.154851 , 0.161502 , 0.166418 , 0.166254 , 0.154783 , 0.120859 , 0 , 0 , 0 , 0 , 0 , 0 , 0 , 0 , 0 , 0 , 0 , 0 , 0 , 0 , 0 , 0 , 0 , 0 , 0 , 0 , 0 , 0 , 0 , 
1e+100 , 0.133121 , 0.137149 , 0.142163 , 0.148151 , 0.154851 , 0.161502 , 0.166418 , 0.166254 , 0.154783 , 0.120859 , 0 , 0 , 0 , 0 , 0 , 0 , 0 , 0 , 0 , 0 , 0 , 0 , 0 , 0 , 0 , 0 , 0 , 0 , 0 , 0 , 0 , 0 , 
1e+100 , 0.129975 , 0.133121 , 0.137149 , 0.142163 , 0.148151 , 0.154851 , 0.161502 , 0.166418 , 0.166254 , 0.154783 , 0.120859 , 0 , 0 , 0 , 0 , 0 , 0 , 0 , 0 , 0 , 0 , 0 , 0 , 0 , 0 , 0 , 0 , 0 , 0 , 0 , 0 , 0 , 
1e+100 , 0.127568 , 0.129975 , 0.133121 , 0.137149 , 0.142163 , 0.148151 , 0.154851 , 0.161502 , 0.166418 , 0.166254 , 0.154783 , 0.120859 , 0 , 0 , 0 , 0 , 0 , 0 , 0 , 0 , 0 , 0 , 0 , 0 , 0 , 0 , 0 , 0 , 0 , 0 , 0 , 0 , 
1e+100 , 0.125756 , 0.127568 , 0.129975 , 0.133121 , 0.137149 , 0.142163 , 0.148151 , 0.154851 , 0.161502 , 0.166418 , 0.166254 , 0.154783 , 0.120859 , 0 , 0 , 0 , 0 , 0 , 0 , 0 , 0 , 0 , 0 , 0 , 0 , 0 , 0 , 0 , 0 , 0 , 0 , 0 , 
1e+100 , 0.124409 , 0.125756 , 0.127568 , 0.129975 , 0.133121 , 0.137149 , 0.142163 , 0.148151 , 0.154851 , 0.161502 , 0.166418 , 0.166254 , 0.154783 , 0.120859 , 0 , 0 , 0 , 0 , 0 , 0 , 0 , 0 , 0 , 0 , 0 , 0 , 0 , 0 , 0 , 0 , 0 , 0 , 
1e+100 , 0.123417 , 0.124409 , 0.125756 , 0.127568 , 0.129975 , 0.133121 , 0.137149 , 0.142163 , 0.148151 , 0.154851 , 0.161502 , 0.166418 , 0.166254 , 0.154783 , 0.120859 , 0 , 0 , 0 , 0 , 0 , 0 , 0 , 0 , 0 , 0 , 0 , 0 , 0 , 0 , 0 , 0 , 0 , 
1e+100 , 0.122693 , 0.123417 , 0.124409 , 0.125756 , 0.127568 , 0.129975 , 0.133121 , 0.137149 , 0.142163 , 0.148151 , 0.154851 , 0.161502 , 0.166418 , 0.166254 , 0.154783 , 0.120859 , 0 , 0 , 0 , 0 , 0 , 0 , 0 , 0 , 0 , 0 , 0 , 0 , 0 , 0 , 0 , 0 , 
1e+100 , 0.122168 , 0.122693 , 0.123417 , 0.124409 , 0.125756 , 0.127568 , 0.129975 , 0.133121 , 0.137149 , 0.142163 , 0.148151 , 0.154851 , 0.161502 , 0.166418 , 0.166254 , 0.154783 , 0.120859 , 0 , 0 , 0 , 0 , 0 , 0 , 0 , 0 , 0 , 0 , 0 , 0 , 0 , 0 , 0 , 
1e+100 , 0.12179 , 0.122168 , 0.122693 , 0.123417 , 0.124409 , 0.125756 , 0.127568 , 0.129975 , 0.133121 , 0.137149 , 0.142163 , 0.148151 , 0.154851 , 0.161502 , 0.166418 , 0.166254 , 0.154783 , 0.120859 , 0 , 0 , 0 , 0 , 0 , 0 , 0 , 0 , 0 , 0 , 0 , 0 , 0 , 0 , 
1e+100 , 0.121518 , 0.12179 , 0.122168 , 0.122693 , 0.123417 , 0.124409 , 0.125756 , 0.127568 , 0.129975 , 0.133121 , 0.137149 , 0.142163 , 0.148151 , 0.154851 , 0.161502 , 0.166418 , 0.166254 , 0.154783 , 0.120859 , 0 , 0 , 0 , 0 , 0 , 0 , 0 , 0 , 0 , 0 , 0 , 0 , 0 , 
1e+100 , 0.121325 , 0.121518 , 0.12179 , 0.122168 , 0.122693 , 0.123417 , 0.124409 , 0.125756 , 0.127568 , 0.129975 , 0.133121 , 0.137149 , 0.142163 , 0.148151 , 0.154851 , 0.161502 , 0.166418 , 0.166254 , 0.154783 , 0.120859 , 0 , 0 , 0 , 0 , 0 , 0 , 0 , 0 , 0 , 0 , 0 , 0 , 
1e+100 , 0.121187 , 0.121325 , 0.121518 , 0.12179 , 0.122168 , 0.122693 , 0.123417 , 0.124409 , 0.125756 , 0.127568 , 0.129975 , 0.133121 , 0.137149 , 0.142163 , 0.148151 , 0.154851 , 0.161502 , 0.166418 , 0.166254 , 0.154783 , 0.120859 , 0 , 0 , 0 , 0 , 0 , 0 , 0 , 0 , 0 , 0 , 0 , 
1e+100 , 0.12109 , 0.121187 , 0.121325 , 0.121518 , 0.12179 , 0.122168 , 0.122693 , 0.123417 , 0.124409 , 0.125756 , 0.127568 , 0.129975 , 0.133121 , 0.137149 , 0.142163 , 0.148151 , 0.154851 , 0.161502 , 0.166418 , 0.166254 , 0.154783 , 0.120859 , 0 , 0 , 0 , 0 , 0 , 0 , 0 , 0 , 0 , 0 , 
1e+100 , 0.121021 , 0.12109 , 0.121187 , 0.121325 , 0.121518 , 0.12179 , 0.122168 , 0.122693 , 0.123417 , 0.124409 , 0.125756 , 0.127568 , 0.129975 , 0.133121 , 0.137149 , 0.142163 , 0.148151 , 0.154851 , 0.161502 , 0.166418 , 0.166254 , 0.154783 , 0.120859 , 0 , 0 , 0 , 0 , 0 , 0 , 0 , 0 , 0 , 
1e+100 , 0.120972 , 0.121021 , 0.12109 , 0.121187 , 0.121325 , 0.121518 , 0.12179 , 0.122168 , 0.122693 , 0.123417 , 0.124409 , 0.125756 , 0.127568 , 0.129975 , 0.133121 , 0.137149 , 0.142163 , 0.148151 , 0.154851 , 0.161502 , 0.166418 , 0.166254 , 0.154783 , 0.120859 , 0 , 0 , 0 , 0 , 0 , 0 , 0 , 0 , 
1e+100 , 0.120938 , 0.120972 , 0.121021 , 0.12109 , 0.121187 , 0.121325 , 0.121518 , 0.12179 , 0.122168 , 0.122693 , 0.123417 , 0.124409 , 0.125756 , 0.127568 , 0.129975 , 0.133121 , 0.137149 , 0.142163 , 0.148151 , 0.154851 , 0.161502 , 0.166418 , 0.166254 , 0.154783 , 0.120859 , 0 , 0 , 0 , 0 , 0 , 0 , 0 , 
1e+100 , 0.120914 , 0.120938 , 0.120972 , 0.121021 , 0.12109 , 0.121187 , 0.121325 , 0.121518 , 0.12179 , 0.122168 , 0.122693 , 0.123417 , 0.124409 , 0.125756 , 0.127568 , 0.129975 , 0.133121 , 0.137149 , 0.142163 , 0.148151 , 0.154851 , 0.161502 , 0.166418 , 0.166254 , 0.154783 , 0.120859 , 0 , 0 , 0 , 0 , 0 , 0 , 
1e+100 , 0.120898 , 0.120914 , 0.120938 , 0.120972 , 0.121021 , 0.12109 , 0.121187 , 0.121325 , 0.121518 , 0.12179 , 0.122168 , 0.122693 , 0.123417 , 0.124409 , 0.125756 , 0.127568 , 0.129975 , 0.133121 , 0.137149 , 0.142163 , 0.148151 , 0.154851 , 0.161502 , 0.166418 , 0.166254 , 0.154783 , 0.120859 , 0 , 0 , 0 , 0 , 0 , 
1e+100 , 0.120886 , 0.120898 , 0.120914 , 0.120938 , 0.120972 , 0.121021 , 0.12109 , 0.121187 , 0.121325 , 0.121518 , 0.12179 , 0.122168 , 0.122693 , 0.123417 , 0.124409 , 0.125756 , 0.127568 , 0.129975 , 0.133121 , 0.137149 , 0.142163 , 0.148151 , 0.154851 , 0.161502 , 0.166418 , 0.166254 , 0.154783 , 0.120859 , 0 , 0 , 0 , 0 , 
1e+100 , 0.120878 , 0.120886 , 0.120898 , 0.120914 , 0.120938 , 0.120972 , 0.121021 , 0.12109 , 0.121187 , 0.121325 , 0.121518 , 0.12179 , 0.122168 , 0.122693 , 0.123417 , 0.124409 , 0.125756 , 0.127568 , 0.129975 , 0.133121 , 0.137149 , 0.142163 , 0.148151 , 0.154851 , 0.161502 , 0.166418 , 0.166254 , 0.154783 , 0.120859 , 0 , 0 , 0 , 
1e+100 , 0.120872 , 0.120878 , 0.120886 , 0.120898 , 0.120914 , 0.120938 , 0.120972 , 0.121021 , 0.12109 , 0.121187 , 0.121325 , 0.121518 , 0.12179 , 0.122168 , 0.122693 , 0.123417 , 0.124409 , 0.125756 , 0.127568 , 0.129975 , 0.133121 , 0.137149 , 0.142163 , 0.148151 , 0.154851 , 0.161502 , 0.166418 , 0.166254 , 0.154783 , 0.120859 , 0 , 0 , 
1e+100 , 0.120868 , 0.120872 , 0.120878 , 0.120886 , 0.120898 , 0.120914 , 0.120938 , 0.120972 , 0.121021 , 0.12109 , 0.121187 , 0.121325 , 0.121518 , 0.12179 , 0.122168 , 0.122693 , 0.123417 , 0.124409 , 0.125756 , 0.127568 , 0.129975 , 0.133121 , 0.137149 , 0.142163 , 0.148151 , 0.154851 , 0.161502 , 0.166418 , 0.166254 , 0.154783 , 0.120859 , 0 , 
1e+100 , 0.120866 , 0.120868 , 0.120872 , 0.120878 , 0.120886 , 0.120898 , 0.120914 , 0.120938 , 0.120972 , 0.121021 , 0.12109 , 0.121187 , 0.121325 , 0.121518 , 0.12179 , 0.122168 , 0.122693 , 0.123417 , 0.124409 , 0.125756 , 0.127568 , 0.129975 , 0.133121 , 0.137149 , 0.142163 , 0.148151 , 0.154851 , 0.161502 , 0.166418 , 0.166254 , 0.154783 , 0.120859 , 

h*g ,
1e+200 , 0 , 0 , 0 , 0 , 0 , 0 , 0 , 0 , 0 , 0 , 0 , 0 , 0 , 0 , 0 , 0 , 0 , 0 , 0 , 0 , 0 , 0 , 0 , 0 , 0 , 0 , 0 , 0 , 0 , 0 , 0 , 0 , 
1e+200 , 0.130582 , 0 , 0 , 0 , 0 , 0 , 0 , 0 , 0 , 0 , 0 , 0 , 0 , 0 , 0 , 0 , 0 , 0 , 0 , 0 , 0 , 0 , 0 , 0 , 0 , 0 , 0 , 0 , 0 , 0 , 0 , 0 , 
1e+200 , 0.167235 , 0.130582 , 0 , 0 , 0 , 0 , 0 , 0 , 0 , 0 , 0 , 0 , 0 , 0 , 0 , 0 , 0 , 0 , 0 , 0 , 0 , 0 , 0 , 0 , 0 , 0 , 0 , 0 , 0 , 0 , 0 , 0 , 
1e+200 , 0.179629 , 0.167235 , 0.130582 , 0 , 0 , 0 , 0 , 0 , 0 , 0 , 0 , 0 , 0 , 0 , 0 , 0 , 0 , 0 , 0 , 0 , 0 , 0 , 0 , 0 , 0 , 0 , 0 , 0 , 0 , 0 , 0 , 0 , 
1e+200 , 0.164876 , 0.164714 , 0.161367 , 0.126 , 0 , 0 , 0 , 0 , 0 , 0 , 0 , 0 , 0 , 0 , 0 , 0 , 0 , 0 , 0 , 0 , 0 , 0 , 0 , 0 , 0 , 0 , 0 , 0 , 0 , 0 , 0 , 0 , 
1e+200 , 0.145517 , 0.149946 , 0.158411 , 0.155499 , 0.121418 , 0 , 0 , 0 , 0 , 0 , 0 , 0 , 0 , 0 , 0 , 0 , 0 , 0 , 0 , 0 , 0 , 0 , 0 , 0 , 0 , 0 , 0 , 0 , 0 , 0 , 0 , 0 , 
1e+200 , 0.150674 , 0.157146 , 0.154805 , 0.147534 , 0.158677 , 0.1239 , 0 , 0 , 0 , 0 , 0 , 0 , 0 , 0 , 0 , 0 , 0 , 0 , 0 , 0 , 0 , 0 , 0 , 0 , 0 , 0 , 0 , 0 , 0 , 0 , 0 , 0 , 
1e+200 , 0.154823 , 0.161825 , 0.146581 , 0.128171 , 0.150948 , 0.161856 , 0.126382 , 0 , 0 , 0 , 0 , 0 , 0 , 0 , 0 , 0 , 0 , 0 , 0 , 0 , 0 , 0 , 0 , 0 , 0 , 0 , 0 , 0 , 0 , 0 , 0 , 0 , 
1e+200 , 0.153697 , 0.160171 , 0.141044 , 0.119599 , 0.143835 , 0.164269 , 0.149929 , 0.117069 , 0 , 0 , 0 , 0 , 0 , 0 , 0 , 0 , 0 , 0 , 0 , 0 , 0 , 0 , 0 , 0 , 0 , 0 , 0 , 0 , 0 , 0 , 0 , 0 , 
1e+200 , 0.153228 , 0.158829 , 0.13542 , 0.110083 , 0.132539 , 0.15484 , 0.151458 , 0.138002 , 0.107756 , 0 , 0 , 0 , 0 , 0 , 0 , 0 , 0 , 0 , 0 , 0 , 0 , 0 , 0 , 0 , 0 , 0 , 0 , 0 , 0 , 0 , 0 , 0 , 
1e+200 , 0.151102 , 0.155674 , 0.138708 , 0.120939 , 0.134488 , 0.148692 , 0.1442 , 0.13505 , 0.137606 , 0.107447 , 0 , 0 , 0 , 0 , 0 , 0 , 0 , 0 , 0 , 0 , 0 , 0 , 0 , 0 , 0 , 0 , 0 , 0 , 0 , 0 , 0 , 0 , 
1e+200 , 0.149849 , 0.153476 , 0.142269 , 0.131038 , 0.135756 , 0.141059 , 0.132752 , 0.121991 , 0.134624 , 0.13721 , 0.107137 , 0 , 0 , 0 , 0 , 0 , 0 , 0 , 0 , 0 , 0 , 0 , 0 , 0 , 0 , 0 , 0 , 0 , 0 , 0 , 0 , 0 , 
1e+200 , 0.143427 , 0.146133 , 0.144105 , 0.142733 , 0.135721 , 0.128692 , 0.12697 , 0.124559 , 0.133665 , 0.138843 , 0.129439 , 0.10107 , 0 , 0 , 0 , 0 , 0 , 0 , 0 , 0 , 0 , 0 , 0 , 0 , 0 , 0 , 0 , 0 , 0 , 0 , 0 , 0 , 
1e+200 , 0.137795 , 0.13978 , 0.146573 , 0.154377 , 0.136193 , 0.117481 , 0.121176 , 0.125346 , 0.128657 , 0.130436 , 0.130496 , 0.121667 , 0.0950017 , 0 , 0 , 0 , 0 , 0 , 0 , 0 , 0 , 0 , 0 , 0 , 0 , 0 , 0 , 0 , 0 , 0 , 0 , 0 , 
1e+200 , 0.137293 , 0.13878 , 0.141916 , 0.145752 , 0.133027 , 0.120307 , 0.12387 , 0.128218 , 0.12604 , 0.123135 , 0.129338 , 0.131663 , 0.120545 , 0.0941249 , 0 , 0 , 0 , 0 , 0 , 0 , 0 , 0 , 0 , 0 , 0 , 0 , 0 , 0 , 0 , 0 , 0 , 0 , 
1e+200 , 0.137165 , 0.138267 , 0.137985 , 0.138168 , 0.130697 , 0.123539 , 0.126827 , 0.130996 , 0.123153 , 0.114756 , 0.124268 , 0.132773 , 0.130457 , 0.119422 , 0.0932482 , 0 , 0 , 0 , 0 , 0 , 0 , 0 , 0 , 0 , 0 , 0 , 0 , 0 , 0 , 0 , 0 , 0 , 
1e+200 , 0.13744 , 0.138252 , 0.135382 , 0.132824 , 0.126587 , 0.12067 , 0.125355 , 0.130966 , 0.120959 , 0.110636 , 0.118692 , 0.126974 , 0.128266 , 0.12557 , 0.121569 , 0.0949248 , 0 , 0 , 0 , 0 , 0 , 0 , 0 , 0 , 0 , 0 , 0 , 0 , 0 , 0 , 0 , 0 , 
1e+200 , 0.137928 , 0.138521 , 0.133187 , 0.128056 , 0.123123 , 0.118486 , 0.124592 , 0.131573 , 0.119379 , 0.106976 , 0.113118 , 0.119944 , 0.122226 , 0.122989 , 0.127876 , 0.123716 , 0.0966013 , 0 , 0 , 0 , 0 , 0 , 0 , 0 , 0 , 0 , 0 , 0 , 0 , 0 , 0 , 0 , 
1e+200 , 0.137502 , 0.137929 , 0.130109 , 0.122414 , 0.118565 , 0.114964 , 0.119876 , 0.125454 , 0.118878 , 0.112571 , 0.116361 , 0.120924 , 0.122015 , 0.12269 , 0.130712 , 0.134867 , 0.112773 , 0.0880569 , 0 , 0 , 0 , 0 , 0 , 0 , 0 , 0 , 0 , 0 , 0 , 0 , 0 , 0 , 
1e+200 , 0.137196 , 0.137502 , 0.127265 , 0.117102 , 0.114407 , 0.111912 , 0.115797 , 0.120177 , 0.119002 , 0.118357 , 0.119797 , 0.121956 , 0.121349 , 0.120833 , 0.129481 , 0.136985 , 0.123114 , 0.101831 , 0.0795125 , 0 , 0 , 0 , 0 , 0 , 0 , 0 , 0 , 0 , 0 , 0 , 0 , 0 , 
1e+200 , 0.137835 , 0.138055 , 0.127565 , 0.117129 , 0.121295 , 0.125696 , 0.118622 , 0.111735 , 0.11863 , 0.126254 , 0.116444 , 0.106713 , 0.107782 , 0.109372 , 0.121699 , 0.134624 , 0.12735 , 0.115864 , 0.0946101 , 0.0738745 , 0 , 0 , 0 , 0 , 0 , 0 , 0 , 0 , 0 , 0 , 0 , 0 , 
1e+200 , 0.138536 , 0.138693 , 0.127973 , 0.117293 , 0.128304 , 0.139547 , 0.121709 , 0.103875 , 0.118751 , 0.134411 , 0.113854 , 0.0929571 , 0.0956247 , 0.0989696 , 0.11409 , 0.130697 , 0.127582 , 0.122472 , 0.108109 , 0.0873895 , 0.0682364 , 0 , 0 , 0 , 0 , 0 , 0 , 0 , 0 , 0 , 0 , 0 , 
1e+200 , 0.146105 , 0.146222 , 0.135122 , 0.124053 , 0.130001 , 0.136094 , 0.124998 , 0.113986 , 0.118885 , 0.124199 , 0.10989 , 0.0955605 , 0.0926451 , 0.090062 , 0.0960866 , 0.102981 , 0.113345 , 0.124166 , 0.112122 , 0.0962034 , 0.102585 , 0.0801015 , 0 , 0 , 0 , 0 , 0 , 0 , 0 , 0 , 0 , 0 , 
1e+200 , 0.153698 , 0.153785 , 0.142313 , 0.130866 , 0.131802 , 0.132825 , 0.12845 , 0.124193 , 0.119333 , 0.114654 , 0.106499 , 0.0985025 , 0.0902888 , 0.0821586 , 0.0797783 , 0.0776503 , 0.0998472 , 0.124145 , 0.112601 , 0.0986379 , 0.112525 , 0.11778 , 0.0919666 , 0 , 0 , 0 , 0 , 0 , 0 , 0 , 0 , 0 , 
1e+200 , 0.151597 , 0.151657 , 0.142736 , 0.133835 , 0.133193 , 0.132609 , 0.124687 , 0.11683 , 0.119978 , 0.123348 , 0.116812 , 0.110469 , 0.100135 , 0.0898739 , 0.0805682 , 0.0711777 , 0.0877641 , 0.106034 , 0.107088 , 0.107785 , 0.105662 , 0.10016 , 0.102893 , 0.0803418 , 0 , 0 , 0 , 0 , 0 , 0 , 0 , 0 , 
1e+200 , 0.149515 , 0.149557 , 0.143191 , 0.136843 , 0.13464 , 0.132478 , 0.121051 , 0.109657 , 0.120804 , 0.132176 , 0.127243 , 0.122507 , 0.110067 , 0.097688 , 0.0817232 , 0.0654625 , 0.0769054 , 0.0895247 , 0.101617 , 0.11491 , 0.0957727 , 0.0738825 , 0.0841685 , 0.088005 , 0.068717 , 0 , 0 , 0 , 0 , 0 , 0 , 0 , 
1e+200 , 0.152948 , 0.152978 , 0.146234 , 0.139503 , 0.137101 , 0.134729 , 0.120605 , 0.106499 , 0.12108 , 0.135845 , 0.129445 , 0.123184 , 0.113038 , 0.103006 , 0.0866839 , 0.0701764 , 0.0660377 , 0.0620221 , 0.0796929 , 0.099102 , 0.100722 , 0.102064 , 0.0919759 , 0.0787031 , 0.0906446 , 0.0707781 , 0 , 0 , 0 , 0 , 0 , 0 , 
1e+200 , 0.156389 , 0.156411 , 0.149293 , 0.142184 , 0.139591 , 0.137019 , 0.120216 , 0.10342 , 0.12146 , 0.139645 , 0.131826 , 0.124104 , 0.116254 , 0.108537 , 0.0918345 , 0.075022 , 0.0560716 , 0.0365702 , 0.0596943 , 0.0846988 , 0.104874 , 0.126975 , 0.0967553 , 0.062941 , 0.0815383 , 0.0932841 , 0.0728391 , 0 , 0 , 0 , 0 , 0 , 
1e+200 , 0.155986 , 0.156001 , 0.151132 , 0.14627 , 0.146182 , 0.146111 , 0.130925 , 0.115749 , 0.125468 , 0.135272 , 0.124826 , 0.114434 , 0.108753 , 0.103186 , 0.0923188 , 0.0814958 , 0.05872 , 0.0354258 , 0.0379707 , 0.0408583 , 0.0793465 , 0.121242 , 0.107597 , 0.0922696 , 0.0848948 , 0.0746379 , 0.0913548 , 0.0713326 , 0 , 0 , 0 , 0 , 
1e+200 , 0.155587 , 0.155598 , 0.152979 , 0.150366 , 0.152785 , 0.155218 , 0.141649 , 0.128091 , 0.129523 , 0.131 , 0.117972 , 0.104968 , 0.101497 , 0.0981205 , 0.0930393 , 0.0880812 , 0.0615201 , 0.0344949 , 0.0175751 , 4.64305e-006 , 0.0560108 , 0.116112 , 0.117127 , 0.118373 , 0.0855664 , 0.0491267 , 0.0725656 , 0.0894254 , 0.0698261 , 0 , 0 , 0 , 
1e+200 , 0.146749 , 0.146755 , 0.145897 , 0.145042 , 0.149106 , 0.153179 , 0.141241 , 0.129312 , 0.131192 , 0.133105 , 0.122188 , 0.111297 , 0.105771 , 0.100308 , 0.0936256 , 0.0870232 , 0.0737925 , 0.0605107 , 0.0330179 , 0.00474093 , 0.0354076 , 0.0679555 , 0.100177 , 0.135386 , 0.110744 , 0.0834146 , 0.0715992 , 0.0571883 , 0.0984579 , 0.076879 , 0 , 0 , 
1e+200 , 0.137913 , 0.137917 , 0.13882 , 0.139726 , 0.145436 , 0.151154 , 0.140851 , 0.130554 , 0.132889 , 0.135249 , 0.126448 , 0.117671 , 0.110113 , 0.102596 , 0.0943524 , 0.0861589 , 0.0860326 , 0.0860841 , 0.0480931 , 0.00930184 , 0.0160607 , 0.0231923 , 0.0848584 , 0.151153 , 0.133412 , 0.114246 , 0.0684769 , 0.0183418 , 0.0668902 , 0.10749 , 0.0839318 , 0 , 
1e+200 , 0.13791 , 0.137913 , 0.138814 , 0.139717 , 0.145422 , 0.151133 , 0.140823 , 0.130517 , 0.132836 , 0.135172 , 0.126346 , 0.117538 , 0.109938 , 0.102368 , 0.0940603 , 0.0857903 , 0.0855278 , 0.0853978 , 0.0475778 , 0.00916971 , 0.0157634 , 0.0226442 , 0.082366 , 0.145823 , 0.128019 , 0.109303 , 0.0656566 , 0.0178 , 0.0669562 , 0.115457 , 0.10749 , 0.0839318 , 

shifts ,
0 , 0 , 0 , 0 , 0 , 0 , 0 , 0 , 0 , 0 , 0 , 0 , 0 , 0 , 0 , 0 , 0 , 0 , 0 , 0 , 0 , 0 , 0 , 0 , 0 , 0 , 0 , 0 , 0 , 0 , 0 , 0 , 0 , 
0 , 0 , 0 , 0 , 0 , 0 , 0 , 0 , 0 , 0 , 0 , 0 , 0 , 0 , 0 , 0 , 0 , 0 , 0 , 0 , 0 , 0 , 0 , 0 , 0 , 0 , 0 , 0 , 0 , 0 , 0 , 0 , 0 , 
0 , 0 , 0 , 0 , 0 , 0 , 0 , 0 , 0 , 0 , 0 , 0 , 0 , 0 , 0 , 0 , 0 , 0 , 0 , 0 , 0 , 0 , 0 , 0 , 0 , 0 , 0 , 0 , 0 , 0 , 0 , 0 , 0 , 
0 , 0 , 0 , 0 , 0 , 0 , 0 , 0 , 0 , 0 , 0 , 0 , 0 , 0 , 0 , 0 , 0 , 0 , 0 , 0 , 0 , 0 , 0 , 0 , 0 , 0 , 0 , 0 , 0 , 0 , 0 , 0 , 0 , 
0 , 0 , 0 , 0 , 0 , 0 , 0 , 0 , 0 , 0 , 0 , 0 , 0 , 0 , 0 , 0 , 0 , 0 , 0 , 0 , 0 , 0 , 0 , 0 , 0 , 0 , 0 , 0 , 0 , 0 , 0 , 0 , 0 , 
0 , 0 , 0 , 0 , 0 , 0 , 0 , 0 , 0 , 0 , 0 , 0 , 0 , 0 , 0 , 0 , 0 , 0 , 0 , 0 , 0 , 0 , 0 , 0 , 0 , 0 , 0 , 0 , 0 , 0 , 0 , 0 , 0 , 
0 , 0 , 0 , 0 , 0 , 0 , 0 , 0 , 0 , 0 , 0 , 0 , 0 , 0 , 0 , 0 , 0 , 0 , 0 , 0 , 0 , 0 , 0 , 0 , 0 , 0 , 0 , 0 , 0 , 0 , 0 , 0 , 0 , 
0 , 0 , 0 , 0 , 0 , 0 , 0 , 0 , 0 , 0 , 0 , 0 , 0 , 0 , 0 , 0 , 0 , 0 , 0 , 0 , 0 , 0 , 0 , 0 , 0 , 0 , 0 , 0 , 0 , 0 , 0 , 0 , 0 , 
0 , 0 , 0 , 0 , 0 , 0 , 0 , 0 , 0 , 0 , 0 , 0 , 0 , 0 , 0 , 0 , 0 , 0 , 0 , 0 , 0 , 0 , 0 , 0 , 0 , 0 , 0 , 0 , 0 , 0 , 0 , 0 , 0 , 
0 , 0 , 0 , 0 , 0 , 0 , 0 , 0 , 0 , 0 , 0 , 0 , 0 , 0 , 0 , 0 , 0 , 0 , 0 , 0 , 0 , 0 , 0 , 0 , 0 , 0 , 0 , 0 , 0 , 0 , 0 , 0 , 0 , 
0 , 0 , 0 , 0 , 0 , 0 , 0 , 0 , 0 , 0 , 0 , 0 , 0 , 0 , 0 , 0 , 0 , 0 , 0 , 0 , 0 , 0 , 0 , 0 , 0 , 0 , 0 , 0 , 0 , 0 , 0 , 0 , 0 , 
0 , 0 , 0 , 0 , 0 , 0 , 0 , 0 , 0 , 0 , 0 , 0 , 0 , 0 , 0 , 0 , 0 , 0 , 0 , 0 , 0 , 0 , 0 , 0 , 0 , 0 , 0 , 0 , 0 , 0 , 0 , 0 , 0 , 
0 , 0 , 0 , 0 , 0 , 0 , 0 , 0 , 0 , 0 , 0 , 0 , 0 , 0 , 0 , 0 , 0 , 0 , 0 , 0 , 0 , 0 , 0 , 0 , 0 , 0 , 0 , 0 , 0 , 0 , 0 , 0 , 0 , 
0 , 0 , 0 , 0 , 0 , 0 , 0 , 0 , 0 , 0 , 0 , 0 , 0 , 0 , 0 , 0 , 0 , 0 , 0 , 0 , 0 , 0 , 0 , 0 , 0 , 0 , 0 , 0 , 0 , 0 , 0 , 0 , 0 , 
0 , 0 , 0 , 0 , 0 , 0 , 0 , 0 , 0 , 0 , 0 , 0 , 0 , 0 , 0 , 0 , 0 , 0 , 0 , 0 , 0 , 0 , 0 , 0 , 0 , 0 , 0 , 0 , 0 , 0 , 0 , 0 , 0 , 
0 , 0 , 0 , 0 , 0 , 0 , 0 , 0 , 0 , 0 , 0 , 0 , 0 , 0 , 0 , 0 , 0 , 0 , 0 , 0 , 0 , 0 , 0 , 0 , 0 , 0 , 0 , 0 , 0 , 0 , 0 , 0 , 0 , 
0 , 0 , 0 , 0 , 0 , 0 , 0 , 0 , 0 , 0 , 0 , 0 , 0 , 0 , 0 , 0 , 0 , 0 , 0 , 0 , 0 , 0 , 0 , 0 , 0 , 0 , 0 , 0 , 0 , 0 , 0 , 0 , 0 , 
0 , 0 , 0 , 0 , 0 , 0 , 0 , 0 , 0 , 0 , 0 , 0 , 0 , 0 , 0 , 0 , 0 , 0 , 0 , 0 , 0 , 0 , 0 , 0 , 0 , 0 , 0 , 0 , 0 , 0 , 0 , 0 , 0 , 
0 , 0 , 0 , 0 , 0 , 0 , 0 , 0 , 0 , 0 , 0 , 0 , 0 , 0 , 0 , 0 , 0 , 0 , 0 , 0 , 0 , 0 , 0 , 0 , 0 , 0 , 0 , 0 , 0 , 0 , 0 , 0 , 0 , 
0 , 0 , 0 , 0 , 0 , 0 , 0 , 0 , 0 , 0 , 0 , 0 , 0 , 0 , 0 , 0 , 0 , 0 , 0 , 0 , 0 , 0 , 0 , 0 , 0 , 0 , 0 , 0 , 0 , 0 , 0 , 0 , 0 , 
0 , 0 , 0 , 0 , 0 , 0 , 0 , 0 , 0 , 0 , 0 , 0 , 0 , 0 , 0 , 0 , 0 , 0 , 0 , 0 , 0 , 0 , 0 , 0 , 0 , 0 , 0 , 0 , 0 , 0 , 0 , 0 , 0 , 
0 , 0 , 0 , 0 , 0 , 0 , 0 , 0 , 0 , 0 , 0 , 0 , 0 , 0 , 0 , 0 , 0 , 0 , 0 , 0 , 0 , 0 , 0 , 0 , 0 , 0 , 0 , 0 , 0 , 0 , 0 , 0 , 0 , 
0 , 0 , 0 , 0 , 0 , 0 , 0 , 0 , 0 , 0 , 0 , 0 , 0 , 0 , 0 , 0 , 0 , 0 , 0 , 0 , 0 , 0 , 0 , 0 , 0 , 0 , 0 , 0 , 0 , 0 , 0 , 0 , 0 , 
0 , 0 , 0 , 0 , 0 , 0 , 0 , 0 , 0 , 0 , 0 , 0 , 0 , 0 , 0 , 0 , 0 , 0 , 0 , 0 , 0 , 0 , 0 , 0 , 0 , 0 , 0 , 0 , 0 , 0 , 0 , 0 , 0 , 
0 , 0 , 0 , 0 , 0 , 0 , 0 , 0 , 0 , 0 , 0 , 0 , 0 , 0 , 0 , 0 , 0 , 0 , 0 , 0 , 0 , 0 , 0 , 0 , 0 , 0 , 0 , 0 , 0 , 0 , 0 , 0 , 0 , 
0 , 0 , 0 , 0 , 0 , 0 , 0 , 0 , 0 , 0 , 0 , 0 , 0 , 0 , 0 , 0 , 0 , 0 , 0 , 0 , 0 , 0 , 0 , 0 , 0 , 0 , 0 , 0 , 0 , 0 , 0 , 0 , 0 , 
0 , 0 , 0 , 0 , 0 , 0 , 0 , 0 , 0 , 0 , 0 , 0 , 0 , 0 , 0 , 0 , 0 , 0 , 0 , 0 , 0 , 0 , 0 , 0 , 0 , 0 , 0 , 0 , 0 , 0 , 0 , 0 , 0 , 
0 , 0 , 0 , 0 , 0 , 0 , 0 , 0 , 0 , 0 , 0 , 0 , 0 , 0 , 0 , 0 , 0 , 0 , 0 , 0 , 0 , 0 , 0 , 0 , 0 , 0 , 0 , 0 , 0 , 0 , 0 , 0 , 0 , 
0 , 0 , 0 , 0 , 0 , 0 , 0 , 0 , 0 , 0 , 0 , 0 , 0 , 0 , 0 , 0 , 0 , 0 , 0 , 0 , 0 , 0 , 0 , 0 , 0 , 0 , 0 , 0 , 0 , 0 , 0 , 0 , 0 , 
0 , 0 , 0 , 0 , 0 , 0 , 0 , 0 , 0 , 0 , 0 , 0 , 0 , 0 , 0 , 0 , 0 , 0 , 0 , 0 , 0 , 0 , 0 , 0 , 0 , 0 , 0 , 0 , 0 , 0 , 0 , 0 , 0 , 
0 , 0 , 0 , 0 , 0 , 0 , 0 , 0 , 0 , 0 , 0 , 0 , 0 , 0 , 0 , 0 , 0 , 0 , 0 , 0 , 0 , 0 , 0 , 0 , 0 , 0 , 0 , 0 , 0 , 0 , 0 , 0 , 0 , 
0 , 0 , 0 , 0 , 0 , 0 , 0 , 0 , 0 , 0 , 0 , 0 , 0 , 0 , 0 , 0 , 0 , 0 , 0 , 0 , 0 , 0 , 0 , 0 , 0 , 0 , 0 , 0 , 0 , 0 , 0 , 0 , 0 , 
0 , 0 , 0 , 0 , 0 , 0 , 0 , 0 , 0 , 0 , 0 , 0 , 0 , 0 , 0 , 0 , 0 , 0 , 0 , 0 , 0 , 0 , 0 , 0 , 0 , 0 , 0 , 0 , 0 , 0 , 0 , 0 , 0 , 

