g ,
1e+100 , 0 , 0 , 0 , 0 , 0 , 0 , 0 , 0 , 0 , 0 , 0 , 0 , 0 , 0 , 0 , 0 , 0 , 0 , 0 , 0 , 0 , 0 , 0 , 0 , 0 , 0 , 0 , 0 , 0 , 0 , 0 , 0 , 
1e+100 , 1.02462 , 0 , 0 , 0 , 0 , 0 , 0 , 0 , 0 , 0 , 0 , 0 , 0 , 0 , 0 , 0 , 0 , 0 , 0 , 0 , 0 , 0 , 0 , 0 , 0 , 0 , 0 , 0 , 0 , 0 , 0 , 0 , 
1e+100 , 1.02462 , 1.02462 , 0 , 0 , 0 , 0 , 0 , 0 , 0 , 0 , 0 , 0 , 0 , 0 , 0 , 0 , 0 , 0 , 0 , 0 , 0 , 0 , 0 , 0 , 0 , 0 , 0 , 0 , 0 , 0 , 0 , 0 , 
1e+100 , 1.02462 , 1.02462 , 1.02462 , 0 , 0 , 0 , 0 , 0 , 0 , 0 , 0 , 0 , 0 , 0 , 0 , 0 , 0 , 0 , 0 , 0 , 0 , 0 , 0 , 0 , 0 , 0 , 0 , 0 , 0 , 0 , 0 , 0 , 
1e+100 , 1.03176 , 1.03176 , 0.905249 , 0.905249 , 0 , 0 , 0 , 0 , 0 , 0 , 0 , 0 , 0 , 0 , 0 , 0 , 0 , 0 , 0 , 0 , 0 , 0 , 0 , 0 , 0 , 0 , 0 , 0 , 0 , 0 , 0 , 0 , 
1e+100 , 1.03889 , 1.03889 , 0.912381 , 0.785873 , 0.785873 , 0 , 0 , 0 , 0 , 0 , 0 , 0 , 0 , 0 , 0 , 0 , 0 , 0 , 0 , 0 , 0 , 0 , 0 , 0 , 0 , 0 , 0 , 0 , 0 , 0 , 0 , 0 , 
1e+100 , 1.04632 , 1.04632 , 0.926757 , 0.807192 , 0.874969 , 0.874969 , 0 , 0 , 0 , 0 , 0 , 0 , 0 , 0 , 0 , 0 , 0 , 0 , 0 , 0 , 0 , 0 , 0 , 0 , 0 , 0 , 0 , 0 , 0 , 0 , 0 , 0 , 
1e+100 , 1.05376 , 1.05376 , 0.941134 , 0.82851 , 0.896287 , 0.964064 , 0.964064 , 0 , 0 , 0 , 0 , 0 , 0 , 0 , 0 , 0 , 0 , 0 , 0 , 0 , 0 , 0 , 0 , 0 , 0 , 0 , 0 , 0 , 0 , 0 , 0 , 0 , 
1e+100 , 1.06156 , 1.06156 , 0.955697 , 0.849834 , 0.906442 , 0.96305 , 0.860499 , 0.860499 , 0 , 0 , 0 , 0 , 0 , 0 , 0 , 0 , 0 , 0 , 0 , 0 , 0 , 0 , 0 , 0 , 0 , 0 , 0 , 0 , 0 , 0 , 0 , 0 , 
1e+100 , 1.06936 , 1.06936 , 0.97026 , 0.871157 , 0.916597 , 0.962036 , 0.859485 , 0.756933 , 0.756933 , 0 , 0 , 0 , 0 , 0 , 0 , 0 , 0 , 0 , 0 , 0 , 0 , 0 , 0 , 0 , 0 , 0 , 0 , 0 , 0 , 0 , 0 , 0 , 
1e+100 , 1.07748 , 1.07748 , 0.984986 , 0.892488 , 0.926761 , 0.961034 , 0.868122 , 0.77521 , 0.800607 , 0.800607 , 0 , 0 , 0 , 0 , 0 , 0 , 0 , 0 , 0 , 0 , 0 , 0 , 0 , 0 , 0 , 0 , 0 , 0 , 0 , 0 , 0 , 0 , 
1e+100 , 1.0856 , 1.0856 , 0.999712 , 0.913818 , 0.936925 , 0.960032 , 0.87676 , 0.793487 , 0.818884 , 0.84428 , 0.84428 , 0 , 0 , 0 , 0 , 0 , 0 , 0 , 0 , 0 , 0 , 0 , 0 , 0 , 0 , 0 , 0 , 0 , 0 , 0 , 0 , 0 , 
1e+100 , 1.09395 , 1.09395 , 1.01454 , 0.93514 , 0.947091 , 0.959041 , 0.885404 , 0.811766 , 0.829616 , 0.847466 , 0.778773 , 0.778773 , 0 , 0 , 0 , 0 , 0 , 0 , 0 , 0 , 0 , 0 , 0 , 0 , 0 , 0 , 0 , 0 , 0 , 0 , 0 , 0 , 
1e+100 , 1.10229 , 1.10229 , 1.02938 , 0.956462 , 0.957256 , 0.958051 , 0.894048 , 0.830045 , 0.840348 , 0.850652 , 0.781959 , 0.713266 , 0.713266 , 0 , 0 , 0 , 0 , 0 , 0 , 0 , 0 , 0 , 0 , 0 , 0 , 0 , 0 , 0 , 0 , 0 , 0 , 0 , 
1e+100 , 1.1108 , 1.1108 , 1.04429 , 0.977774 , 0.967427 , 0.957079 , 0.902707 , 0.848334 , 0.85109 , 0.853846 , 0.792486 , 0.731126 , 0.720686 , 0.720686 , 0 , 0 , 0 , 0 , 0 , 0 , 0 , 0 , 0 , 0 , 0 , 0 , 0 , 0 , 0 , 0 , 0 , 0 , 
1e+100 , 1.11931 , 1.11931 , 1.0592 , 0.999087 , 0.977597 , 0.956108 , 0.911365 , 0.866623 , 0.861831 , 0.857039 , 0.803013 , 0.748986 , 0.738546 , 0.728106 , 0.728106 , 0 , 0 , 0 , 0 , 0 , 0 , 0 , 0 , 0 , 0 , 0 , 0 , 0 , 0 , 0 , 0 , 0 , 
1e+100 , 1.12796 , 1.12796 , 1.07418 , 1.02041 , 0.987788 , 0.95517 , 0.920053 , 0.884937 , 0.872594 , 0.860252 , 0.813553 , 0.766853 , 0.748018 , 0.729184 , 0.720653 , 0.720653 , 0 , 0 , 0 , 0 , 0 , 0 , 0 , 0 , 0 , 0 , 0 , 0 , 0 , 0 , 0 , 0 , 
1e+100 , 1.13661 , 1.13661 , 1.08917 , 1.04173 , 0.997979 , 0.954232 , 0.928741 , 0.903251 , 0.883358 , 0.863465 , 0.824093 , 0.78472 , 0.757491 , 0.730262 , 0.721731 , 0.713201 , 0.713201 , 0 , 0 , 0 , 0 , 0 , 0 , 0 , 0 , 0 , 0 , 0 , 0 , 0 , 0 , 0 , 
1e+100 , 1.1454 , 1.1454 , 1.10424 , 1.06308 , 1.00821 , 0.953345 , 0.937475 , 0.921605 , 0.894158 , 0.866712 , 0.834658 , 0.802605 , 0.766975 , 0.731345 , 0.723239 , 0.715132 , 0.708065 , 0.708065 , 0 , 0 , 0 , 0 , 0 , 0 , 0 , 0 , 0 , 0 , 0 , 0 , 0 , 0 , 
1e+100 , 1.15418 , 1.15418 , 1.11931 , 1.08443 , 1.01844 , 0.952457 , 0.946208 , 0.93996 , 0.904959 , 0.869959 , 0.845224 , 0.82049 , 0.77646 , 0.732429 , 0.724746 , 0.717064 , 0.709997 , 0.70293 , 0.70293 , 0 , 0 , 0 , 0 , 0 , 0 , 0 , 0 , 0 , 0 , 0 , 0 , 0 , 
1e+100 , 1.16309 , 1.16309 , 1.13446 , 1.10583 , 1.02873 , 0.951626 , 0.954994 , 0.958361 , 0.915803 , 0.873245 , 0.855823 , 0.8384 , 0.785962 , 0.733524 , 0.726261 , 0.718997 , 0.703102 , 0.687208 , 0.658399 , 0.658399 , 0 , 0 , 0 , 0 , 0 , 0 , 0 , 0 , 0 , 0 , 0 , 0 , 
1e+100 , 1.172 , 1.172 , 1.14961 , 1.12723 , 1.03901 , 0.950795 , 0.963779 , 0.976762 , 0.926647 , 0.876531 , 0.866421 , 0.85631 , 0.795464 , 0.734618 , 0.727775 , 0.720931 , 0.696208 , 0.671485 , 0.642676 , 0.613867 , 0.613867 , 0 , 0 , 0 , 0 , 0 , 0 , 0 , 0 , 0 , 0 , 0 , 
1e+100 , 1.18102 , 1.18102 , 1.16484 , 1.14867 , 1.04934 , 0.950014 , 0.97261 , 0.995206 , 0.93753 , 0.879854 , 0.877049 , 0.874244 , 0.804985 , 0.735726 , 0.729298 , 0.722869 , 0.689316 , 0.655763 , 0.628209 , 0.600655 , 0.683198 , 0.683198 , 0 , 0 , 0 , 0 , 0 , 0 , 0 , 0 , 0 , 0 , 
1e+100 , 1.19003 , 1.19003 , 1.18007 , 1.17011 , 1.05967 , 0.949233 , 0.981441 , 1.01365 , 0.948413 , 0.883176 , 0.887678 , 0.892179 , 0.814506 , 0.736833 , 0.73082 , 0.724807 , 0.682425 , 0.640042 , 0.613742 , 0.587443 , 0.669986 , 0.752528 , 0.752528 , 0 , 0 , 0 , 0 , 0 , 0 , 0 , 0 , 0 , 
1e+100 , 1.19911 , 1.19911 , 1.19535 , 1.19159 , 1.07004 , 0.948487 , 0.990305 , 1.03212 , 0.959324 , 0.886524 , 0.898328 , 0.910132 , 0.824042 , 0.737952 , 0.732351 , 0.72675 , 0.675535 , 0.624321 , 0.599276 , 0.574231 , 0.651663 , 0.729096 , 0.651035 , 0.651035 , 0 , 0 , 0 , 0 , 0 , 0 , 0 , 0 , 
1e+100 , 1.20818 , 1.20818 , 1.21063 , 1.21307 , 1.0804 , 0.947741 , 0.999169 , 1.0506 , 0.970234 , 0.889872 , 0.908978 , 0.928084 , 0.833577 , 0.73907 , 0.733881 , 0.728693 , 0.668646 , 0.6086 , 0.584809 , 0.561018 , 0.633341 , 0.705664 , 0.627603 , 0.549541 , 0.549541 , 0 , 0 , 0 , 0 , 0 , 0 , 0 , 
1e+100 , 1.2173 , 1.2173 , 1.22593 , 1.23456 , 1.09079 , 0.947014 , 1.00805 , 1.06909 , 0.98116 , 0.893234 , 0.91964 , 0.946047 , 0.84312 , 0.740194 , 0.735416 , 0.730638 , 0.661759 , 0.592879 , 0.570342 , 0.547805 , 0.615019 , 0.682232 , 0.636335 , 0.590437 , 0.603184 , 0.603184 , 0 , 0 , 0 , 0 , 0 , 0 , 
1e+100 , 1.22641 , 1.22641 , 1.24123 , 1.25606 , 1.10117 , 0.946287 , 1.01693 , 1.08758 , 0.992085 , 0.896595 , 0.930302 , 0.964009 , 0.852663 , 0.741317 , 0.73695 , 0.732583 , 0.654871 , 0.577159 , 0.555875 , 0.534591 , 0.596696 , 0.6588 , 0.645067 , 0.631334 , 0.64408 , 0.656827 , 0.656827 , 0 , 0 , 0 , 0 , 0 , 
1e+100 , 1.23553 , 1.23553 , 1.25655 , 1.27756 , 1.11156 , 0.945567 , 1.02582 , 1.10607 , 1.00302 , 0.899962 , 0.940969 , 0.981975 , 0.862209 , 0.742443 , 0.738485 , 0.734528 , 0.647983 , 0.561438 , 0.541407 , 0.521377 , 0.578372 , 0.635367 , 0.653799 , 0.67223 , 0.632259 , 0.592288 , 0.632284 , 0.632284 , 0 , 0 , 0 , 0 , 
1e+100 , 1.24466 , 1.24466 , 1.27186 , 1.29906 , 1.12195 , 0.944846 , 1.03471 , 1.12457 , 1.01395 , 0.903328 , 0.951635 , 0.999941 , 0.871755 , 0.743569 , 0.740021 , 0.736473 , 0.641095 , 0.545717 , 0.52694 , 0.508163 , 0.560048 , 0.611934 , 0.66253 , 0.713126 , 0.620437 , 0.527748 , 0.567745 , 0.607742 , 0.607742 , 0 , 0 , 0 , 
1e+100 , 1.25378 , 1.25378 , 1.28717 , 1.32056 , 1.13235 , 0.944127 , 1.04359 , 1.14306 , 1.02488 , 0.906695 , 0.962301 , 1.01791 , 0.881301 , 0.744695 , 0.741557 , 0.738419 , 0.634207 , 0.529996 , 0.512472 , 0.494948 , 0.541724 , 0.588501 , 0.671262 , 0.754022 , 0.608616 , 0.463209 , 0.48227 , 0.501332 , 0.734918 , 0.734918 , 0 , 0 , 
1e+100 , 1.26291 , 1.26291 , 1.30249 , 1.34207 , 1.14274 , 0.943408 , 1.05248 , 1.16156 , 1.03581 , 0.910063 , 0.972968 , 1.03587 , 0.890847 , 0.74582 , 0.743092 , 0.740364 , 0.627319 , 0.514274 , 0.498004 , 0.481733 , 0.5234 , 0.565068 , 0.679993 , 0.794918 , 0.596794 , 0.39867 , 0.396796 , 0.394922 , 0.628508 , 0.862094 , 0.862094 , 0 , 
1e+100 , 1.26291 , 1.26291 , 1.30249 , 1.34207 , 1.14274 , 0.943408 , 1.05248 , 1.16156 , 1.03581 , 0.910063 , 0.972968 , 1.03587 , 0.890847 , 0.74582 , 0.743092 , 0.740364 , 0.627319 , 0.514274 , 0.498004 , 0.481733 , 0.5234 , 0.565068 , 0.679993 , 0.794918 , 0.596794 , 0.39867 , 0.396796 , 0.394922 , 0.628508 , 0.862094 , 0.862094 , 0.862094 , 

h ,
1e+100 , 0 , 0 , 0 , 0 , 0 , 0 , 0 , 0 , 0 , 0 , 0 , 0 , 0 , 0 , 0 , 0 , 0 , 0 , 0 , 0 , 0 , 0 , 0 , 0 , 0 , 0 , 0 , 0 , 0 , 0 , 0 , 0 , 
1e+100 , 0.120859 , 0 , 0 , 0 , 0 , 0 , 0 , 0 , 0 , 0 , 0 , 0 , 0 , 0 , 0 , 0 , 0 , 0 , 0 , 0 , 0 , 0 , 0 , 0 , 0 , 0 , 0 , 0 , 0 , 0 , 0 , 0 , 
1e+100 , 0.154783 , 0.120859 , 0 , 0 , 0 , 0 , 0 , 0 , 0 , 0 , 0 , 0 , 0 , 0 , 0 , 0 , 0 , 0 , 0 , 0 , 0 , 0 , 0 , 0 , 0 , 0 , 0 , 0 , 0 , 0 , 0 , 0 , 
1e+100 , 0.166254 , 0.154783 , 0.120859 , 0 , 0 , 0 , 0 , 0 , 0 , 0 , 0 , 0 , 0 , 0 , 0 , 0 , 0 , 0 , 0 , 0 , 0 , 0 , 0 , 0 , 0 , 0 , 0 , 0 , 0 , 0 , 0 , 0 , 
1e+100 , 0.166418 , 0.166254 , 0.154783 , 0.120859 , 0 , 0 , 0 , 0 , 0 , 0 , 0 , 0 , 0 , 0 , 0 , 0 , 0 , 0 , 0 , 0 , 0 , 0 , 0 , 0 , 0 , 0 , 0 , 0 , 0 , 0 , 0 , 0 , 
1e+100 , 0.161502 , 0.166418 , 0.166254 , 0.154783 , 0.120859 , 0 , 0 , 0 , 0 , 0 , 0 , 0 , 0 , 0 , 0 , 0 , 0 , 0 , 0 , 0 , 0 , 0 , 0 , 0 , 0 , 0 , 0 , 0 , 0 , 0 , 0 , 0 , 
1e+100 , 0.154851 , 0.161502 , 0.166418 , 0.166254 , 0.154783 , 0.120859 , 0 , 0 , 0 , 0 , 0 , 0 , 0 , 0 , 0 , 0 , 0 , 0 , 0 , 0 , 0 , 0 , 0 , 0 , 0 , 0 , 0 , 0 , 0 , 0 , 0 , 0 , 
1e+100 , 0.148151 , 0.154851 , 0.161502 , 0.166418 , 0.166254 , 0.154783 , 0.120859 , 0 , 0 , 0 , 0 , 0 , 0 , 0 , 0 , 0 , 0 , 0 , 0 , 0 , 0 , 0 , 0 , 0 , 0 , 0 , 0 , 0 , 0 , 0 , 0 , 0 , 
1e+100 , 0.142163 , 0.148151 , 0.154851 , 0.161502 , 0.166418 , 0.166254 , 0.154783 , 0.120859 , 0 , 0 , 0 , 0 , 0 , 0 , 0 , 0 , 0 , 0 , 0 , 0 , 0 , 0 , 0 , 0 , 0 , 0 , 0 , 0 , 0 , 0 , 0 , 0 , 
1e+100 , 0.137149 , 0.142163 , 0.148151 , 0.154851 , 0.161502 , 0.166418 , 0.166254 , 0.154783 , 0.120859 , 0 , 0 , 0 , 0 , 0 , 0 , 0 , 0 , 0 , 0 , 0 , 0 , 0 , 0 , 0 , 0 , 0 , 0 , 0 , 0 , 0 , 0 , 0 , 
1e+100 , 0.133121 , 0.137149 , 0.142163 , 0.148151 , 0.154851 , 0.161502 , 0.166418 , 0.166254 , 0.154783 , 0.120859 , 0 , 0 , 0 , 0 , 0 , 0 , 0 , 0 , 0 , 0 , 0 , 0 , 0 , 0 , 0 , 0 , 0 , 0 , 0 , 0 , 0 , 0 , 
1e+100 , 0.129975 , 0.133121 , 0.137149 , 0.142163 , 0.148151 , 0.154851 , 0.161502 , 0.166418 , 0.166254 , 0.154783 , 0.120859 , 0 , 0 , 0 , 0 , 0 , 0 , 0 , 0 , 0 , 0 , 0 , 0 , 0 , 0 , 0 , 0 , 0 , 0 , 0 , 0 , 0 , 
1e+100 , 0.127568 , 0.129975 , 0.133121 , 0.137149 , 0.142163 , 0.148151 , 0.154851 , 0.161502 , 0.166418 , 0.166254 , 0.154783 , 0.120859 , 0 , 0 , 0 , 0 , 0 , 0 , 0 , 0 , 0 , 0 , 0 , 0 , 0 , 0 , 0 , 0 , 0 , 0 , 0 , 0 , 
1e+100 , 0.125756 , 0.127568 , 0.129975 , 0.133121 , 0.137149 , 0.142163 , 0.148151 , 0.154851 , 0.161502 , 0.166418 , 0.166254 , 0.154783 , 0.120859 , 0 , 0 , 0 , 0 , 0 , 0 , 0 , 0 , 0 , 0 , 0 , 0 , 0 , 0 , 0 , 0 , 0 , 0 , 0 , 
1e+100 , 0.124409 , 0.125756 , 0.127568 , 0.129975 , 0.133121 , 0.137149 , 0.142163 , 0.148151 , 0.154851 , 0.161502 , 0.166418 , 0.166254 , 0.154783 , 0.120859 , 0 , 0 , 0 , 0 , 0 , 0 , 0 , 0 , 0 , 0 , 0 , 0 , 0 , 0 , 0 , 0 , 0 , 0 , 
1e+100 , 0.123417 , 0.124409 , 0.125756 , 0.127568 , 0.129975 , 0.133121 , 0.137149 , 0.142163 , 0.148151 , 0.154851 , 0.161502 , 0.166418 , 0.166254 , 0.154783 , 0.120859 , 0 , 0 , 0 , 0 , 0 , 0 , 0 , 0 , 0 , 0 , 0 , 0 , 0 , 0 , 0 , 0 , 0 , 
1e+100 , 0.122693 , 0.123417 , 0.124409 , 0.125756 , 0.127568 , 0.129975 , 0.133121 , 0.137149 , 0.142163 , 0.148151 , 0.154851 , 0.161502 , 0.166418 , 0.166254 , 0.154783 , 0.120859 , 0 , 0 , 0 , 0 , 0 , 0 , 0 , 0 , 0 , 0 , 0 , 0 , 0 , 0 , 0 , 0 , 
1e+100 , 0.122168 , 0.122693 , 0.123417 , 0.124409 , 0.125756 , 0.127568 , 0.129975 , 0.133121 , 0.137149 , 0.142163 , 0.148151 , 0.154851 , 0.161502 , 0.166418 , 0.166254 , 0.154783 , 0.120859 , 0 , 0 , 0 , 0 , 0 , 0 , 0 , 0 , 0 , 0 , 0 , 0 , 0 , 0 , 0 , 
1e+100 , 0.12179 , 0.122168 , 0.122693 , 0.123417 , 0.124409 , 0.125756 , 0.127568 , 0.129975 , 0.133121 , 0.137149 , 0.142163 , 0.148151 , 0.154851 , 0.161502 , 0.166418 , 0.166254 , 0.154783 , 0.120859 , 0 , 0 , 0 , 0 , 0 , 0 , 0 , 0 , 0 , 0 , 0 , 0 , 0 , 0 , 
1e+100 , 0.121518 , 0.12179 , 0.122168 , 0.122693 , 0.123417 , 0.124409 , 0.125756 , 0.127568 , 0.129975 , 0.133121 , 0.137149 , 0.142163 , 0.148151 , 0.154851 , 0.161502 , 0.166418 , 0.166254 , 0.154783 , 0.120859 , 0 , 0 , 0 , 0 , 0 , 0 , 0 , 0 , 0 , 0 , 0 , 0 , 0 , 
1e+100 , 0.121325 , 0.121518 , 0.12179 , 0.122168 , 0.122693 , 0.123417 , 0.124409 , 0.125756 , 0.127568 , 0.129975 , 0.133121 , 0.137149 , 0.142163 , 0.148151 , 0.154851 , 0.161502 , 0.166418 , 0.166254 , 0.154783 , 0.120859 , 0 , 0 , 0 , 0 , 0 , 0 , 0 , 0 , 0 , 0 , 0 , 0 , 
1e+100 , 0.121187 , 0.121325 , 0.121518 , 0.12179 , 0.122168 , 0.122693 , 0.123417 , 0.124409 , 0.125756 , 0.127568 , 0.129975 , 0.133121 , 0.137149 , 0.142163 , 0.148151 , 0.154851 , 0.161502 , 0.166418 , 0.166254 , 0.154783 , 0.120859 , 0 , 0 , 0 , 0 , 0 , 0 , 0 , 0 , 0 , 0 , 0 , 
1e+100 , 0.12109 , 0.121187 , 0.121325 , 0.121518 , 0.12179 , 0.122168 , 0.122693 , 0.123417 , 0.124409 , 0.125756 , 0.127568 , 0.129975 , 0.133121 , 0.137149 , 0.142163 , 0.148151 , 0.154851 , 0.161502 , 0.166418 , 0.166254 , 0.154783 , 0.120859 , 0 , 0 , 0 , 0 , 0 , 0 , 0 , 0 , 0 , 0 , 
1e+100 , 0.121021 , 0.12109 , 0.121187 , 0.121325 , 0.121518 , 0.12179 , 0.122168 , 0.122693 , 0.123417 , 0.124409 , 0.125756 , 0.127568 , 0.129975 , 0.133121 , 0.137149 , 0.142163 , 0.148151 , 0.154851 , 0.161502 , 0.166418 , 0.166254 , 0.154783 , 0.120859 , 0 , 0 , 0 , 0 , 0 , 0 , 0 , 0 , 0 , 
1e+100 , 0.120972 , 0.121021 , 0.12109 , 0.121187 , 0.121325 , 0.121518 , 0.12179 , 0.122168 , 0.122693 , 0.123417 , 0.124409 , 0.125756 , 0.127568 , 0.129975 , 0.133121 , 0.137149 , 0.142163 , 0.148151 , 0.154851 , 0.161502 , 0.166418 , 0.166254 , 0.154783 , 0.120859 , 0 , 0 , 0 , 0 , 0 , 0 , 0 , 0 , 
1e+100 , 0.120938 , 0.120972 , 0.121021 , 0.12109 , 0.121187 , 0.121325 , 0.121518 , 0.12179 , 0.122168 , 0.122693 , 0.123417 , 0.124409 , 0.125756 , 0.127568 , 0.129975 , 0.133121 , 0.137149 , 0.142163 , 0.148151 , 0.154851 , 0.161502 , 0.166418 , 0.166254 , 0.154783 , 0.120859 , 0 , 0 , 0 , 0 , 0 , 0 , 0 , 
1e+100 , 0.120914 , 0.120938 , 0.120972 , 0.121021 , 0.12109 , 0.121187 , 0.121325 , 0.121518 , 0.12179 , 0.122168 , 0.122693 , 0.123417 , 0.124409 , 0.125756 , 0.127568 , 0.129975 , 0.133121 , 0.137149 , 0.142163 , 0.148151 , 0.154851 , 0.161502 , 0.166418 , 0.166254 , 0.154783 , 0.120859 , 0 , 0 , 0 , 0 , 0 , 0 , 
1e+100 , 0.120898 , 0.120914 , 0.120938 , 0.120972 , 0.121021 , 0.12109 , 0.121187 , 0.121325 , 0.121518 , 0.12179 , 0.122168 , 0.122693 , 0.123417 , 0.124409 , 0.125756 , 0.127568 , 0.129975 , 0.133121 , 0.137149 , 0.142163 , 0.148151 , 0.154851 , 0.161502 , 0.166418 , 0.166254 , 0.154783 , 0.120859 , 0 , 0 , 0 , 0 , 0 , 
1e+100 , 0.120886 , 0.120898 , 0.120914 , 0.120938 , 0.120972 , 0.121021 , 0.12109 , 0.121187 , 0.121325 , 0.121518 , 0.12179 , 0.122168 , 0.122693 , 0.123417 , 0.124409 , 0.125756 , 0.127568 , 0.129975 , 0.133121 , 0.137149 , 0.142163 , 0.148151 , 0.154851 , 0.161502 , 0.166418 , 0.166254 , 0.154783 , 0.120859 , 0 , 0 , 0 , 0 , 
1e+100 , 0.120878 , 0.120886 , 0.120898 , 0.120914 , 0.120938 , 0.120972 , 0.121021 , 0.12109 , 0.121187 , 0.121325 , 0.121518 , 0.12179 , 0.122168 , 0.122693 , 0.123417 , 0.124409 , 0.125756 , 0.127568 , 0.129975 , 0.133121 , 0.137149 , 0.142163 , 0.148151 , 0.154851 , 0.161502 , 0.166418 , 0.166254 , 0.154783 , 0.120859 , 0 , 0 , 0 , 
1e+100 , 0.120872 , 0.120878 , 0.120886 , 0.120898 , 0.120914 , 0.120938 , 0.120972 , 0.121021 , 0.12109 , 0.121187 , 0.121325 , 0.121518 , 0.12179 , 0.122168 , 0.122693 , 0.123417 , 0.124409 , 0.125756 , 0.127568 , 0.129975 , 0.133121 , 0.137149 , 0.142163 , 0.148151 , 0.154851 , 0.161502 , 0.166418 , 0.166254 , 0.154783 , 0.120859 , 0 , 0 , 
1e+100 , 0.120868 , 0.120872 , 0.120878 , 0.120886 , 0.120898 , 0.120914 , 0.120938 , 0.120972 , 0.121021 , 0.12109 , 0.121187 , 0.121325 , 0.121518 , 0.12179 , 0.122168 , 0.122693 , 0.123417 , 0.124409 , 0.125756 , 0.127568 , 0.129975 , 0.133121 , 0.137149 , 0.142163 , 0.148151 , 0.154851 , 0.161502 , 0.166418 , 0.166254 , 0.154783 , 0.120859 , 0 , 
1e+100 , 0.120866 , 0.120868 , 0.120872 , 0.120878 , 0.120886 , 0.120898 , 0.120914 , 0.120938 , 0.120972 , 0.121021 , 0.12109 , 0.121187 , 0.121325 , 0.121518 , 0.12179 , 0.122168 , 0.122693 , 0.123417 , 0.124409 , 0.125756 , 0.127568 , 0.129975 , 0.133121 , 0.137149 , 0.142163 , 0.148151 , 0.154851 , 0.161502 , 0.166418 , 0.166254 , 0.154783 , 0.120859 , 

h*g ,
1e+200 , 0 , 0 , 0 , 0 , 0 , 0 , 0 , 0 , 0 , 0 , 0 , 0 , 0 , 0 , 0 , 0 , 0 , 0 , 0 , 0 , 0 , 0 , 0 , 0 , 0 , 0 , 0 , 0 , 0 , 0 , 0 , 0 , 
1e+200 , 0.123836 , 0 , 0 , 0 , 0 , 0 , 0 , 0 , 0 , 0 , 0 , 0 , 0 , 0 , 0 , 0 , 0 , 0 , 0 , 0 , 0 , 0 , 0 , 0 , 0 , 0 , 0 , 0 , 0 , 0 , 0 , 0 , 
1e+200 , 0.158595 , 0.123836 , 0 , 0 , 0 , 0 , 0 , 0 , 0 , 0 , 0 , 0 , 0 , 0 , 0 , 0 , 0 , 0 , 0 , 0 , 0 , 0 , 0 , 0 , 0 , 0 , 0 , 0 , 0 , 0 , 0 , 0 , 
1e+200 , 0.170348 , 0.158595 , 0.123836 , 0 , 0 , 0 , 0 , 0 , 0 , 0 , 0 , 0 , 0 , 0 , 0 , 0 , 0 , 0 , 0 , 0 , 0 , 0 , 0 , 0 , 0 , 0 , 0 , 0 , 0 , 0 , 0 , 0 , 
1e+200 , 0.171703 , 0.171534 , 0.140117 , 0.109408 , 0 , 0 , 0 , 0 , 0 , 0 , 0 , 0 , 0 , 0 , 0 , 0 , 0 , 0 , 0 , 0 , 0 , 0 , 0 , 0 , 0 , 0 , 0 , 0 , 0 , 0 , 0 , 0 , 
1e+200 , 0.167783 , 0.17289 , 0.151687 , 0.12164 , 0.0949802 , 0 , 0 , 0 , 0 , 0 , 0 , 0 , 0 , 0 , 0 , 0 , 0 , 0 , 0 , 0 , 0 , 0 , 0 , 0 , 0 , 0 , 0 , 0 , 0 , 0 , 0 , 0 , 
1e+200 , 0.162024 , 0.168984 , 0.154229 , 0.134199 , 0.13543 , 0.105748 , 0 , 0 , 0 , 0 , 0 , 0 , 0 , 0 , 0 , 0 , 0 , 0 , 0 , 0 , 0 , 0 , 0 , 0 , 0 , 0 , 0 , 0 , 0 , 0 , 0 , 0 , 
1e+200 , 0.156115 , 0.163175 , 0.151995 , 0.137879 , 0.149012 , 0.149221 , 0.116516 , 0 , 0 , 0 , 0 , 0 , 0 , 0 , 0 , 0 , 0 , 0 , 0 , 0 , 0 , 0 , 0 , 0 , 0 , 0 , 0 , 0 , 0 , 0 , 0 , 0 , 
1e+200 , 0.150914 , 0.157271 , 0.147991 , 0.13725 , 0.150849 , 0.160111 , 0.133191 , 0.103999 , 0 , 0 , 0 , 0 , 0 , 0 , 0 , 0 , 0 , 0 , 0 , 0 , 0 , 0 , 0 , 0 , 0 , 0 , 0 , 0 , 0 , 0 , 0 , 0 , 
1e+200 , 0.146662 , 0.152024 , 0.143745 , 0.134899 , 0.148033 , 0.1601 , 0.142893 , 0.117161 , 0.0914825 , 0 , 0 , 0 , 0 , 0 , 0 , 0 , 0 , 0 , 0 , 0 , 0 , 0 , 0 , 0 , 0 , 0 , 0 , 0 , 0 , 0 , 0 , 0 , 
1e+200 , 0.143436 , 0.147776 , 0.140028 , 0.132223 , 0.14351 , 0.155209 , 0.144471 , 0.128882 , 0.12392 , 0.0967608 , 0 , 0 , 0 , 0 , 0 , 0 , 0 , 0 , 0 , 0 , 0 , 0 , 0 , 0 , 0 , 0 , 0 , 0 , 0 , 0 , 0 , 0 , 
1e+200 , 0.141101 , 0.144517 , 0.13711 , 0.129911 , 0.138806 , 0.148662 , 0.141599 , 0.132051 , 0.136143 , 0.13068 , 0.102039 , 0 , 0 , 0 , 0 , 0 , 0 , 0 , 0 , 0 , 0 , 0 , 0 , 0 , 0 , 0 , 0 , 0 , 0 , 0 , 0 , 0 , 
1e+200 , 0.139553 , 0.142186 , 0.135057 , 0.128254 , 0.134641 , 0.142083 , 0.137106 , 0.131102 , 0.138063 , 0.140895 , 0.120541 , 0.094122 , 0 , 0 , 0 , 0 , 0 , 0 , 0 , 0 , 0 , 0 , 0 , 0 , 0 , 0 , 0 , 0 , 0 , 0 , 0 , 0 , 
1e+200 , 0.13862 , 0.140618 , 0.133793 , 0.127325 , 0.131287 , 0.136199 , 0.132454 , 0.128533 , 0.135718 , 0.141564 , 0.130004 , 0.110401 , 0.0862049 , 0 , 0 , 0 , 0 , 0 , 0 , 0 , 0 , 0 , 0 , 0 , 0 , 0 , 0 , 0 , 0 , 0 , 0 , 0 , 
1e+200 , 0.138194 , 0.13969 , 0.133218 , 0.127086 , 0.128785 , 0.131263 , 0.128331 , 0.125681 , 0.131792 , 0.137898 , 0.131884 , 0.121553 , 0.11155 , 0.0871016 , 0 , 0 , 0 , 0 , 0 , 0 , 0 , 0 , 0 , 0 , 0 , 0 , 0 , 0 , 0 , 0 , 0 , 0 , 
1e+200 , 0.138142 , 0.139252 , 0.133201 , 0.127452 , 0.127063 , 0.127278 , 0.124993 , 0.123201 , 0.127681 , 0.132713 , 0.129689 , 0.124645 , 0.122786 , 0.112698 , 0.0879984 , 0 , 0 , 0 , 0 , 0 , 0 , 0 , 0 , 0 , 0 , 0 , 0 , 0 , 0 , 0 , 0 , 0 , 
1e+200 , 0.138393 , 0.139209 , 0.133638 , 0.128322 , 0.12601 , 0.124148 , 0.122478 , 0.121368 , 0.12405 , 0.127447 , 0.125979 , 0.123849 , 0.124484 , 0.12123 , 0.111545 , 0.0870977 , 0 , 0 , 0 , 0 , 0 , 0 , 0 , 0 , 0 , 0 , 0 , 0 , 0 , 0 , 0 , 0 , 
1e+200 , 0.138857 , 0.139454 , 0.134422 , 0.1296 , 0.125502 , 0.12173 , 0.120713 , 0.120241 , 0.121152 , 0.122752 , 0.12209 , 0.121515 , 0.122337 , 0.121529 , 0.119991 , 0.110391 , 0.086197 , 0 , 0 , 0 , 0 , 0 , 0 , 0 , 0 , 0 , 0 , 0 , 0 , 0 , 0 , 0 , 
1e+200 , 0.139497 , 0.139931 , 0.135482 , 0.131202 , 0.12543 , 0.119889 , 0.119592 , 0.119785 , 0.119031 , 0.118869 , 0.118657 , 0.118907 , 0.118767 , 0.118114 , 0.12036 , 0.118894 , 0.109597 , 0.0855764 , 0 , 0 , 0 , 0 , 0 , 0 , 0 , 0 , 0 , 0 , 0 , 0 , 0 , 0 , 
1e+200 , 0.140254 , 0.140567 , 0.136743 , 0.133052 , 0.125693 , 0.118494 , 0.118991 , 0.119909 , 0.117622 , 0.11581 , 0.115922 , 0.116643 , 0.115033 , 0.113417 , 0.117048 , 0.119333 , 0.11804 , 0.108802 , 0.0849557 , 0 , 0 , 0 , 0 , 0 , 0 , 0 , 0 , 0 , 0 , 0 , 0 , 0 , 
1e+200 , 0.141112 , 0.141337 , 0.138165 , 0.135096 , 0.126217 , 0.117447 , 0.118809 , 0.12052 , 0.116827 , 0.1135 , 0.113928 , 0.114986 , 0.111734 , 0.108672 , 0.112462 , 0.11612 , 0.117009 , 0.114251 , 0.101909 , 0.0795737 , 0 , 0 , 0 , 0 , 0 , 0 , 0 , 0 , 0 , 0 , 0 , 0 , 
1e+200 , 0.142032 , 0.142193 , 0.139699 , 0.137284 , 0.126934 , 0.116656 , 0.118946 , 0.121518 , 0.116531 , 0.111817 , 0.112613 , 0.113993 , 0.109097 , 0.104435 , 0.10782 , 0.111637 , 0.112439 , 0.111747 , 0.106848 , 0.0950163 , 0.0741917 , 0 , 0 , 0 , 0 , 0 , 0 , 0 , 0 , 0 , 0 , 0 , 
1e+200 , 0.143009 , 0.143124 , 0.141324 , 0.139584 , 0.127799 , 0.116061 , 0.119332 , 0.122825 , 0.116637 , 0.110647 , 0.111883 , 0.11363 , 0.10716 , 0.100904 , 0.103679 , 0.107094 , 0.106741 , 0.105907 , 0.104545 , 0.0998615 , 0.105747 , 0.0825709 , 0 , 0 , 0 , 0 , 0 , 0 , 0 , 0 , 0 , 0 , 
1e+200 , 0.144018 , 0.1441 , 0.143009 , 0.141964 , 0.12877 , 0.115607 , 0.119901 , 0.124367 , 0.11705 , 0.109875 , 0.111631 , 0.113814 , 0.105865 , 0.0980878 , 0.100231 , 0.103041 , 0.101102 , 0.099111 , 0.0991209 , 0.0977612 , 0.111388 , 0.116479 , 0.0909501 , 0 , 0 , 0 , 0 , 0 , 0 , 0 , 0 , 0 , 
1e+200 , 0.145059 , 0.145117 , 0.144744 , 0.144405 , 0.129822 , 0.115259 , 0.120609 , 0.126092 , 0.117702 , 0.109412 , 0.11176 , 0.114455 , 0.105121 , 0.095915 , 0.0974911 , 0.0996731 , 0.0960359 , 0.0924936 , 0.0927984 , 0.0927396 , 0.108449 , 0.121215 , 0.100769 , 0.0786837 , 0 , 0 , 0 , 0 , 0 , 0 , 0 , 0 , 
1e+200 , 0.146116 , 0.146157 , 0.146511 , 0.14689 , 0.130931 , 0.114985 , 0.121417 , 0.127952 , 0.118531 , 0.109181 , 0.112183 , 0.115462 , 0.104827 , 0.0942817 , 0.095386 , 0.0970041 , 0.0917042 , 0.0865202 , 0.0866399 , 0.0868741 , 0.102286 , 0.117435 , 0.104342 , 0.0850597 , 0.0664172 , 0 , 0 , 0 , 0 , 0 , 0 , 0 , 
1e+200 , 0.147189 , 0.147218 , 0.148304 , 0.149408 , 0.132083 , 0.114766 , 0.122301 , 0.129914 , 0.119495 , 0.109124 , 0.112833 , 0.116758 , 0.104891 , 0.0930838 , 0.0938156 , 0.0949644 , 0.0880938 , 0.0813129 , 0.0810814 , 0.0811577 , 0.0952362 , 0.110182 , 0.105898 , 0.0981628 , 0.0933627 , 0.0729005 , 0 , 0 , 0 , 0 , 0 , 0 , 
1e+200 , 0.14827 , 0.14829 , 0.150113 , 0.151948 , 0.133265 , 0.114586 , 0.123239 , 0.13195 , 0.120557 , 0.109196 , 0.113653 , 0.118277 , 0.105233 , 0.0922263 , 0.0926759 , 0.0934542 , 0.0851166 , 0.0768318 , 0.0762378 , 0.0759989 , 0.0884009 , 0.102016 , 0.10418 , 0.105065 , 0.107081 , 0.101666 , 0.0793837 , 0 , 0 , 0 , 0 , 0 , 
1e+200 , 0.149359 , 0.149373 , 0.151934 , 0.154506 , 0.134468 , 0.114433 , 0.124216 , 0.134042 , 0.121691 , 0.109362 , 0.1146 , 0.119966 , 0.105787 , 0.0916299 , 0.091874 , 0.0923714 , 0.0826619 , 0.0729727 , 0.0720726 , 0.0715064 , 0.0822229 , 0.0941301 , 0.101241 , 0.108567 , 0.105219 , 0.0984704 , 0.097867 , 0.0764175 , 0 , 0 , 0 , 0 , 
1e+200 , 0.150451 , 0.150462 , 0.153765 , 0.157075 , 0.135687 , 0.1143 , 0.125221 , 0.136173 , 0.122877 , 0.109596 , 0.115641 , 0.121782 , 0.1065 , 0.0912305 , 0.091331 , 0.0916237 , 0.0806216 , 0.069616 , 0.0684888 , 0.067647 , 0.0768101 , 0.0869942 , 0.0981543 , 0.110428 , 0.100202 , 0.0878269 , 0.0943901 , 0.0940682 , 0.0734514 , 0 , 0 , 0 , 
1e+200 , 0.151548 , 0.151555 , 0.155601 , 0.159653 , 0.136917 , 0.114181 , 0.126246 , 0.138334 , 0.124102 , 0.10988 , 0.116751 , 0.123694 , 0.107333 , 0.0909777 , 0.0909836 , 0.0911333 , 0.0789009 , 0.0666502 , 0.0653751 , 0.0643307 , 0.0721148 , 0.0807123 , 0.0954283 , 0.111709 , 0.0942446 , 0.0748093 , 0.0802586 , 0.0833486 , 0.113753 , 0.0888218 , 0 , 0 , 
1e+200 , 0.152646 , 0.152651 , 0.157442 , 0.162237 , 0.138154 , 0.114072 , 0.127285 , 0.140516 , 0.125355 , 0.110199 , 0.117911 , 0.125677 , 0.108254 , 0.0908331 , 0.090782 , 0.0908373 , 0.0774217 , 0.0639802 , 0.062627 , 0.0614538 , 0.0680288 , 0.0752222 , 0.0932604 , 0.113008 , 0.0884155 , 0.0617343 , 0.0640835 , 0.0657222 , 0.104492 , 0.133438 , 0.104192 , 0 , 
1e+200 , 0.152642 , 0.152646 , 0.157435 , 0.162226 , 0.138141 , 0.114056 , 0.12726 , 0.140477 , 0.125304 , 0.110137 , 0.117816 , 0.125535 , 0.108082 , 0.0906309 , 0.0905009 , 0.0904487 , 0.0769675 , 0.0634701 , 0.061956 , 0.0605809 , 0.0667692 , 0.0734445 , 0.0905212 , 0.109022 , 0.0848418 , 0.0590632 , 0.0614442 , 0.0637808 , 0.104595 , 0.143327 , 0.133438 , 0.104192 , 

shifts ,
0 , 0 , 0 , 0 , 0 , 0 , 0 , 0 , 0 , 0 , 0 , 0 , 0 , 0 , 0 , 0 , 0 , 0 , 0 , 0 , 0 , 0 , 0 , 0 , 0 , 0 , 0 , 0 , 0 , 0 , 0 , 0 , 0 , 
0 , 0 , 0 , 0 , 0 , 0 , 0 , 0 , 0 , 0 , 0 , 0 , 0 , 0 , 0 , 0 , 0 , 0 , 0 , 0 , 0 , 0 , 0 , 0 , 0 , 0 , 0 , 0 , 0 , 0 , 0 , 0 , 0 , 
0 , 0 , 0 , 0 , 0 , 0 , 0 , 0 , 0 , 0 , 0 , 0 , 0 , 0 , 0 , 0 , 0 , 0 , 0 , 0 , 0 , 0 , 0 , 0 , 0 , 0 , 0 , 0 , 0 , 0 , 0 , 0 , 0 , 
0 , 0 , 0 , 0 , 0 , 0 , 0 , 0 , 0 , 0 , 0 , 0 , 0 , 0 , 0 , 0 , 0 , 0 , 0 , 0 , 0 , 0 , 0 , 0 , 0 , 0 , 0 , 0 , 0 , 0 , 0 , 0 , 0 , 
0 , 0 , 0 , 0 , 0 , 0 , 0 , 0 , 0 , 0 , 0 , 0 , 0 , 0 , 0 , 0 , 0 , 0 , 0 , 0 , 0 , 0 , 0 , 0 , 0 , 0 , 0 , 0 , 0 , 0 , 0 , 0 , 0 , 
0 , 0 , 0 , 0 , 0 , 0 , 0 , 0 , 0 , 0 , 0 , 0 , 0 , 0 , 0 , 0 , 0 , 0 , 0 , 0 , 0 , 0 , 0 , 0 , 0 , 0 , 0 , 0 , 0 , 0 , 0 , 0 , 0 , 
0 , 0 , 0 , 0 , 0 , 0 , 0 , 0 , 0 , 0 , 0 , 0 , 0 , 0 , 0 , 0 , 0 , 0 , 0 , 0 , 0 , 0 , 0 , 0 , 0 , 0 , 0 , 0 , 0 , 0 , 0 , 0 , 0 , 
0 , 0 , 0 , 0 , 0 , 0 , 0 , 0 , 0 , 0 , 0 , 0 , 0 , 0 , 0 , 0 , 0 , 0 , 0 , 0 , 0 , 0 , 0 , 0 , 0 , 0 , 0 , 0 , 0 , 0 , 0 , 0 , 0 , 
0 , 0 , 0 , 0 , 0 , 0 , 0 , 0 , 0 , 0 , 0 , 0 , 0 , 0 , 0 , 0 , 0 , 0 , 0 , 0 , 0 , 0 , 0 , 0 , 0 , 0 , 0 , 0 , 0 , 0 , 0 , 0 , 0 , 
0 , 0 , 0 , 0 , 0 , 0 , 0 , 0 , 0 , 0 , 0 , 0 , 0 , 0 , 0 , 0 , 0 , 0 , 0 , 0 , 0 , 0 , 0 , 0 , 0 , 0 , 0 , 0 , 0 , 0 , 0 , 0 , 0 , 
0 , 0 , 0 , 0 , 0 , 0 , 0 , 0 , 0 , 0 , 0 , 0 , 0 , 0 , 0 , 0 , 0 , 0 , 0 , 0 , 0 , 0 , 0 , 0 , 0 , 0 , 0 , 0 , 0 , 0 , 0 , 0 , 0 , 
0 , 0 , 0 , 0 , 0 , 0 , 0 , 0 , 0 , 0 , 0 , 0 , 0 , 0 , 0 , 0 , 0 , 0 , 0 , 0 , 0 , 0 , 0 , 0 , 0 , 0 , 0 , 0 , 0 , 0 , 0 , 0 , 0 , 
0 , 0 , 0 , 0 , 0 , 0 , 0 , 0 , 0 , 0 , 0 , 0 , 0 , 0 , 0 , 0 , 0 , 0 , 0 , 0 , 0 , 0 , 0 , 0 , 0 , 0 , 0 , 0 , 0 , 0 , 0 , 0 , 0 , 
0 , 0 , 0 , 0 , 0 , 0 , 0 , 0 , 0 , 0 , 0 , 0 , 0 , 0 , 0 , 0 , 0 , 0 , 0 , 0 , 0 , 0 , 0 , 0 , 0 , 0 , 0 , 0 , 0 , 0 , 0 , 0 , 0 , 
0 , 0 , 0 , 0 , 0 , 0 , 0 , 0 , 0 , 0 , 0 , 0 , 0 , 0 , 0 , 0 , 0 , 0 , 0 , 0 , 0 , 0 , 0 , 0 , 0 , 0 , 0 , 0 , 0 , 0 , 0 , 0 , 0 , 
0 , 0 , 0 , 0 , 0 , 0 , 0 , 0 , 0 , 0 , 0 , 0 , 0 , 0 , 0 , 0 , 0 , 0 , 0 , 0 , 0 , 0 , 0 , 0 , 0 , 0 , 0 , 0 , 0 , 0 , 0 , 0 , 0 , 
0 , 0 , 0 , 0 , 0 , 0 , 0 , 0 , 0 , 0 , 0 , 0 , 0 , 0 , 0 , 0 , 0 , 0 , 0 , 0 , 0 , 0 , 0 , 0 , 0 , 0 , 0 , 0 , 0 , 0 , 0 , 0 , 0 , 
0 , 0 , 0 , 0 , 0 , 0 , 0 , 0 , 0 , 0 , 0 , 0 , 0 , 0 , 0 , 0 , 0 , 0 , 0 , 0 , 0 , 0 , 0 , 0 , 0 , 0 , 0 , 0 , 0 , 0 , 0 , 0 , 0 , 
0 , 0 , 0 , 0 , 0 , 0 , 0 , 0 , 0 , 0 , 0 , 0 , 0 , 0 , 0 , 0 , 0 , 0 , 0 , 0 , 0 , 0 , 0 , 0 , 0 , 0 , 0 , 0 , 0 , 0 , 0 , 0 , 0 , 
0 , 0 , 0 , 0 , 0 , 0 , 0 , 0 , 0 , 0 , 0 , 0 , 0 , 0 , 0 , 0 , 0 , 0 , 0 , 0 , 0 , 0 , 0 , 0 , 0 , 0 , 0 , 0 , 0 , 0 , 0 , 0 , 0 , 
0 , 0 , 0 , 0 , 0 , 0 , 0 , 0 , 0 , 0 , 0 , 0 , 0 , 0 , 0 , 0 , 0 , 0 , 0 , 0 , 0 , 0 , 0 , 0 , 0 , 0 , 0 , 0 , 0 , 0 , 0 , 0 , 0 , 
0 , 0 , 0 , 0 , 0 , 0 , 0 , 0 , 0 , 0 , 0 , 0 , 0 , 0 , 0 , 0 , 0 , 0 , 0 , 0 , 0 , 0 , 0 , 0 , 0 , 0 , 0 , 0 , 0 , 0 , 0 , 0 , 0 , 
0 , 0 , 0 , 0 , 0 , 0 , 0 , 0 , 0 , 0 , 0 , 0 , 0 , 0 , 0 , 0 , 0 , 0 , 0 , 0 , 0 , 0 , 0 , 0 , 0 , 0 , 0 , 0 , 0 , 0 , 0 , 0 , 0 , 
0 , 0 , 0 , 0 , 0 , 0 , 0 , 0 , 0 , 0 , 0 , 0 , 0 , 0 , 0 , 0 , 0 , 0 , 0 , 0 , 0 , 0 , 0 , 0 , 0 , 0 , 0 , 0 , 0 , 0 , 0 , 0 , 0 , 
0 , 0 , 0 , 0 , 0 , 0 , 0 , 0 , 0 , 0 , 0 , 0 , 0 , 0 , 0 , 0 , 0 , 0 , 0 , 0 , 0 , 0 , 0 , 0 , 0 , 0 , 0 , 0 , 0 , 0 , 0 , 0 , 0 , 
0 , 0 , 0 , 0 , 0 , 0 , 0 , 0 , 0 , 0 , 0 , 0 , 0 , 0 , 0 , 0 , 0 , 0 , 0 , 0 , 0 , 0 , 0 , 0 , 0 , 0 , 0 , 0 , 0 , 0 , 0 , 0 , 0 , 
0 , 0 , 0 , 0 , 0 , 0 , 0 , 0 , 0 , 0 , 0 , 0 , 0 , 0 , 0 , 0 , 0 , 0 , 0 , 0 , 0 , 0 , 0 , 0 , 0 , 0 , 0 , 0 , 0 , 0 , 0 , 0 , 0 , 
0 , 0 , 0 , 0 , 0 , 0 , 0 , 0 , 0 , 0 , 0 , 0 , 0 , 0 , 0 , 0 , 0 , 0 , 0 , 0 , 0 , 0 , 0 , 0 , 0 , 0 , 0 , 0 , 0 , 0 , 0 , 0 , 0 , 
0 , 0 , 0 , 0 , 0 , 0 , 0 , 0 , 0 , 0 , 0 , 0 , 0 , 0 , 0 , 0 , 0 , 0 , 0 , 0 , 0 , 0 , 0 , 0 , 0 , 0 , 0 , 0 , 0 , 0 , 0 , 0 , 0 , 
0 , 0 , 0 , 0 , 0 , 0 , 0 , 0 , 0 , 0 , 0 , 0 , 0 , 0 , 0 , 0 , 0 , 0 , 0 , 0 , 0 , 0 , 0 , 0 , 0 , 0 , 0 , 0 , 0 , 0 , 0 , 0 , 0 , 
0 , 0 , 0 , 0 , 0 , 0 , 0 , 0 , 0 , 0 , 0 , 0 , 0 , 0 , 0 , 0 , 0 , 0 , 0 , 0 , 0 , 0 , 0 , 0 , 0 , 0 , 0 , 0 , 0 , 0 , 0 , 0 , 0 , 
0 , 0 , 0 , 0 , 0 , 0 , 0 , 0 , 0 , 0 , 0 , 0 , 0 , 0 , 0 , 0 , 0 , 0 , 0 , 0 , 0 , 0 , 0 , 0 , 0 , 0 , 0 , 0 , 0 , 0 , 0 , 0 , 0 , 
0 , 0 , 0 , 0 , 0 , 0 , 0 , 0 , 0 , 0 , 0 , 0 , 0 , 0 , 0 , 0 , 0 , 0 , 0 , 0 , 0 , 0 , 0 , 0 , 0 , 0 , 0 , 0 , 0 , 0 , 0 , 0 , 0 , 

