g ,
1e+100 , 0 , 0 , 0 , 0 , 0 , 0 , 0 , 0 , 0 , 0 , 0 , 0 , 0 , 0 , 0 , 0 , 0 , 0 , 0 , 0 , 0 , 0 , 0 , 0 , 0 , 0 , 0 , 0 , 0 , 0 , 0 , 0 , 
1e+100 , 1.08048 , 0 , 0 , 0 , 0 , 0 , 0 , 0 , 0 , 0 , 0 , 0 , 0 , 0 , 0 , 0 , 0 , 0 , 0 , 0 , 0 , 0 , 0 , 0 , 0 , 0 , 0 , 0 , 0 , 0 , 0 , 0 , 
1e+100 , 1.08048 , 1.08048 , 0 , 0 , 0 , 0 , 0 , 0 , 0 , 0 , 0 , 0 , 0 , 0 , 0 , 0 , 0 , 0 , 0 , 0 , 0 , 0 , 0 , 0 , 0 , 0 , 0 , 0 , 0 , 0 , 0 , 0 , 
1e+100 , 1.08048 , 1.08048 , 1.08048 , 0 , 0 , 0 , 0 , 0 , 0 , 0 , 0 , 0 , 0 , 0 , 0 , 0 , 0 , 0 , 0 , 0 , 0 , 0 , 0 , 0 , 0 , 0 , 0 , 0 , 0 , 0 , 0 , 0 , 
1e+100 , 0.990694 , 0.990694 , 1.0426 , 1.0426 , 0 , 0 , 0 , 0 , 0 , 0 , 0 , 0 , 0 , 0 , 0 , 0 , 0 , 0 , 0 , 0 , 0 , 0 , 0 , 0 , 0 , 0 , 0 , 0 , 0 , 0 , 0 , 0 , 
1e+100 , 0.900903 , 0.900903 , 0.952809 , 1.00472 , 1.00472 , 0 , 0 , 0 , 0 , 0 , 0 , 0 , 0 , 0 , 0 , 0 , 0 , 0 , 0 , 0 , 0 , 0 , 0 , 0 , 0 , 0 , 0 , 0 , 0 , 0 , 0 , 0 , 
1e+100 , 0.973133 , 0.973133 , 0.930066 , 0.886999 , 1.02555 , 1.02555 , 0 , 0 , 0 , 0 , 0 , 0 , 0 , 0 , 0 , 0 , 0 , 0 , 0 , 0 , 0 , 0 , 0 , 0 , 0 , 0 , 0 , 0 , 0 , 0 , 0 , 0 , 
1e+100 , 1.04536 , 1.04536 , 0.907323 , 0.769282 , 0.907832 , 1.04638 , 1.04638 , 0 , 0 , 0 , 0 , 0 , 0 , 0 , 0 , 0 , 0 , 0 , 0 , 0 , 0 , 0 , 0 , 0 , 0 , 0 , 0 , 0 , 0 , 0 , 0 , 0 , 
1e+100 , 1.08074 , 1.08074 , 0.9113 , 0.741861 , 0.86443 , 0.986998 , 0.969526 , 0.969526 , 0 , 0 , 0 , 0 , 0 , 0 , 0 , 0 , 0 , 0 , 0 , 0 , 0 , 0 , 0 , 0 , 0 , 0 , 0 , 0 , 0 , 0 , 0 , 0 , 
1e+100 , 1.11611 , 1.11611 , 0.915278 , 0.714441 , 0.821027 , 0.927613 , 0.910141 , 0.892668 , 0.892668 , 0 , 0 , 0 , 0 , 0 , 0 , 0 , 0 , 0 , 0 , 0 , 0 , 0 , 0 , 0 , 0 , 0 , 0 , 0 , 0 , 0 , 0 , 0 , 
1e+100 , 1.13523 , 1.13523 , 0.976437 , 0.817649 , 0.867685 , 0.917722 , 0.866213 , 0.814705 , 0.88866 , 0.88866 , 0 , 0 , 0 , 0 , 0 , 0 , 0 , 0 , 0 , 0 , 0 , 0 , 0 , 0 , 0 , 0 , 0 , 0 , 0 , 0 , 0 , 0 , 
1e+100 , 1.15434 , 1.15434 , 1.0376 , 0.920857 , 0.914343 , 0.90783 , 0.822286 , 0.736741 , 0.810697 , 0.884652 , 0.884652 , 0 , 0 , 0 , 0 , 0 , 0 , 0 , 0 , 0 , 0 , 0 , 0 , 0 , 0 , 0 , 0 , 0 , 0 , 0 , 0 , 0 , 
1e+100 , 1.12365 , 1.12365 , 1.08398 , 1.0443 , 0.953321 , 0.862338 , 0.819722 , 0.777107 , 0.804317 , 0.831528 , 0.836934 , 0.836934 , 0 , 0 , 0 , 0 , 0 , 0 , 0 , 0 , 0 , 0 , 0 , 0 , 0 , 0 , 0 , 0 , 0 , 0 , 0 , 0 , 
1e+100 , 1.09297 , 1.09297 , 1.13036 , 1.16775 , 0.992298 , 0.816846 , 0.817159 , 0.817472 , 0.797938 , 0.778403 , 0.78381 , 0.789216 , 0.789216 , 0 , 0 , 0 , 0 , 0 , 0 , 0 , 0 , 0 , 0 , 0 , 0 , 0 , 0 , 0 , 0 , 0 , 0 , 0 , 
1e+100 , 1.10411 , 1.10411 , 1.11022 , 1.11633 , 1.002 , 0.887667 , 0.872724 , 0.857781 , 0.811025 , 0.76427 , 0.778296 , 0.792323 , 0.779818 , 0.779818 , 0 , 0 , 0 , 0 , 0 , 0 , 0 , 0 , 0 , 0 , 0 , 0 , 0 , 0 , 0 , 0 , 0 , 0 , 
1e+100 , 1.11524 , 1.11524 , 1.09007 , 1.06491 , 1.0117 , 0.958488 , 0.928289 , 0.89809 , 0.824113 , 0.750136 , 0.772783 , 0.79543 , 0.782925 , 0.770421 , 0.770421 , 0 , 0 , 0 , 0 , 0 , 0 , 0 , 0 , 0 , 0 , 0 , 0 , 0 , 0 , 0 , 0 , 0 , 
1e+100 , 1.12397 , 1.12397 , 1.08058 , 1.0372 , 0.994422 , 0.951647 , 0.941915 , 0.932183 , 0.848643 , 0.765104 , 0.773333 , 0.781563 , 0.769721 , 0.75788 , 0.782816 , 0.782816 , 0 , 0 , 0 , 0 , 0 , 0 , 0 , 0 , 0 , 0 , 0 , 0 , 0 , 0 , 0 , 0 , 
1e+100 , 1.1327 , 1.1327 , 1.07109 , 1.00949 , 0.977146 , 0.944806 , 0.955541 , 0.966277 , 0.873174 , 0.780071 , 0.773883 , 0.767696 , 0.756518 , 0.74534 , 0.770275 , 0.795211 , 0.795211 , 0 , 0 , 0 , 0 , 0 , 0 , 0 , 0 , 0 , 0 , 0 , 0 , 0 , 0 , 0 , 
1e+100 , 1.12748 , 1.12748 , 1.06028 , 0.993091 , 0.957082 , 0.921074 , 0.937806 , 0.954538 , 0.896633 , 0.838727 , 0.818342 , 0.797957 , 0.784738 , 0.771518 , 0.786336 , 0.801154 , 0.736327 , 0.736327 , 0 , 0 , 0 , 0 , 0 , 0 , 0 , 0 , 0 , 0 , 0 , 0 , 0 , 0 , 
1e+100 , 1.12226 , 1.12226 , 1.04948 , 0.976695 , 0.937019 , 0.897343 , 0.920071 , 0.9428 , 0.920092 , 0.897383 , 0.862801 , 0.828219 , 0.812958 , 0.797697 , 0.802397 , 0.807098 , 0.742271 , 0.677444 , 0.677444 , 0 , 0 , 0 , 0 , 0 , 0 , 0 , 0 , 0 , 0 , 0 , 0 , 0 , 
1e+100 , 1.13153 , 1.13153 , 1.05485 , 0.978174 , 0.995865 , 1.01356 , 0.950113 , 0.886669 , 0.924542 , 0.962415 , 0.865749 , 0.769083 , 0.758749 , 0.748414 , 0.791532 , 0.834649 , 0.760061 , 0.685473 , 0.640006 , 0.640006 , 0 , 0 , 0 , 0 , 0 , 0 , 0 , 0 , 0 , 0 , 0 , 0 , 
1e+100 , 1.1408 , 1.1408 , 1.06023 , 0.979654 , 1.05471 , 1.12977 , 0.980154 , 0.830538 , 0.928992 , 1.02745 , 0.868697 , 0.709947 , 0.704539 , 0.699132 , 0.780666 , 0.8622 , 0.777852 , 0.693503 , 0.648035 , 0.602568 , 0.602568 , 0 , 0 , 0 , 0 , 0 , 0 , 0 , 0 , 0 , 0 , 0 , 
1e+100 , 1.20889 , 1.20889 , 1.11517 , 1.02146 , 1.05796 , 1.09446 , 1.01277 , 0.931083 , 0.950557 , 0.970032 , 0.871554 , 0.773077 , 0.703371 , 0.633666 , 0.676911 , 0.720155 , 0.740531 , 0.760906 , 0.667618 , 0.57433 , 0.676483 , 0.676483 , 0 , 0 , 0 , 0 , 0 , 0 , 0 , 0 , 0 , 0 , 
1e+100 , 1.27698 , 1.27698 , 1.17012 , 1.06327 , 1.06121 , 1.05915 , 1.04539 , 1.03163 , 0.972122 , 0.912616 , 0.874411 , 0.836206 , 0.702203 , 0.5682 , 0.573155 , 0.57811 , 0.70321 , 0.828309 , 0.6872 , 0.546091 , 0.648245 , 0.750399 , 0.750399 , 0 , 0 , 0 , 0 , 0 , 0 , 0 , 0 , 0 , 
1e+100 , 1.25323 , 1.25323 , 1.18001 , 1.10678 , 1.08195 , 1.05711 , 1.02553 , 0.993951 , 0.995738 , 0.997525 , 0.947436 , 0.897347 , 0.779909 , 0.662471 , 0.588217 , 0.513964 , 0.623164 , 0.732365 , 0.697556 , 0.662748 , 0.620834 , 0.578921 , 0.677837 , 0.677837 , 0 , 0 , 0 , 0 , 0 , 0 , 0 , 0 , 
1e+100 , 1.22948 , 1.22948 , 1.18989 , 1.1503 , 1.10269 , 1.05508 , 1.00568 , 0.956274 , 1.01935 , 1.08243 , 1.02046 , 0.958487 , 0.857615 , 0.756742 , 0.603279 , 0.449817 , 0.543119 , 0.636421 , 0.707912 , 0.779404 , 0.593423 , 0.407442 , 0.506358 , 0.605275 , 0.605275 , 0 , 0 , 0 , 0 , 0 , 0 , 0 , 
1e+100 , 1.26222 , 1.26222 , 1.21417 , 1.16611 , 1.13265 , 1.09919 , 1.02362 , 0.948054 , 1.00972 , 1.07138 , 1.02721 , 0.983041 , 0.902812 , 0.822584 , 0.666103 , 0.509621 , 0.467174 , 0.424727 , 0.570085 , 0.715442 , 0.668435 , 0.621428 , 0.540052 , 0.458677 , 0.604672 , 0.604672 , 0 , 0 , 0 , 0 , 0 , 0 , 
1e+100 , 1.29496 , 1.29496 , 1.23845 , 1.18193 , 1.16261 , 1.1433 , 1.04157 , 0.939834 , 1.00008 , 1.06033 , 1.03396 , 1.00759 , 0.94801 , 0.888427 , 0.728926 , 0.569426 , 0.39123 , 0.213034 , 0.432257 , 0.65148 , 0.743447 , 0.835413 , 0.573746 , 0.312079 , 0.458075 , 0.60407 , 0.60407 , 0 , 0 , 0 , 0 , 0 , 
1e+100 , 1.29257 , 1.29257 , 1.25228 , 1.212 , 1.19705 , 1.1821 , 1.09458 , 1.00706 , 1.01723 , 1.0274 , 0.996029 , 0.964653 , 0.911393 , 0.858132 , 0.757443 , 0.656754 , 0.457802 , 0.258851 , 0.292344 , 0.325837 , 0.577727 , 0.829617 , 0.705463 , 0.58131 , 0.495006 , 0.408702 , 0.5851 , 0.5851 , 0 , 0 , 0 , 0 , 
1e+100 , 1.29017 , 1.29017 , 1.26612 , 1.24207 , 1.23148 , 1.22089 , 1.14759 , 1.07428 , 1.03438 , 0.994484 , 0.958098 , 0.921713 , 0.874775 , 0.827837 , 0.785959 , 0.744082 , 0.524375 , 0.304668 , 0.15243 , 0.000192761 , 0.412006 , 0.82382 , 0.83718 , 0.85054 , 0.531937 , 0.213335 , 0.389732 , 0.566129 , 0.566129 , 0 , 0 , 0 , 
1e+100 , 1.20601 , 1.20601 , 1.21543 , 1.22486 , 1.22507 , 1.22527 , 1.16853 , 1.1118 , 1.07135 , 1.0309 , 0.983588 , 0.936279 , 0.888753 , 0.841227 , 0.794274 , 0.747322 , 0.622122 , 0.496922 , 0.300692 , 0.104462 , 0.263795 , 0.423129 , 0.669697 , 0.916264 , 0.730447 , 0.544629 , 0.443096 , 0.341563 , 0.576699 , 0.576699 , 0 , 0 , 
1e+100 , 1.12184 , 1.12184 , 1.16474 , 1.20765 , 1.21865 , 1.22965 , 1.18948 , 1.14931 , 1.10831 , 1.06731 , 1.00908 , 0.950845 , 0.902731 , 0.854616 , 0.802589 , 0.750562 , 0.719869 , 0.689177 , 0.448954 , 0.208731 , 0.115585 , 0.0224388 , 0.502214 , 0.981989 , 0.928956 , 0.875924 , 0.49646 , 0.116997 , 0.352133 , 0.587269 , 0.587269 , 0 , 
1e+100 , 1.12184 , 1.12184 , 1.16474 , 1.20765 , 1.21865 , 1.22965 , 1.18948 , 1.14931 , 1.10831 , 1.06731 , 1.00908 , 0.950845 , 0.902731 , 0.854616 , 0.802589 , 0.750562 , 0.719869 , 0.689177 , 0.448954 , 0.208731 , 0.115585 , 0.0224388 , 0.502214 , 0.981989 , 0.928956 , 0.875924 , 0.49646 , 0.116997 , 0.352133 , 0.587269 , 0.587269 , 0.587269 , 

h ,
1e+100 , 0 , 0 , 0 , 0 , 0 , 0 , 0 , 0 , 0 , 0 , 0 , 0 , 0 , 0 , 0 , 0 , 0 , 0 , 0 , 0 , 0 , 0 , 0 , 0 , 0 , 0 , 0 , 0 , 0 , 0 , 0 , 0 , 
1e+100 , 0.120859 , 0 , 0 , 0 , 0 , 0 , 0 , 0 , 0 , 0 , 0 , 0 , 0 , 0 , 0 , 0 , 0 , 0 , 0 , 0 , 0 , 0 , 0 , 0 , 0 , 0 , 0 , 0 , 0 , 0 , 0 , 0 , 
1e+100 , 0.154783 , 0.120859 , 0 , 0 , 0 , 0 , 0 , 0 , 0 , 0 , 0 , 0 , 0 , 0 , 0 , 0 , 0 , 0 , 0 , 0 , 0 , 0 , 0 , 0 , 0 , 0 , 0 , 0 , 0 , 0 , 0 , 0 , 
1e+100 , 0.166254 , 0.154783 , 0.120859 , 0 , 0 , 0 , 0 , 0 , 0 , 0 , 0 , 0 , 0 , 0 , 0 , 0 , 0 , 0 , 0 , 0 , 0 , 0 , 0 , 0 , 0 , 0 , 0 , 0 , 0 , 0 , 0 , 0 , 
1e+100 , 0.166418 , 0.166254 , 0.154783 , 0.120859 , 0 , 0 , 0 , 0 , 0 , 0 , 0 , 0 , 0 , 0 , 0 , 0 , 0 , 0 , 0 , 0 , 0 , 0 , 0 , 0 , 0 , 0 , 0 , 0 , 0 , 0 , 0 , 0 , 
1e+100 , 0.161502 , 0.166418 , 0.166254 , 0.154783 , 0.120859 , 0 , 0 , 0 , 0 , 0 , 0 , 0 , 0 , 0 , 0 , 0 , 0 , 0 , 0 , 0 , 0 , 0 , 0 , 0 , 0 , 0 , 0 , 0 , 0 , 0 , 0 , 0 , 
1e+100 , 0.154851 , 0.161502 , 0.166418 , 0.166254 , 0.154783 , 0.120859 , 0 , 0 , 0 , 0 , 0 , 0 , 0 , 0 , 0 , 0 , 0 , 0 , 0 , 0 , 0 , 0 , 0 , 0 , 0 , 0 , 0 , 0 , 0 , 0 , 0 , 0 , 
1e+100 , 0.148151 , 0.154851 , 0.161502 , 0.166418 , 0.166254 , 0.154783 , 0.120859 , 0 , 0 , 0 , 0 , 0 , 0 , 0 , 0 , 0 , 0 , 0 , 0 , 0 , 0 , 0 , 0 , 0 , 0 , 0 , 0 , 0 , 0 , 0 , 0 , 0 , 
1e+100 , 0.142163 , 0.148151 , 0.154851 , 0.161502 , 0.166418 , 0.166254 , 0.154783 , 0.120859 , 0 , 0 , 0 , 0 , 0 , 0 , 0 , 0 , 0 , 0 , 0 , 0 , 0 , 0 , 0 , 0 , 0 , 0 , 0 , 0 , 0 , 0 , 0 , 0 , 
1e+100 , 0.137149 , 0.142163 , 0.148151 , 0.154851 , 0.161502 , 0.166418 , 0.166254 , 0.154783 , 0.120859 , 0 , 0 , 0 , 0 , 0 , 0 , 0 , 0 , 0 , 0 , 0 , 0 , 0 , 0 , 0 , 0 , 0 , 0 , 0 , 0 , 0 , 0 , 0 , 
1e+100 , 0.133121 , 0.137149 , 0.142163 , 0.148151 , 0.154851 , 0.161502 , 0.166418 , 0.166254 , 0.154783 , 0.120859 , 0 , 0 , 0 , 0 , 0 , 0 , 0 , 0 , 0 , 0 , 0 , 0 , 0 , 0 , 0 , 0 , 0 , 0 , 0 , 0 , 0 , 0 , 
1e+100 , 0.129975 , 0.133121 , 0.137149 , 0.142163 , 0.148151 , 0.154851 , 0.161502 , 0.166418 , 0.166254 , 0.154783 , 0.120859 , 0 , 0 , 0 , 0 , 0 , 0 , 0 , 0 , 0 , 0 , 0 , 0 , 0 , 0 , 0 , 0 , 0 , 0 , 0 , 0 , 0 , 
1e+100 , 0.127568 , 0.129975 , 0.133121 , 0.137149 , 0.142163 , 0.148151 , 0.154851 , 0.161502 , 0.166418 , 0.166254 , 0.154783 , 0.120859 , 0 , 0 , 0 , 0 , 0 , 0 , 0 , 0 , 0 , 0 , 0 , 0 , 0 , 0 , 0 , 0 , 0 , 0 , 0 , 0 , 
1e+100 , 0.125756 , 0.127568 , 0.129975 , 0.133121 , 0.137149 , 0.142163 , 0.148151 , 0.154851 , 0.161502 , 0.166418 , 0.166254 , 0.154783 , 0.120859 , 0 , 0 , 0 , 0 , 0 , 0 , 0 , 0 , 0 , 0 , 0 , 0 , 0 , 0 , 0 , 0 , 0 , 0 , 0 , 
1e+100 , 0.124409 , 0.125756 , 0.127568 , 0.129975 , 0.133121 , 0.137149 , 0.142163 , 0.148151 , 0.154851 , 0.161502 , 0.166418 , 0.166254 , 0.154783 , 0.120859 , 0 , 0 , 0 , 0 , 0 , 0 , 0 , 0 , 0 , 0 , 0 , 0 , 0 , 0 , 0 , 0 , 0 , 0 , 
1e+100 , 0.123417 , 0.124409 , 0.125756 , 0.127568 , 0.129975 , 0.133121 , 0.137149 , 0.142163 , 0.148151 , 0.154851 , 0.161502 , 0.166418 , 0.166254 , 0.154783 , 0.120859 , 0 , 0 , 0 , 0 , 0 , 0 , 0 , 0 , 0 , 0 , 0 , 0 , 0 , 0 , 0 , 0 , 0 , 
1e+100 , 0.122693 , 0.123417 , 0.124409 , 0.125756 , 0.127568 , 0.129975 , 0.133121 , 0.137149 , 0.142163 , 0.148151 , 0.154851 , 0.161502 , 0.166418 , 0.166254 , 0.154783 , 0.120859 , 0 , 0 , 0 , 0 , 0 , 0 , 0 , 0 , 0 , 0 , 0 , 0 , 0 , 0 , 0 , 0 , 
1e+100 , 0.122168 , 0.122693 , 0.123417 , 0.124409 , 0.125756 , 0.127568 , 0.129975 , 0.133121 , 0.137149 , 0.142163 , 0.148151 , 0.154851 , 0.161502 , 0.166418 , 0.166254 , 0.154783 , 0.120859 , 0 , 0 , 0 , 0 , 0 , 0 , 0 , 0 , 0 , 0 , 0 , 0 , 0 , 0 , 0 , 
1e+100 , 0.12179 , 0.122168 , 0.122693 , 0.123417 , 0.124409 , 0.125756 , 0.127568 , 0.129975 , 0.133121 , 0.137149 , 0.142163 , 0.148151 , 0.154851 , 0.161502 , 0.166418 , 0.166254 , 0.154783 , 0.120859 , 0 , 0 , 0 , 0 , 0 , 0 , 0 , 0 , 0 , 0 , 0 , 0 , 0 , 0 , 
1e+100 , 0.121518 , 0.12179 , 0.122168 , 0.122693 , 0.123417 , 0.124409 , 0.125756 , 0.127568 , 0.129975 , 0.133121 , 0.137149 , 0.142163 , 0.148151 , 0.154851 , 0.161502 , 0.166418 , 0.166254 , 0.154783 , 0.120859 , 0 , 0 , 0 , 0 , 0 , 0 , 0 , 0 , 0 , 0 , 0 , 0 , 0 , 
1e+100 , 0.121325 , 0.121518 , 0.12179 , 0.122168 , 0.122693 , 0.123417 , 0.124409 , 0.125756 , 0.127568 , 0.129975 , 0.133121 , 0.137149 , 0.142163 , 0.148151 , 0.154851 , 0.161502 , 0.166418 , 0.166254 , 0.154783 , 0.120859 , 0 , 0 , 0 , 0 , 0 , 0 , 0 , 0 , 0 , 0 , 0 , 0 , 
1e+100 , 0.121187 , 0.121325 , 0.121518 , 0.12179 , 0.122168 , 0.122693 , 0.123417 , 0.124409 , 0.125756 , 0.127568 , 0.129975 , 0.133121 , 0.137149 , 0.142163 , 0.148151 , 0.154851 , 0.161502 , 0.166418 , 0.166254 , 0.154783 , 0.120859 , 0 , 0 , 0 , 0 , 0 , 0 , 0 , 0 , 0 , 0 , 0 , 
1e+100 , 0.12109 , 0.121187 , 0.121325 , 0.121518 , 0.12179 , 0.122168 , 0.122693 , 0.123417 , 0.124409 , 0.125756 , 0.127568 , 0.129975 , 0.133121 , 0.137149 , 0.142163 , 0.148151 , 0.154851 , 0.161502 , 0.166418 , 0.166254 , 0.154783 , 0.120859 , 0 , 0 , 0 , 0 , 0 , 0 , 0 , 0 , 0 , 0 , 
1e+100 , 0.121021 , 0.12109 , 0.121187 , 0.121325 , 0.121518 , 0.12179 , 0.122168 , 0.122693 , 0.123417 , 0.124409 , 0.125756 , 0.127568 , 0.129975 , 0.133121 , 0.137149 , 0.142163 , 0.148151 , 0.154851 , 0.161502 , 0.166418 , 0.166254 , 0.154783 , 0.120859 , 0 , 0 , 0 , 0 , 0 , 0 , 0 , 0 , 0 , 
1e+100 , 0.120972 , 0.121021 , 0.12109 , 0.121187 , 0.121325 , 0.121518 , 0.12179 , 0.122168 , 0.122693 , 0.123417 , 0.124409 , 0.125756 , 0.127568 , 0.129975 , 0.133121 , 0.137149 , 0.142163 , 0.148151 , 0.154851 , 0.161502 , 0.166418 , 0.166254 , 0.154783 , 0.120859 , 0 , 0 , 0 , 0 , 0 , 0 , 0 , 0 , 
1e+100 , 0.120938 , 0.120972 , 0.121021 , 0.12109 , 0.121187 , 0.121325 , 0.121518 , 0.12179 , 0.122168 , 0.122693 , 0.123417 , 0.124409 , 0.125756 , 0.127568 , 0.129975 , 0.133121 , 0.137149 , 0.142163 , 0.148151 , 0.154851 , 0.161502 , 0.166418 , 0.166254 , 0.154783 , 0.120859 , 0 , 0 , 0 , 0 , 0 , 0 , 0 , 
1e+100 , 0.120914 , 0.120938 , 0.120972 , 0.121021 , 0.12109 , 0.121187 , 0.121325 , 0.121518 , 0.12179 , 0.122168 , 0.122693 , 0.123417 , 0.124409 , 0.125756 , 0.127568 , 0.129975 , 0.133121 , 0.137149 , 0.142163 , 0.148151 , 0.154851 , 0.161502 , 0.166418 , 0.166254 , 0.154783 , 0.120859 , 0 , 0 , 0 , 0 , 0 , 0 , 
1e+100 , 0.120898 , 0.120914 , 0.120938 , 0.120972 , 0.121021 , 0.12109 , 0.121187 , 0.121325 , 0.121518 , 0.12179 , 0.122168 , 0.122693 , 0.123417 , 0.124409 , 0.125756 , 0.127568 , 0.129975 , 0.133121 , 0.137149 , 0.142163 , 0.148151 , 0.154851 , 0.161502 , 0.166418 , 0.166254 , 0.154783 , 0.120859 , 0 , 0 , 0 , 0 , 0 , 
1e+100 , 0.120886 , 0.120898 , 0.120914 , 0.120938 , 0.120972 , 0.121021 , 0.12109 , 0.121187 , 0.121325 , 0.121518 , 0.12179 , 0.122168 , 0.122693 , 0.123417 , 0.124409 , 0.125756 , 0.127568 , 0.129975 , 0.133121 , 0.137149 , 0.142163 , 0.148151 , 0.154851 , 0.161502 , 0.166418 , 0.166254 , 0.154783 , 0.120859 , 0 , 0 , 0 , 0 , 
1e+100 , 0.120878 , 0.120886 , 0.120898 , 0.120914 , 0.120938 , 0.120972 , 0.121021 , 0.12109 , 0.121187 , 0.121325 , 0.121518 , 0.12179 , 0.122168 , 0.122693 , 0.123417 , 0.124409 , 0.125756 , 0.127568 , 0.129975 , 0.133121 , 0.137149 , 0.142163 , 0.148151 , 0.154851 , 0.161502 , 0.166418 , 0.166254 , 0.154783 , 0.120859 , 0 , 0 , 0 , 
1e+100 , 0.120872 , 0.120878 , 0.120886 , 0.120898 , 0.120914 , 0.120938 , 0.120972 , 0.121021 , 0.12109 , 0.121187 , 0.121325 , 0.121518 , 0.12179 , 0.122168 , 0.122693 , 0.123417 , 0.124409 , 0.125756 , 0.127568 , 0.129975 , 0.133121 , 0.137149 , 0.142163 , 0.148151 , 0.154851 , 0.161502 , 0.166418 , 0.166254 , 0.154783 , 0.120859 , 0 , 0 , 
1e+100 , 0.120868 , 0.120872 , 0.120878 , 0.120886 , 0.120898 , 0.120914 , 0.120938 , 0.120972 , 0.121021 , 0.12109 , 0.121187 , 0.121325 , 0.121518 , 0.12179 , 0.122168 , 0.122693 , 0.123417 , 0.124409 , 0.125756 , 0.127568 , 0.129975 , 0.133121 , 0.137149 , 0.142163 , 0.148151 , 0.154851 , 0.161502 , 0.166418 , 0.166254 , 0.154783 , 0.120859 , 0 , 
1e+100 , 0.120866 , 0.120868 , 0.120872 , 0.120878 , 0.120886 , 0.120898 , 0.120914 , 0.120938 , 0.120972 , 0.121021 , 0.12109 , 0.121187 , 0.121325 , 0.121518 , 0.12179 , 0.122168 , 0.122693 , 0.123417 , 0.124409 , 0.125756 , 0.127568 , 0.129975 , 0.133121 , 0.137149 , 0.142163 , 0.148151 , 0.154851 , 0.161502 , 0.166418 , 0.166254 , 0.154783 , 0.120859 , 

h*g ,
1e+200 , 0 , 0 , 0 , 0 , 0 , 0 , 0 , 0 , 0 , 0 , 0 , 0 , 0 , 0 , 0 , 0 , 0 , 0 , 0 , 0 , 0 , 0 , 0 , 0 , 0 , 0 , 0 , 0 , 0 , 0 , 0 , 0 , 
1e+200 , 0.130587 , 0 , 0 , 0 , 0 , 0 , 0 , 0 , 0 , 0 , 0 , 0 , 0 , 0 , 0 , 0 , 0 , 0 , 0 , 0 , 0 , 0 , 0 , 0 , 0 , 0 , 0 , 0 , 0 , 0 , 0 , 0 , 
1e+200 , 0.167241 , 0.130587 , 0 , 0 , 0 , 0 , 0 , 0 , 0 , 0 , 0 , 0 , 0 , 0 , 0 , 0 , 0 , 0 , 0 , 0 , 0 , 0 , 0 , 0 , 0 , 0 , 0 , 0 , 0 , 0 , 0 , 0 , 
1e+200 , 0.179635 , 0.167241 , 0.130587 , 0 , 0 , 0 , 0 , 0 , 0 , 0 , 0 , 0 , 0 , 0 , 0 , 0 , 0 , 0 , 0 , 0 , 0 , 0 , 0 , 0 , 0 , 0 , 0 , 0 , 0 , 0 , 0 , 0 , 
1e+200 , 0.16487 , 0.164707 , 0.161377 , 0.126008 , 0 , 0 , 0 , 0 , 0 , 0 , 0 , 0 , 0 , 0 , 0 , 0 , 0 , 0 , 0 , 0 , 0 , 0 , 0 , 0 , 0 , 0 , 0 , 0 , 0 , 0 , 0 , 0 , 
1e+200 , 0.145498 , 0.149927 , 0.158409 , 0.155513 , 0.121429 , 0 , 0 , 0 , 0 , 0 , 0 , 0 , 0 , 0 , 0 , 0 , 0 , 0 , 0 , 0 , 0 , 0 , 0 , 0 , 0 , 0 , 0 , 0 , 0 , 0 , 0 , 0 , 
1e+200 , 0.150691 , 0.157163 , 0.15478 , 0.147467 , 0.158738 , 0.123947 , 0 , 0 , 0 , 0 , 0 , 0 , 0 , 0 , 0 , 0 , 0 , 0 , 0 , 0 , 0 , 0 , 0 , 0 , 0 , 0 , 0 , 0 , 0 , 0 , 0 , 0 , 
1e+200 , 0.154871 , 0.161876 , 0.146535 , 0.128023 , 0.150931 , 0.161962 , 0.126465 , 0 , 0 , 0 , 0 , 0 , 0 , 0 , 0 , 0 , 0 , 0 , 0 , 0 , 0 , 0 , 0 , 0 , 0 , 0 , 0 , 0 , 0 , 0 , 0 , 0 , 
1e+200 , 0.153641 , 0.160112 , 0.141116 , 0.119812 , 0.143857 , 0.164093 , 0.150066 , 0.117176 , 0 , 0 , 0 , 0 , 0 , 0 , 0 , 0 , 0 , 0 , 0 , 0 , 0 , 0 , 0 , 0 , 0 , 0 , 0 , 0 , 0 , 0 , 0 , 0 , 
1e+200 , 0.153074 , 0.15867 , 0.135599 , 0.110632 , 0.132598 , 0.154372 , 0.151315 , 0.13817 , 0.107887 , 0 , 0 , 0 , 0 , 0 , 0 , 0 , 0 , 0 , 0 , 0 , 0 , 0 , 0 , 0 , 0 , 0 , 0 , 0 , 0 , 0 , 0 , 0 , 
1e+200 , 0.151122 , 0.155695 , 0.138813 , 0.121135 , 0.134362 , 0.148214 , 0.144154 , 0.135448 , 0.13755 , 0.107403 , 0 , 0 , 0 , 0 , 0 , 0 , 0 , 0 , 0 , 0 , 0 , 0 , 0 , 0 , 0 , 0 , 0 , 0 , 0 , 0 , 0 , 0 , 
1e+200 , 0.150035 , 0.153666 , 0.142305 , 0.130911 , 0.135461 , 0.140578 , 0.132801 , 0.122607 , 0.134782 , 0.136929 , 0.106918 , 0 , 0 , 0 , 0 , 0 , 0 , 0 , 0 , 0 , 0 , 0 , 0 , 0 , 0 , 0 , 0 , 0 , 0 , 0 , 0 , 0 , 
1e+200 , 0.143342 , 0.146047 , 0.1443 , 0.143225 , 0.135527 , 0.127756 , 0.126935 , 0.125505 , 0.133853 , 0.138245 , 0.129543 , 0.101151 , 0 , 0 , 0 , 0 , 0 , 0 , 0 , 0 , 0 , 0 , 0 , 0 , 0 , 0 , 0 , 0 , 0 , 0 , 0 , 0 , 
1e+200 , 0.137448 , 0.139428 , 0.146918 , 0.155452 , 0.136093 , 0.116125 , 0.121063 , 0.126586 , 0.128869 , 0.129541 , 0.130312 , 0.122157 , 0.0953842 , 0 , 0 , 0 , 0 , 0 , 0 , 0 , 0 , 0 , 0 , 0 , 0 , 0 , 0 , 0 , 0 , 0 , 0 , 0 , 
1e+200 , 0.13736 , 0.138848 , 0.141628 , 0.145094 , 0.133387 , 0.121743 , 0.124069 , 0.127081 , 0.125588 , 0.123431 , 0.129523 , 0.131727 , 0.120703 , 0.0942484 , 0 , 0 , 0 , 0 , 0 , 0 , 0 , 0 , 0 , 0 , 0 , 0 , 0 , 0 , 0 , 0 , 0 , 0 , 
1e+200 , 0.13764 , 0.138746 , 0.137084 , 0.135848 , 0.131495 , 0.127595 , 0.127314 , 0.127675 , 0.122093 , 0.116159 , 0.124806 , 0.132374 , 0.130165 , 0.119248 , 0.0931126 , 0 , 0 , 0 , 0 , 0 , 0 , 0 , 0 , 0 , 0 , 0 , 0 , 0 , 0 , 0 , 0 , 0 , 
1e+200 , 0.137903 , 0.138717 , 0.134434 , 0.130434 , 0.126856 , 0.12369 , 0.125388 , 0.127848 , 0.120645 , 0.113351 , 0.119751 , 0.126224 , 0.128096 , 0.126001 , 0.121167 , 0.0946106 , 0 , 0 , 0 , 0 , 0 , 0 , 0 , 0 , 0 , 0 , 0 , 0 , 0 , 0 , 0 , 0 , 
1e+200 , 0.138379 , 0.138974 , 0.132191 , 0.125589 , 0.122882 , 0.120527 , 0.124196 , 0.128632 , 0.119755 , 0.110897 , 0.114651 , 0.118878 , 0.122179 , 0.124038 , 0.128062 , 0.123085 , 0.0961087 , 0 , 0 , 0 , 0 , 0 , 0 , 0 , 0 , 0 , 0 , 0 , 0 , 0 , 0 , 0 , 
1e+200 , 0.137315 , 0.137741 , 0.130089 , 0.122564 , 0.119069 , 0.115831 , 0.119634 , 0.124066 , 0.11936 , 0.115031 , 0.116338 , 0.118218 , 0.121517 , 0.124602 , 0.130861 , 0.133195 , 0.113971 , 0.0889921 , 0 , 0 , 0 , 0 , 0 , 0 , 0 , 0 , 0 , 0 , 0 , 0 , 0 , 0 , 
1e+200 , 0.136375 , 0.136679 , 0.128212 , 0.119833 , 0.115644 , 0.111637 , 0.115705 , 0.120271 , 0.119589 , 0.11946 , 0.118332 , 0.117742 , 0.12044 , 0.123524 , 0.129589 , 0.134316 , 0.123406 , 0.104857 , 0.0818755 , 0 , 0 , 0 , 0 , 0 , 0 , 0 , 0 , 0 , 0 , 0 , 0 , 0 , 
1e+200 , 0.137282 , 0.137501 , 0.12847 , 0.119501 , 0.122185 , 0.12509 , 0.118202 , 0.111504 , 0.117942 , 0.12509 , 0.115249 , 0.105479 , 0.107866 , 0.110878 , 0.122569 , 0.134798 , 0.126488 , 0.113963 , 0.0990621 , 0.0773507 , 0 , 0 , 0 , 0 , 0 , 0 , 0 , 0 , 0 , 0 , 0 , 0 , 
1e+200 , 0.13825 , 0.138407 , 0.128837 , 0.119312 , 0.128852 , 0.138615 , 0.120967 , 0.103326 , 0.116826 , 0.131069 , 0.112909 , 0.0945087 , 0.0966269 , 0.0993904 , 0.115656 , 0.133512 , 0.125625 , 0.115412 , 0.107739 , 0.0932673 , 0.072826 , 0 , 0 , 0 , 0 , 0 , 0 , 0 , 0 , 0 , 0 , 0 , 
1e+200 , 0.146384 , 0.146502 , 0.135298 , 0.124126 , 0.128848 , 0.133707 , 0.12426 , 0.114911 , 0.118258 , 0.121987 , 0.111183 , 0.10048 , 0.0936333 , 0.0869067 , 0.0962314 , 0.106692 , 0.114672 , 0.122888 , 0.111104 , 0.0954848 , 0.104708 , 0.0817594 , 0 , 0 , 0 , 0 , 0 , 0 , 0 , 0 , 0 , 0 , 
1e+200 , 0.154541 , 0.154629 , 0.141804 , 0.129001 , 0.128956 , 0.128993 , 0.127713 , 0.126573 , 0.119976 , 0.113537 , 0.109962 , 0.106673 , 0.0912686 , 0.0756393 , 0.0786077 , 0.0821857 , 0.104181 , 0.128264 , 0.110984 , 0.0908796 , 0.107774 , 0.116149 , 0.0906928 , 0 , 0 , 0 , 0 , 0 , 0 , 0 , 0 , 0 , 
1e+200 , 0.151606 , 0.151667 , 0.142887 , 0.134128 , 0.131267 , 0.128459 , 0.124899 , 0.121429 , 0.12217 , 0.123111 , 0.117869 , 0.112847 , 0.0994915 , 0.0861045 , 0.078304 , 0.0704897 , 0.0885907 , 0.1085 , 0.108017 , 0.107035 , 0.103318 , 0.0962481 , 0.104918 , 0.081923 , 0 , 0 , 0 , 0 , 0 , 0 , 0 , 0 , 
1e+200 , 0.148691 , 0.148733 , 0.144002 , 0.139289 , 0.133632 , 0.128008 , 0.122208 , 0.116464 , 0.124532 , 0.132807 , 0.125942 , 0.119244 , 0.10785 , 0.0965361 , 0.0784111 , 0.05988 , 0.0744882 , 0.0904752 , 0.104878 , 0.120691 , 0.0958393 , 0.0678058 , 0.0841843 , 0.0936863 , 0.0731532 , 0 , 0 , 0 , 0 , 0 , 0 , 0 , 
1e+200 , 0.152621 , 0.152651 , 0.146881 , 0.141124 , 0.137153 , 0.133208 , 0.124191 , 0.115206 , 0.122973 , 0.130888 , 0.126031 , 0.121324 , 0.112318 , 0.103445 , 0.0849735 , 0.0662379 , 0.0621906 , 0.058251 , 0.0810448 , 0.105993 , 0.103508 , 0.100362 , 0.0898746 , 0.0762571 , 0.0935931 , 0.0730803 , 0 , 0 , 0 , 0 , 0 , 0 , 
1e+200 , 0.156558 , 0.15658 , 0.149775 , 0.142981 , 0.140701 , 0.138442 , 0.126225 , 0.114025 , 0.121528 , 0.129137 , 0.126317 , 0.123624 , 0.117 , 0.110528 , 0.0916669 , 0.0726406 , 0.05085 , 0.0283593 , 0.0592837 , 0.0926162 , 0.110142 , 0.129364 , 0.0926614 , 0.0519357 , 0.0761569 , 0.0934998 , 0.0730075 , 0 , 0 , 0 , 0 , 0 , 
1e+200 , 0.156253 , 0.156268 , 0.151419 , 0.146577 , 0.14481 , 0.143058 , 0.132542 , 0.122042 , 0.123415 , 0.124849 , 0.121306 , 0.11785 , 0.111821 , 0.105908 , 0.0942324 , 0.0825908 , 0.058401 , 0.0336441 , 0.038917 , 0.0446882 , 0.0821311 , 0.122908 , 0.109242 , 0.0938829 , 0.082378 , 0.0679486 , 0.0905635 , 0.0707148 , 0 , 0 , 0 , 0 , 
1e+200 , 0.155953 , 0.155964 , 0.153071 , 0.150185 , 0.148934 , 0.147694 , 0.138882 , 0.130084 , 0.125354 , 0.120656 , 0.116427 , 0.112255 , 0.106869 , 0.10157 , 0.0970006 , 0.0925702 , 0.0659433 , 0.0388659 , 0.0198121 , 2.56605e-005 , 0.0565063 , 0.117116 , 0.124029 , 0.131707 , 0.0859092 , 0.0355029 , 0.0647947 , 0.0876273 , 0.0684221 , 0 , 0 , 0 , 
1e+200 , 0.145773 , 0.145779 , 0.146929 , 0.148083 , 0.148128 , 0.148182 , 0.14136 , 0.13455 , 0.129729 , 0.124931 , 0.119334 , 0.113775 , 0.108241 , 0.102771 , 0.0974516 , 0.092232 , 0.0773973 , 0.062491 , 0.0383587 , 0.0135774 , 0.0351167 , 0.0580318 , 0.0952059 , 0.135745 , 0.11311 , 0.087959 , 0.0737393 , 0.0567864 , 0.0892633 , 0.0696996 , 0 , 0 , 
1e+200 , 0.135595 , 0.135599 , 0.140792 , 0.145988 , 0.147332 , 0.148682 , 0.143854 , 0.139035 , 0.134129 , 0.12924 , 0.122287 , 0.115361 , 0.109698 , 0.104083 , 0.0980505 , 0.0920884 , 0.0888439 , 0.0857395 , 0.0564586 , 0.0266274 , 0.0150231 , 0.00298707 , 0.0688782 , 0.139602 , 0.137626 , 0.135638 , 0.0801796 , 0.0194705 , 0.0585437 , 0.0908994 , 0.070977 , 0 , 
1e+200 , 0.135592 , 0.135595 , 0.140785 , 0.145978 , 0.147317 , 0.148661 , 0.143825 , 0.138996 , 0.134075 , 0.129167 , 0.122189 , 0.11523 , 0.109524 , 0.103852 , 0.0977469 , 0.0916945 , 0.0883227 , 0.085056 , 0.0558537 , 0.0262492 , 0.0147449 , 0.00291647 , 0.0668551 , 0.134679 , 0.132063 , 0.129769 , 0.0768773 , 0.0188954 , 0.0586014 , 0.0976361 , 0.0908994 , 0.070977 , 

shifts ,
0 , 0 , 0 , 0 , 0 , 0 , 0 , 0 , 0 , 0 , 0 , 0 , 0 , 0 , 0 , 0 , 0 , 0 , 0 , 0 , 0 , 0 , 0 , 0 , 0 , 0 , 0 , 0 , 0 , 0 , 0 , 0 , 0 , 
0 , 0 , 0 , 0 , 0 , 0 , 0 , 0 , 0 , 0 , 0 , 0 , 0 , 0 , 0 , 0 , 0 , 0 , 0 , 0 , 0 , 0 , 0 , 0 , 0 , 0 , 0 , 0 , 0 , 0 , 0 , 0 , 0 , 
0 , 0 , 0 , 0 , 0 , 0 , 0 , 0 , 0 , 0 , 0 , 0 , 0 , 0 , 0 , 0 , 0 , 0 , 0 , 0 , 0 , 0 , 0 , 0 , 0 , 0 , 0 , 0 , 0 , 0 , 0 , 0 , 0 , 
0 , 0 , 0 , 0 , 0 , 0 , 0 , 0 , 0 , 0 , 0 , 0 , 0 , 0 , 0 , 0 , 0 , 0 , 0 , 0 , 0 , 0 , 0 , 0 , 0 , 0 , 0 , 0 , 0 , 0 , 0 , 0 , 0 , 
0 , 0 , 0 , 0 , 0 , 0 , 0 , 0 , 0 , 0 , 0 , 0 , 0 , 0 , 0 , 0 , 0 , 0 , 0 , 0 , 0 , 0 , 0 , 0 , 0 , 0 , 0 , 0 , 0 , 0 , 0 , 0 , 0 , 
0 , 0 , 0 , 0 , 0 , 0 , 0 , 0 , 0 , 0 , 0 , 0 , 0 , 0 , 0 , 0 , 0 , 0 , 0 , 0 , 0 , 0 , 0 , 0 , 0 , 0 , 0 , 0 , 0 , 0 , 0 , 0 , 0 , 
0 , 0 , 0 , 0 , 0 , 0 , 0 , 0 , 0 , 0 , 0 , 0 , 0 , 0 , 0 , 0 , 0 , 0 , 0 , 0 , 0 , 0 , 0 , 0 , 0 , 0 , 0 , 0 , 0 , 0 , 0 , 0 , 0 , 
0 , 0 , 0 , 0 , 0 , 0 , 0 , 0 , 0 , 0 , 0 , 0 , 0 , 0 , 0 , 0 , 0 , 0 , 0 , 0 , 0 , 0 , 0 , 0 , 0 , 0 , 0 , 0 , 0 , 0 , 0 , 0 , 0 , 
0 , 0 , 0 , 0 , 0 , 0 , 0 , 0 , 0 , 0 , 0 , 0 , 0 , 0 , 0 , 0 , 0 , 0 , 0 , 0 , 0 , 0 , 0 , 0 , 0 , 0 , 0 , 0 , 0 , 0 , 0 , 0 , 0 , 
0 , 0 , 0 , 0 , 0 , 0 , 0 , 0 , 0 , 0 , 0 , 0 , 0 , 0 , 0 , 0 , 0 , 0 , 0 , 0 , 0 , 0 , 0 , 0 , 0 , 0 , 0 , 0 , 0 , 0 , 0 , 0 , 0 , 
0 , 0 , 0 , 0 , 0 , 0 , 0 , 0 , 0 , 0 , 0 , 0 , 0 , 0 , 0 , 0 , 0 , 0 , 0 , 0 , 0 , 0 , 0 , 0 , 0 , 0 , 0 , 0 , 0 , 0 , 0 , 0 , 0 , 
0 , 0 , 0 , 0 , 0 , 0 , 0 , 0 , 0 , 0 , 0 , 0 , 0 , 0 , 0 , 0 , 0 , 0 , 0 , 0 , 0 , 0 , 0 , 0 , 0 , 0 , 0 , 0 , 0 , 0 , 0 , 0 , 0 , 
0 , 0 , 0 , 0 , 0 , 0 , 0 , 0 , 0 , 0 , 0 , 0 , 0 , 0 , 0 , 0 , 0 , 0 , 0 , 0 , 0 , 0 , 0 , 0 , 0 , 0 , 0 , 0 , 0 , 0 , 0 , 0 , 0 , 
0 , 0 , 0 , 0 , 0 , 0 , 0 , 0 , 0 , 0 , 0 , 0 , 0 , 0 , 0 , 0 , 0 , 0 , 0 , 0 , 0 , 0 , 0 , 0 , 0 , 0 , 0 , 0 , 0 , 0 , 0 , 0 , 0 , 
0 , 0 , 0 , 0 , 0 , 0 , 0 , 0 , 0 , 0 , 0 , 0 , 0 , 0 , 0 , 0 , 0 , 0 , 0 , 0 , 0 , 0 , 0 , 0 , 0 , 0 , 0 , 0 , 0 , 0 , 0 , 0 , 0 , 
0 , 0 , 0 , 0 , 0 , 0 , 0 , 0 , 0 , 0 , 0 , 0 , 0 , 0 , 0 , 0 , 0 , 0 , 0 , 0 , 0 , 0 , 0 , 0 , 0 , 0 , 0 , 0 , 0 , 0 , 0 , 0 , 0 , 
0 , 0 , 0 , 0 , 0 , 0 , 0 , 0 , 0 , 0 , 0 , 0 , 0 , 0 , 0 , 0 , 0 , 0 , 0 , 0 , 0 , 0 , 0 , 0 , 0 , 0 , 0 , 0 , 0 , 0 , 0 , 0 , 0 , 
0 , 0 , 0 , 0 , 0 , 0 , 0 , 0 , 0 , 0 , 0 , 0 , 0 , 0 , 0 , 0 , 0 , 0 , 0 , 0 , 0 , 0 , 0 , 0 , 0 , 0 , 0 , 0 , 0 , 0 , 0 , 0 , 0 , 
0 , 0 , 0 , 0 , 0 , 0 , 0 , 0 , 0 , 0 , 0 , 0 , 0 , 0 , 0 , 0 , 0 , 0 , 0 , 0 , 0 , 0 , 0 , 0 , 0 , 0 , 0 , 0 , 0 , 0 , 0 , 0 , 0 , 
0 , 0 , 0 , 0 , 0 , 0 , 0 , 0 , 0 , 0 , 0 , 0 , 0 , 0 , 0 , 0 , 0 , 0 , 0 , 0 , 0 , 0 , 0 , 0 , 0 , 0 , 0 , 0 , 0 , 0 , 0 , 0 , 0 , 
0 , 0 , 0 , 0 , 0 , 0 , 0 , 0 , 0 , 0 , 0 , 0 , 0 , 0 , 0 , 0 , 0 , 0 , 0 , 0 , 0 , 0 , 0 , 0 , 0 , 0 , 0 , 0 , 0 , 0 , 0 , 0 , 0 , 
0 , 0 , 0 , 0 , 0 , 0 , 0 , 0 , 0 , 0 , 0 , 0 , 0 , 0 , 0 , 0 , 0 , 0 , 0 , 0 , 0 , 0 , 0 , 0 , 0 , 0 , 0 , 0 , 0 , 0 , 0 , 0 , 0 , 
0 , 0 , 0 , 0 , 0 , 0 , 0 , 0 , 0 , 0 , 0 , 0 , 0 , 0 , 0 , 0 , 0 , 0 , 0 , 0 , 0 , 0 , 0 , 0 , 0 , 0 , 0 , 0 , 0 , 0 , 0 , 0 , 0 , 
0 , 0 , 0 , 0 , 0 , 0 , 0 , 0 , 0 , 0 , 0 , 0 , 0 , 0 , 0 , 0 , 0 , 0 , 0 , 0 , 0 , 0 , 0 , 0 , 0 , 0 , 0 , 0 , 0 , 0 , 0 , 0 , 0 , 
0 , 0 , 0 , 0 , 0 , 0 , 0 , 0 , 0 , 0 , 0 , 0 , 0 , 0 , 0 , 0 , 0 , 0 , 0 , 0 , 0 , 0 , 0 , 0 , 0 , 0 , 0 , 0 , 0 , 0 , 0 , 0 , 0 , 
0 , 0 , 0 , 0 , 0 , 0 , 0 , 0 , 0 , 0 , 0 , 0 , 0 , 0 , 0 , 0 , 0 , 0 , 0 , 0 , 0 , 0 , 0 , 0 , 0 , 0 , 0 , 0 , 0 , 0 , 0 , 0 , 0 , 
0 , 0 , 0 , 0 , 0 , 0 , 0 , 0 , 0 , 0 , 0 , 0 , 0 , 0 , 0 , 0 , 0 , 0 , 0 , 0 , 0 , 0 , 0 , 0 , 0 , 0 , 0 , 0 , 0 , 0 , 0 , 0 , 0 , 
0 , 0 , 0 , 0 , 0 , 0 , 0 , 0 , 0 , 0 , 0 , 0 , 0 , 0 , 0 , 0 , 0 , 0 , 0 , 0 , 0 , 0 , 0 , 0 , 0 , 0 , 0 , 0 , 0 , 0 , 0 , 0 , 0 , 
0 , 0 , 0 , 0 , 0 , 0 , 0 , 0 , 0 , 0 , 0 , 0 , 0 , 0 , 0 , 0 , 0 , 0 , 0 , 0 , 0 , 0 , 0 , 0 , 0 , 0 , 0 , 0 , 0 , 0 , 0 , 0 , 0 , 
0 , 0 , 0 , 0 , 0 , 0 , 0 , 0 , 0 , 0 , 0 , 0 , 0 , 0 , 0 , 0 , 0 , 0 , 0 , 0 , 0 , 0 , 0 , 0 , 0 , 0 , 0 , 0 , 0 , 0 , 0 , 0 , 0 , 
0 , 0 , 0 , 0 , 0 , 0 , 0 , 0 , 0 , 0 , 0 , 0 , 0 , 0 , 0 , 0 , 0 , 0 , 0 , 0 , 0 , 0 , 0 , 0 , 0 , 0 , 0 , 0 , 0 , 0 , 0 , 0 , 0 , 
0 , 0 , 0 , 0 , 0 , 0 , 0 , 0 , 0 , 0 , 0 , 0 , 0 , 0 , 0 , 0 , 0 , 0 , 0 , 0 , 0 , 0 , 0 , 0 , 0 , 0 , 0 , 0 , 0 , 0 , 0 , 0 , 0 , 
0 , 0 , 0 , 0 , 0 , 0 , 0 , 0 , 0 , 0 , 0 , 0 , 0 , 0 , 0 , 0 , 0 , 0 , 0 , 0 , 0 , 0 , 0 , 0 , 0 , 0 , 0 , 0 , 0 , 0 , 0 , 0 , 0 , 

