g ,
1e+100 , 0 , 0 , 0 , 0 , 0 , 0 , 0 , 0 , 0 , 0 , 0 , 0 , 0 , 0 , 0 , 0 , 0 , 0 , 0 , 0 , 0 , 0 , 0 , 0 , 0 , 0 , 0 , 0 , 0 , 0 , 0 , 0 , 
1e+100 , 1.03495 , 0 , 0 , 0 , 0 , 0 , 0 , 0 , 0 , 0 , 0 , 0 , 0 , 0 , 0 , 0 , 0 , 0 , 0 , 0 , 0 , 0 , 0 , 0 , 0 , 0 , 0 , 0 , 0 , 0 , 0 , 0 , 
1e+100 , 1.03495 , 1.03495 , 0 , 0 , 0 , 0 , 0 , 0 , 0 , 0 , 0 , 0 , 0 , 0 , 0 , 0 , 0 , 0 , 0 , 0 , 0 , 0 , 0 , 0 , 0 , 0 , 0 , 0 , 0 , 0 , 0 , 0 , 
1e+100 , 1.03495 , 1.03495 , 1.03495 , 0 , 0 , 0 , 0 , 0 , 0 , 0 , 0 , 0 , 0 , 0 , 0 , 0 , 0 , 0 , 0 , 0 , 0 , 0 , 0 , 0 , 0 , 0 , 0 , 0 , 0 , 0 , 0 , 0 , 
1e+100 , 1.03337 , 1.03337 , 0.919386 , 0.919386 , 0 , 0 , 0 , 0 , 0 , 0 , 0 , 0 , 0 , 0 , 0 , 0 , 0 , 0 , 0 , 0 , 0 , 0 , 0 , 0 , 0 , 0 , 0 , 0 , 0 , 0 , 0 , 0 , 
1e+100 , 1.03178 , 1.03178 , 0.917803 , 0.803821 , 0.803821 , 0 , 0 , 0 , 0 , 0 , 0 , 0 , 0 , 0 , 0 , 0 , 0 , 0 , 0 , 0 , 0 , 0 , 0 , 0 , 0 , 0 , 0 , 0 , 0 , 0 , 0 , 0 , 
1e+100 , 1.03542 , 1.03542 , 0.929535 , 0.823648 , 0.885627 , 0.885627 , 0 , 0 , 0 , 0 , 0 , 0 , 0 , 0 , 0 , 0 , 0 , 0 , 0 , 0 , 0 , 0 , 0 , 0 , 0 , 0 , 0 , 0 , 0 , 0 , 0 , 0 , 
1e+100 , 1.03906 , 1.03906 , 0.941267 , 0.843475 , 0.905453 , 0.967432 , 0.967432 , 0 , 0 , 0 , 0 , 0 , 0 , 0 , 0 , 0 , 0 , 0 , 0 , 0 , 0 , 0 , 0 , 0 , 0 , 0 , 0 , 0 , 0 , 0 , 0 , 0 , 
1e+100 , 1.04753 , 1.04753 , 0.955372 , 0.863209 , 0.914257 , 0.965304 , 0.86576 , 0.86576 , 0 , 0 , 0 , 0 , 0 , 0 , 0 , 0 , 0 , 0 , 0 , 0 , 0 , 0 , 0 , 0 , 0 , 0 , 0 , 0 , 0 , 0 , 0 , 0 , 
1e+100 , 1.05601 , 1.05601 , 0.969476 , 0.882944 , 0.92306 , 0.963176 , 0.863632 , 0.764088 , 0.764088 , 0 , 0 , 0 , 0 , 0 , 0 , 0 , 0 , 0 , 0 , 0 , 0 , 0 , 0 , 0 , 0 , 0 , 0 , 0 , 0 , 0 , 0 , 0 , 
1e+100 , 1.06714 , 1.06714 , 0.984803 , 0.902463 , 0.931884 , 0.961305 , 0.870895 , 0.780486 , 0.804615 , 0.804615 , 0 , 0 , 0 , 0 , 0 , 0 , 0 , 0 , 0 , 0 , 0 , 0 , 0 , 0 , 0 , 0 , 0 , 0 , 0 , 0 , 0 , 0 , 
1e+100 , 1.07828 , 1.07828 , 1.00013 , 0.921983 , 0.940709 , 0.959434 , 0.878159 , 0.796884 , 0.821013 , 0.845142 , 0.845142 , 0 , 0 , 0 , 0 , 0 , 0 , 0 , 0 , 0 , 0 , 0 , 0 , 0 , 0 , 0 , 0 , 0 , 0 , 0 , 0 , 0 , 
1e+100 , 1.08973 , 1.08973 , 1.01525 , 0.940765 , 0.949256 , 0.957748 , 0.885515 , 0.813283 , 0.830514 , 0.847746 , 0.784942 , 0.784942 , 0 , 0 , 0 , 0 , 0 , 0 , 0 , 0 , 0 , 0 , 0 , 0 , 0 , 0 , 0 , 0 , 0 , 0 , 0 , 0 , 
1e+100 , 1.10118 , 1.10118 , 1.03036 , 0.959547 , 0.957804 , 0.956061 , 0.892871 , 0.829681 , 0.840015 , 0.850349 , 0.787545 , 0.724741 , 0.724741 , 0 , 0 , 0 , 0 , 0 , 0 , 0 , 0 , 0 , 0 , 0 , 0 , 0 , 0 , 0 , 0 , 0 , 0 , 0 , 
1e+100 , 1.11194 , 1.11194 , 1.04472 , 0.977501 , 0.966078 , 0.954655 , 0.900447 , 0.846239 , 0.849671 , 0.853103 , 0.796368 , 0.739633 , 0.730354 , 0.730354 , 0 , 0 , 0 , 0 , 0 , 0 , 0 , 0 , 0 , 0 , 0 , 0 , 0 , 0 , 0 , 0 , 0 , 0 , 
1e+100 , 1.1227 , 1.1227 , 1.05908 , 0.995455 , 0.974351 , 0.953248 , 0.908022 , 0.862797 , 0.859327 , 0.855857 , 0.805192 , 0.754526 , 0.745246 , 0.735967 , 0.735967 , 0 , 0 , 0 , 0 , 0 , 0 , 0 , 0 , 0 , 0 , 0 , 0 , 0 , 0 , 0 , 0 , 0 , 
1e+100 , 1.1329 , 1.1329 , 1.07293 , 1.01296 , 0.982677 , 0.952392 , 0.916089 , 0.879785 , 0.869395 , 0.859006 , 0.814279 , 0.769552 , 0.752662 , 0.735772 , 0.731823 , 0.731823 , 0 , 0 , 0 , 0 , 0 , 0 , 0 , 0 , 0 , 0 , 0 , 0 , 0 , 0 , 0 , 0 , 
1e+100 , 1.1431 , 1.1431 , 1.08678 , 1.03047 , 0.991002 , 0.951537 , 0.924155 , 0.896773 , 0.879464 , 0.862154 , 0.823366 , 0.784578 , 0.760077 , 0.735576 , 0.731627 , 0.727679 , 0.727679 , 0 , 0 , 0 , 0 , 0 , 0 , 0 , 0 , 0 , 0 , 0 , 0 , 0 , 0 , 0 , 
1e+100 , 1.15346 , 1.15346 , 1.1008 , 1.04815 , 0.999878 , 0.951604 , 0.933069 , 0.914533 , 0.89027 , 0.866008 , 0.832998 , 0.799988 , 0.767747 , 0.735506 , 0.730797 , 0.726088 , 0.720631 , 0.720631 , 0 , 0 , 0 , 0 , 0 , 0 , 0 , 0 , 0 , 0 , 0 , 0 , 0 , 0 , 
1e+100 , 1.16382 , 1.16382 , 1.11482 , 1.06583 , 1.00875 , 0.951672 , 0.941982 , 0.932292 , 0.901077 , 0.869862 , 0.84263 , 0.815398 , 0.775416 , 0.735435 , 0.729966 , 0.724497 , 0.71904 , 0.713584 , 0.713584 , 0 , 0 , 0 , 0 , 0 , 0 , 0 , 0 , 0 , 0 , 0 , 0 , 0 , 
1e+100 , 1.1749 , 1.1749 , 1.12951 , 1.08412 , 1.01847 , 0.952821 , 0.951894 , 0.950967 , 0.912752 , 0.874538 , 0.852933 , 0.831327 , 0.783462 , 0.735596 , 0.729272 , 0.722948 , 0.709231 , 0.695513 , 0.669606 , 0.669606 , 0 , 0 , 0 , 0 , 0 , 0 , 0 , 0 , 0 , 0 , 0 , 0 , 
1e+100 , 1.18599 , 1.18599 , 1.1442 , 1.10242 , 1.02819 , 0.95397 , 0.961805 , 0.969641 , 0.924428 , 0.879215 , 0.863236 , 0.847257 , 0.791507 , 0.735757 , 0.728578 , 0.721399 , 0.699421 , 0.677443 , 0.651535 , 0.625628 , 0.625628 , 0 , 0 , 0 , 0 , 0 , 0 , 0 , 0 , 0 , 0 , 0 , 
1e+100 , 1.19794 , 1.19794 , 1.15968 , 1.12141 , 1.03875 , 0.956085 , 0.972615 , 0.989144 , 0.936888 , 0.884632 , 0.874166 , 0.863699 , 0.799945 , 0.736191 , 0.728065 , 0.719939 , 0.689664 , 0.659388 , 0.633959 , 0.60853 , 0.691869 , 0.691869 , 0 , 0 , 0 , 0 , 0 , 0 , 0 , 0 , 0 , 0 , 
1e+100 , 1.2099 , 1.2099 , 1.17515 , 1.14041 , 1.0493 , 0.958201 , 0.983424 , 1.00865 , 0.949348 , 0.890049 , 0.885096 , 0.880142 , 0.808383 , 0.736625 , 0.727552 , 0.71848 , 0.679907 , 0.641333 , 0.616383 , 0.591432 , 0.674771 , 0.758111 , 0.758111 , 0 , 0 , 0 , 0 , 0 , 0 , 0 , 0 , 0 , 
1e+100 , 1.2225 , 1.2225 , 1.19122 , 1.15994 , 1.06047 , 0.960989 , 0.994861 , 1.02873 , 0.962359 , 0.895986 , 0.896472 , 0.896959 , 0.817117 , 0.737276 , 0.727192 , 0.717107 , 0.670199 , 0.623292 , 0.598808 , 0.574324 , 0.653231 , 0.732138 , 0.656597 , 0.656597 , 0 , 0 , 0 , 0 , 0 , 0 , 0 , 0 , 
1e+100 , 1.2351 , 1.2351 , 1.20729 , 1.17948 , 1.07163 , 0.963778 , 1.0063 , 1.04882 , 0.975369 , 0.901923 , 0.907849 , 0.913776 , 0.825852 , 0.737927 , 0.726831 , 0.715735 , 0.660492 , 0.60525 , 0.581233 , 0.557217 , 0.631691 , 0.706164 , 0.630624 , 0.555083 , 0.555083 , 0 , 0 , 0 , 0 , 0 , 0 , 0 , 
1e+100 , 1.24803 , 1.24803 , 1.22366 , 1.19929 , 1.08311 , 0.966919 , 1.01806 , 1.0692 , 0.988666 , 0.908128 , 0.919457 , 0.930786 , 0.834738 , 0.73869 , 0.726546 , 0.714403 , 0.650803 , 0.587202 , 0.563643 , 0.540084 , 0.610133 , 0.680182 , 0.63626 , 0.592337 , 0.606407 , 0.606407 , 0 , 0 , 0 , 0 , 0 , 0 , 
1e+100 , 1.26096 , 1.26096 , 1.24004 , 1.21911 , 1.09459 , 0.97006 , 1.02982 , 1.08959 , 1.00196 , 0.914334 , 0.931065 , 0.947795 , 0.843624 , 0.739452 , 0.726262 , 0.713071 , 0.641113 , 0.569155 , 0.546054 , 0.522952 , 0.588576 , 0.6542 , 0.641896 , 0.629591 , 0.643661 , 0.65773 , 0.65773 , 0 , 0 , 0 , 0 , 0 , 
1e+100 , 1.27397 , 1.27397 , 1.2565 , 1.23902 , 1.10617 , 0.973319 , 1.0417 , 1.11008 , 1.01535 , 0.920626 , 0.942745 , 0.964863 , 0.852553 , 0.740243 , 0.725992 , 0.711742 , 0.631417 , 0.551092 , 0.528442 , 0.505792 , 0.566995 , 0.628197 , 0.64752 , 0.666842 , 0.629355 , 0.591868 , 0.633191 , 0.633191 , 0 , 0 , 0 , 0 , 
1e+100 , 1.28698 , 1.28698 , 1.27296 , 1.25893 , 1.11775 , 0.976578 , 1.05357 , 1.13056 , 1.02874 , 0.926918 , 0.954424 , 0.981931 , 0.861482 , 0.741034 , 0.725723 , 0.710413 , 0.621721 , 0.533029 , 0.510831 , 0.488633 , 0.545414 , 0.602194 , 0.653144 , 0.704093 , 0.61505 , 0.526006 , 0.567329 , 0.608652 , 0.608652 , 0 , 0 , 0 , 
1e+100 , 1.3 , 1.3 , 1.28942 , 1.27885 , 1.12935 , 0.979858 , 1.06546 , 1.15107 , 1.04215 , 0.933226 , 0.966117 , 0.999007 , 0.870418 , 0.741828 , 0.725455 , 0.709082 , 0.612021 , 0.514961 , 0.493213 , 0.471465 , 0.523824 , 0.576184 , 0.658764 , 0.741345 , 0.600746 , 0.460148 , 0.47935 , 0.498552 , 0.734667 , 0.734667 , 0 , 0 , 
1e+100 , 1.31301 , 1.31301 , 1.30589 , 1.29877 , 1.14095 , 0.983138 , 1.07736 , 1.17157 , 1.05555 , 0.939533 , 0.977809 , 1.01608 , 0.879353 , 0.742623 , 0.725187 , 0.707751 , 0.602322 , 0.496893 , 0.475595 , 0.454297 , 0.502235 , 0.550173 , 0.664385 , 0.778596 , 0.586443 , 0.394289 , 0.39137 , 0.388451 , 0.624566 , 0.860681 , 0.860681 , 0 , 
1e+100 , 1.31301 , 1.31301 , 1.30589 , 1.29877 , 1.14095 , 0.983138 , 1.07736 , 1.17157 , 1.05555 , 0.939533 , 0.977809 , 1.01608 , 0.879353 , 0.742623 , 0.725187 , 0.707751 , 0.602322 , 0.496893 , 0.475595 , 0.454297 , 0.502235 , 0.550173 , 0.664385 , 0.778596 , 0.586443 , 0.394289 , 0.39137 , 0.388451 , 0.624566 , 0.860681 , 0.860681 , 0.860681 , 

h ,
1e+100 , 0 , 0 , 0 , 0 , 0 , 0 , 0 , 0 , 0 , 0 , 0 , 0 , 0 , 0 , 0 , 0 , 0 , 0 , 0 , 0 , 0 , 0 , 0 , 0 , 0 , 0 , 0 , 0 , 0 , 0 , 0 , 0 , 
1e+100 , 0.120859 , 0 , 0 , 0 , 0 , 0 , 0 , 0 , 0 , 0 , 0 , 0 , 0 , 0 , 0 , 0 , 0 , 0 , 0 , 0 , 0 , 0 , 0 , 0 , 0 , 0 , 0 , 0 , 0 , 0 , 0 , 0 , 
1e+100 , 0.154783 , 0.120859 , 0 , 0 , 0 , 0 , 0 , 0 , 0 , 0 , 0 , 0 , 0 , 0 , 0 , 0 , 0 , 0 , 0 , 0 , 0 , 0 , 0 , 0 , 0 , 0 , 0 , 0 , 0 , 0 , 0 , 0 , 
1e+100 , 0.166254 , 0.154783 , 0.120859 , 0 , 0 , 0 , 0 , 0 , 0 , 0 , 0 , 0 , 0 , 0 , 0 , 0 , 0 , 0 , 0 , 0 , 0 , 0 , 0 , 0 , 0 , 0 , 0 , 0 , 0 , 0 , 0 , 0 , 
1e+100 , 0.166418 , 0.166254 , 0.154783 , 0.120859 , 0 , 0 , 0 , 0 , 0 , 0 , 0 , 0 , 0 , 0 , 0 , 0 , 0 , 0 , 0 , 0 , 0 , 0 , 0 , 0 , 0 , 0 , 0 , 0 , 0 , 0 , 0 , 0 , 
1e+100 , 0.161502 , 0.166418 , 0.166254 , 0.154783 , 0.120859 , 0 , 0 , 0 , 0 , 0 , 0 , 0 , 0 , 0 , 0 , 0 , 0 , 0 , 0 , 0 , 0 , 0 , 0 , 0 , 0 , 0 , 0 , 0 , 0 , 0 , 0 , 0 , 
1e+100 , 0.154851 , 0.161502 , 0.166418 , 0.166254 , 0.154783 , 0.120859 , 0 , 0 , 0 , 0 , 0 , 0 , 0 , 0 , 0 , 0 , 0 , 0 , 0 , 0 , 0 , 0 , 0 , 0 , 0 , 0 , 0 , 0 , 0 , 0 , 0 , 0 , 
1e+100 , 0.148151 , 0.154851 , 0.161502 , 0.166418 , 0.166254 , 0.154783 , 0.120859 , 0 , 0 , 0 , 0 , 0 , 0 , 0 , 0 , 0 , 0 , 0 , 0 , 0 , 0 , 0 , 0 , 0 , 0 , 0 , 0 , 0 , 0 , 0 , 0 , 0 , 
1e+100 , 0.142163 , 0.148151 , 0.154851 , 0.161502 , 0.166418 , 0.166254 , 0.154783 , 0.120859 , 0 , 0 , 0 , 0 , 0 , 0 , 0 , 0 , 0 , 0 , 0 , 0 , 0 , 0 , 0 , 0 , 0 , 0 , 0 , 0 , 0 , 0 , 0 , 0 , 
1e+100 , 0.137149 , 0.142163 , 0.148151 , 0.154851 , 0.161502 , 0.166418 , 0.166254 , 0.154783 , 0.120859 , 0 , 0 , 0 , 0 , 0 , 0 , 0 , 0 , 0 , 0 , 0 , 0 , 0 , 0 , 0 , 0 , 0 , 0 , 0 , 0 , 0 , 0 , 0 , 
1e+100 , 0.133121 , 0.137149 , 0.142163 , 0.148151 , 0.154851 , 0.161502 , 0.166418 , 0.166254 , 0.154783 , 0.120859 , 0 , 0 , 0 , 0 , 0 , 0 , 0 , 0 , 0 , 0 , 0 , 0 , 0 , 0 , 0 , 0 , 0 , 0 , 0 , 0 , 0 , 0 , 
1e+100 , 0.129975 , 0.133121 , 0.137149 , 0.142163 , 0.148151 , 0.154851 , 0.161502 , 0.166418 , 0.166254 , 0.154783 , 0.120859 , 0 , 0 , 0 , 0 , 0 , 0 , 0 , 0 , 0 , 0 , 0 , 0 , 0 , 0 , 0 , 0 , 0 , 0 , 0 , 0 , 0 , 
1e+100 , 0.127568 , 0.129975 , 0.133121 , 0.137149 , 0.142163 , 0.148151 , 0.154851 , 0.161502 , 0.166418 , 0.166254 , 0.154783 , 0.120859 , 0 , 0 , 0 , 0 , 0 , 0 , 0 , 0 , 0 , 0 , 0 , 0 , 0 , 0 , 0 , 0 , 0 , 0 , 0 , 0 , 
1e+100 , 0.125756 , 0.127568 , 0.129975 , 0.133121 , 0.137149 , 0.142163 , 0.148151 , 0.154851 , 0.161502 , 0.166418 , 0.166254 , 0.154783 , 0.120859 , 0 , 0 , 0 , 0 , 0 , 0 , 0 , 0 , 0 , 0 , 0 , 0 , 0 , 0 , 0 , 0 , 0 , 0 , 0 , 
1e+100 , 0.124409 , 0.125756 , 0.127568 , 0.129975 , 0.133121 , 0.137149 , 0.142163 , 0.148151 , 0.154851 , 0.161502 , 0.166418 , 0.166254 , 0.154783 , 0.120859 , 0 , 0 , 0 , 0 , 0 , 0 , 0 , 0 , 0 , 0 , 0 , 0 , 0 , 0 , 0 , 0 , 0 , 0 , 
1e+100 , 0.123417 , 0.124409 , 0.125756 , 0.127568 , 0.129975 , 0.133121 , 0.137149 , 0.142163 , 0.148151 , 0.154851 , 0.161502 , 0.166418 , 0.166254 , 0.154783 , 0.120859 , 0 , 0 , 0 , 0 , 0 , 0 , 0 , 0 , 0 , 0 , 0 , 0 , 0 , 0 , 0 , 0 , 0 , 
1e+100 , 0.122693 , 0.123417 , 0.124409 , 0.125756 , 0.127568 , 0.129975 , 0.133121 , 0.137149 , 0.142163 , 0.148151 , 0.154851 , 0.161502 , 0.166418 , 0.166254 , 0.154783 , 0.120859 , 0 , 0 , 0 , 0 , 0 , 0 , 0 , 0 , 0 , 0 , 0 , 0 , 0 , 0 , 0 , 0 , 
1e+100 , 0.122168 , 0.122693 , 0.123417 , 0.124409 , 0.125756 , 0.127568 , 0.129975 , 0.133121 , 0.137149 , 0.142163 , 0.148151 , 0.154851 , 0.161502 , 0.166418 , 0.166254 , 0.154783 , 0.120859 , 0 , 0 , 0 , 0 , 0 , 0 , 0 , 0 , 0 , 0 , 0 , 0 , 0 , 0 , 0 , 
1e+100 , 0.12179 , 0.122168 , 0.122693 , 0.123417 , 0.124409 , 0.125756 , 0.127568 , 0.129975 , 0.133121 , 0.137149 , 0.142163 , 0.148151 , 0.154851 , 0.161502 , 0.166418 , 0.166254 , 0.154783 , 0.120859 , 0 , 0 , 0 , 0 , 0 , 0 , 0 , 0 , 0 , 0 , 0 , 0 , 0 , 0 , 
1e+100 , 0.121518 , 0.12179 , 0.122168 , 0.122693 , 0.123417 , 0.124409 , 0.125756 , 0.127568 , 0.129975 , 0.133121 , 0.137149 , 0.142163 , 0.148151 , 0.154851 , 0.161502 , 0.166418 , 0.166254 , 0.154783 , 0.120859 , 0 , 0 , 0 , 0 , 0 , 0 , 0 , 0 , 0 , 0 , 0 , 0 , 0 , 
1e+100 , 0.121325 , 0.121518 , 0.12179 , 0.122168 , 0.122693 , 0.123417 , 0.124409 , 0.125756 , 0.127568 , 0.129975 , 0.133121 , 0.137149 , 0.142163 , 0.148151 , 0.154851 , 0.161502 , 0.166418 , 0.166254 , 0.154783 , 0.120859 , 0 , 0 , 0 , 0 , 0 , 0 , 0 , 0 , 0 , 0 , 0 , 0 , 
1e+100 , 0.121187 , 0.121325 , 0.121518 , 0.12179 , 0.122168 , 0.122693 , 0.123417 , 0.124409 , 0.125756 , 0.127568 , 0.129975 , 0.133121 , 0.137149 , 0.142163 , 0.148151 , 0.154851 , 0.161502 , 0.166418 , 0.166254 , 0.154783 , 0.120859 , 0 , 0 , 0 , 0 , 0 , 0 , 0 , 0 , 0 , 0 , 0 , 
1e+100 , 0.12109 , 0.121187 , 0.121325 , 0.121518 , 0.12179 , 0.122168 , 0.122693 , 0.123417 , 0.124409 , 0.125756 , 0.127568 , 0.129975 , 0.133121 , 0.137149 , 0.142163 , 0.148151 , 0.154851 , 0.161502 , 0.166418 , 0.166254 , 0.154783 , 0.120859 , 0 , 0 , 0 , 0 , 0 , 0 , 0 , 0 , 0 , 0 , 
1e+100 , 0.121021 , 0.12109 , 0.121187 , 0.121325 , 0.121518 , 0.12179 , 0.122168 , 0.122693 , 0.123417 , 0.124409 , 0.125756 , 0.127568 , 0.129975 , 0.133121 , 0.137149 , 0.142163 , 0.148151 , 0.154851 , 0.161502 , 0.166418 , 0.166254 , 0.154783 , 0.120859 , 0 , 0 , 0 , 0 , 0 , 0 , 0 , 0 , 0 , 
1e+100 , 0.120972 , 0.121021 , 0.12109 , 0.121187 , 0.121325 , 0.121518 , 0.12179 , 0.122168 , 0.122693 , 0.123417 , 0.124409 , 0.125756 , 0.127568 , 0.129975 , 0.133121 , 0.137149 , 0.142163 , 0.148151 , 0.154851 , 0.161502 , 0.166418 , 0.166254 , 0.154783 , 0.120859 , 0 , 0 , 0 , 0 , 0 , 0 , 0 , 0 , 
1e+100 , 0.120938 , 0.120972 , 0.121021 , 0.12109 , 0.121187 , 0.121325 , 0.121518 , 0.12179 , 0.122168 , 0.122693 , 0.123417 , 0.124409 , 0.125756 , 0.127568 , 0.129975 , 0.133121 , 0.137149 , 0.142163 , 0.148151 , 0.154851 , 0.161502 , 0.166418 , 0.166254 , 0.154783 , 0.120859 , 0 , 0 , 0 , 0 , 0 , 0 , 0 , 
1e+100 , 0.120914 , 0.120938 , 0.120972 , 0.121021 , 0.12109 , 0.121187 , 0.121325 , 0.121518 , 0.12179 , 0.122168 , 0.122693 , 0.123417 , 0.124409 , 0.125756 , 0.127568 , 0.129975 , 0.133121 , 0.137149 , 0.142163 , 0.148151 , 0.154851 , 0.161502 , 0.166418 , 0.166254 , 0.154783 , 0.120859 , 0 , 0 , 0 , 0 , 0 , 0 , 
1e+100 , 0.120898 , 0.120914 , 0.120938 , 0.120972 , 0.121021 , 0.12109 , 0.121187 , 0.121325 , 0.121518 , 0.12179 , 0.122168 , 0.122693 , 0.123417 , 0.124409 , 0.125756 , 0.127568 , 0.129975 , 0.133121 , 0.137149 , 0.142163 , 0.148151 , 0.154851 , 0.161502 , 0.166418 , 0.166254 , 0.154783 , 0.120859 , 0 , 0 , 0 , 0 , 0 , 
1e+100 , 0.120886 , 0.120898 , 0.120914 , 0.120938 , 0.120972 , 0.121021 , 0.12109 , 0.121187 , 0.121325 , 0.121518 , 0.12179 , 0.122168 , 0.122693 , 0.123417 , 0.124409 , 0.125756 , 0.127568 , 0.129975 , 0.133121 , 0.137149 , 0.142163 , 0.148151 , 0.154851 , 0.161502 , 0.166418 , 0.166254 , 0.154783 , 0.120859 , 0 , 0 , 0 , 0 , 
1e+100 , 0.120878 , 0.120886 , 0.120898 , 0.120914 , 0.120938 , 0.120972 , 0.121021 , 0.12109 , 0.121187 , 0.121325 , 0.121518 , 0.12179 , 0.122168 , 0.122693 , 0.123417 , 0.124409 , 0.125756 , 0.127568 , 0.129975 , 0.133121 , 0.137149 , 0.142163 , 0.148151 , 0.154851 , 0.161502 , 0.166418 , 0.166254 , 0.154783 , 0.120859 , 0 , 0 , 0 , 
1e+100 , 0.120872 , 0.120878 , 0.120886 , 0.120898 , 0.120914 , 0.120938 , 0.120972 , 0.121021 , 0.12109 , 0.121187 , 0.121325 , 0.121518 , 0.12179 , 0.122168 , 0.122693 , 0.123417 , 0.124409 , 0.125756 , 0.127568 , 0.129975 , 0.133121 , 0.137149 , 0.142163 , 0.148151 , 0.154851 , 0.161502 , 0.166418 , 0.166254 , 0.154783 , 0.120859 , 0 , 0 , 
1e+100 , 0.120868 , 0.120872 , 0.120878 , 0.120886 , 0.120898 , 0.120914 , 0.120938 , 0.120972 , 0.121021 , 0.12109 , 0.121187 , 0.121325 , 0.121518 , 0.12179 , 0.122168 , 0.122693 , 0.123417 , 0.124409 , 0.125756 , 0.127568 , 0.129975 , 0.133121 , 0.137149 , 0.142163 , 0.148151 , 0.154851 , 0.161502 , 0.166418 , 0.166254 , 0.154783 , 0.120859 , 0 , 
1e+100 , 0.120866 , 0.120868 , 0.120872 , 0.120878 , 0.120886 , 0.120898 , 0.120914 , 0.120938 , 0.120972 , 0.121021 , 0.12109 , 0.121187 , 0.121325 , 0.121518 , 0.12179 , 0.122168 , 0.122693 , 0.123417 , 0.124409 , 0.125756 , 0.127568 , 0.129975 , 0.133121 , 0.137149 , 0.142163 , 0.148151 , 0.154851 , 0.161502 , 0.166418 , 0.166254 , 0.154783 , 0.120859 , 

h*g ,
1e+200 , 0 , 0 , 0 , 0 , 0 , 0 , 0 , 0 , 0 , 0 , 0 , 0 , 0 , 0 , 0 , 0 , 0 , 0 , 0 , 0 , 0 , 0 , 0 , 0 , 0 , 0 , 0 , 0 , 0 , 0 , 0 , 0 , 
1e+200 , 0.125084 , 0 , 0 , 0 , 0 , 0 , 0 , 0 , 0 , 0 , 0 , 0 , 0 , 0 , 0 , 0 , 0 , 0 , 0 , 0 , 0 , 0 , 0 , 0 , 0 , 0 , 0 , 0 , 0 , 0 , 0 , 0 , 
1e+200 , 0.160193 , 0.125084 , 0 , 0 , 0 , 0 , 0 , 0 , 0 , 0 , 0 , 0 , 0 , 0 , 0 , 0 , 0 , 0 , 0 , 0 , 0 , 0 , 0 , 0 , 0 , 0 , 0 , 0 , 0 , 0 , 0 , 0 , 
1e+200 , 0.172065 , 0.160193 , 0.125084 , 0 , 0 , 0 , 0 , 0 , 0 , 0 , 0 , 0 , 0 , 0 , 0 , 0 , 0 , 0 , 0 , 0 , 0 , 0 , 0 , 0 , 0 , 0 , 0 , 0 , 0 , 0 , 0 , 0 , 
1e+200 , 0.171971 , 0.171802 , 0.142305 , 0.111117 , 0 , 0 , 0 , 0 , 0 , 0 , 0 , 0 , 0 , 0 , 0 , 0 , 0 , 0 , 0 , 0 , 0 , 0 , 0 , 0 , 0 , 0 , 0 , 0 , 0 , 0 , 0 , 0 , 
1e+200 , 0.166636 , 0.171708 , 0.152589 , 0.124418 , 0.0971494 , 0 , 0 , 0 , 0 , 0 , 0 , 0 , 0 , 0 , 0 , 0 , 0 , 0 , 0 , 0 , 0 , 0 , 0 , 0 , 0 , 0 , 0 , 0 , 0 , 0 , 0 , 0 , 
1e+200 , 0.160336 , 0.167223 , 0.154692 , 0.136935 , 0.13708 , 0.107036 , 0 , 0 , 0 , 0 , 0 , 0 , 0 , 0 , 0 , 0 , 0 , 0 , 0 , 0 , 0 , 0 , 0 , 0 , 0 , 0 , 0 , 0 , 0 , 0 , 0 , 0 , 
1e+200 , 0.153937 , 0.160899 , 0.152017 , 0.14037 , 0.150536 , 0.149742 , 0.116923 , 0 , 0 , 0 , 0 , 0 , 0 , 0 , 0 , 0 , 0 , 0 , 0 , 0 , 0 , 0 , 0 , 0 , 0 , 0 , 0 , 0 , 0 , 0 , 0 , 0 , 
1e+200 , 0.14892 , 0.155193 , 0.14794 , 0.13941 , 0.152149 , 0.160486 , 0.134005 , 0.104635 , 0 , 0 , 0 , 0 , 0 , 0 , 0 , 0 , 0 , 0 , 0 , 0 , 0 , 0 , 0 , 0 , 0 , 0 , 0 , 0 , 0 , 0 , 0 , 0 , 
1e+200 , 0.144831 , 0.150125 , 0.143629 , 0.136725 , 0.149076 , 0.16029 , 0.143583 , 0.118268 , 0.0923472 , 0 , 0 , 0 , 0 , 0 , 0 , 0 , 0 , 0 , 0 , 0 , 0 , 0 , 0 , 0 , 0 , 0 , 0 , 0 , 0 , 0 , 0 , 0 , 
1e+200 , 0.142059 , 0.146358 , 0.140002 , 0.133701 , 0.144303 , 0.155253 , 0.144933 , 0.129759 , 0.124541 , 0.0972453 , 0 , 0 , 0 , 0 , 0 , 0 , 0 , 0 , 0 , 0 , 0 , 0 , 0 , 0 , 0 , 0 , 0 , 0 , 0 , 0 , 0 , 0 , 
1e+200 , 0.140149 , 0.143541 , 0.137167 , 0.131072 , 0.139367 , 0.148569 , 0.141825 , 0.132616 , 0.136497 , 0.130814 , 0.102143 , 0 , 0 , 0 , 0 , 0 , 0 , 0 , 0 , 0 , 0 , 0 , 0 , 0 , 0 , 0 , 0 , 0 , 0 , 0 , 0 , 0 , 
1e+200 , 0.139015 , 0.141637 , 0.13515 , 0.129025 , 0.134949 , 0.141891 , 0.137123 , 0.131347 , 0.138213 , 0.140941 , 0.121496 , 0.0948676 , 0 , 0 , 0 , 0 , 0 , 0 , 0 , 0 , 0 , 0 , 0 , 0 , 0 , 0 , 0 , 0 , 0 , 0 , 0 , 0 , 
1e+200 , 0.13848 , 0.140476 , 0.133921 , 0.127736 , 0.131362 , 0.135916 , 0.13228 , 0.128477 , 0.135665 , 0.141514 , 0.130933 , 0.112178 , 0.0875918 , 0 , 0 , 0 , 0 , 0 , 0 , 0 , 0 , 0 , 0 , 0 , 0 , 0 , 0 , 0 , 0 , 0 , 0 , 0 , 
1e+200 , 0.138335 , 0.139834 , 0.133273 , 0.12705 , 0.128605 , 0.13093 , 0.12801 , 0.125371 , 0.131572 , 0.137778 , 0.13253 , 0.122967 , 0.113046 , 0.0882702 , 0 , 0 , 0 , 0 , 0 , 0 , 0 , 0 , 0 , 0 , 0 , 0 , 0 , 0 , 0 , 0 , 0 , 0 , 
1e+200 , 0.138561 , 0.139674 , 0.133186 , 0.126988 , 0.126641 , 0.126897 , 0.124534 , 0.122658 , 0.12731 , 0.13253 , 0.13004 , 0.125567 , 0.1239 , 0.113915 , 0.0889485 , 0 , 0 , 0 , 0 , 0 , 0 , 0 , 0 , 0 , 0 , 0 , 0 , 0 , 0 , 0 , 0 , 0 , 
1e+200 , 0.138999 , 0.139819 , 0.133482 , 0.127386 , 0.125358 , 0.123787 , 0.12195 , 0.120662 , 0.123596 , 0.127262 , 0.126092 , 0.124284 , 0.125257 , 0.122325 , 0.113274 , 0.0884477 , 0 , 0 , 0 , 0 , 0 , 0 , 0 , 0 , 0 , 0 , 0 , 0 , 0 , 0 , 0 , 0 , 
1e+200 , 0.13965 , 0.14025 , 0.134127 , 0.128199 , 0.124625 , 0.121386 , 0.120117 , 0.119379 , 0.120618 , 0.122566 , 0.121982 , 0.121493 , 0.122754 , 0.122413 , 0.121636 , 0.112632 , 0.0879468 , 0 , 0 , 0 , 0 , 0 , 0 , 0 , 0 , 0 , 0 , 0 , 0 , 0 , 0 , 0 , 
1e+200 , 0.140479 , 0.140915 , 0.135061 , 0.129359 , 0.124393 , 0.11967 , 0.11903 , 0.118866 , 0.118513 , 0.118772 , 0.118421 , 0.118519 , 0.118886 , 0.118786 , 0.121618 , 0.120715 , 0.111542 , 0.0870951 , 0 , 0 , 0 , 0 , 0 , 0 , 0 , 0 , 0 , 0 , 0 , 0 , 0 , 0 , 
1e+200 , 0.141425 , 0.141741 , 0.136196 , 0.13077 , 0.124497 , 0.118396 , 0.11846 , 0.118931 , 0.117117 , 0.115797 , 0.115566 , 0.115919 , 0.114879 , 0.113883 , 0.117891 , 0.12057 , 0.119544 , 0.110451 , 0.0862433 , 0 , 0 , 0 , 0 , 0 , 0 , 0 , 0 , 0 , 0 , 0 , 0 , 0 , 
1e+200 , 0.142545 , 0.142772 , 0.137563 , 0.132445 , 0.124959 , 0.117594 , 0.118424 , 0.11959 , 0.116438 , 0.113668 , 0.113543 , 0.114016 , 0.111379 , 0.108979 , 0.112928 , 0.116758 , 0.118029 , 0.115632 , 0.103644 , 0.0809282 , 0 , 0 , 0 , 0 , 0 , 0 , 0 , 0 , 0 , 0 , 0 , 0 , 
1e+200 , 0.143726 , 0.14389 , 0.139041 , 0.134263 , 0.125612 , 0.117045 , 0.118703 , 0.120632 , 0.116252 , 0.11216 , 0.112199 , 0.112788 , 0.108554 , 0.104597 , 0.107939 , 0.111709 , 0.112958 , 0.112739 , 0.108321 , 0.0968366 , 0.075613 , 0 , 0 , 0 , 0 , 0 , 0 , 0 , 0 , 0 , 0 , 0 , 
1e+200 , 0.145058 , 0.145175 , 0.140697 , 0.136272 , 0.126509 , 0.116803 , 0.119333 , 0.122077 , 0.116557 , 0.111248 , 0.111516 , 0.112259 , 0.106489 , 0.100968 , 0.103504 , 0.10666 , 0.106795 , 0.106493 , 0.105502 , 0.101171 , 0.10709 , 0.0836189 , 0 , 0 , 0 , 0 , 0 , 0 , 0 , 0 , 0 , 0 , 
1e+200 , 0.146423 , 0.146506 , 0.142413 , 0.13836 , 0.12751 , 0.116699 , 0.120143 , 0.123754 , 0.117166 , 0.11073 , 0.111306 , 0.112278 , 0.105069 , 0.0980601 , 0.0997831 , 0.102141 , 0.100729 , 0.099311 , 0.0995473 , 0.098425 , 0.112184 , 0.117343 , 0.0916248 , 0 , 0 , 0 , 0 , 0 , 0 , 0 , 0 , 0 , 
1e+200 , 0.147889 , 0.147948 , 0.144245 , 0.14057 , 0.128661 , 0.116778 , 0.121164 , 0.125678 , 0.118074 , 0.11058 , 0.111529 , 0.112798 , 0.104238 , 0.0958273 , 0.0968043 , 0.0983506 , 0.0952773 , 0.0923412 , 0.0927259 , 0.0927547 , 0.10871 , 0.121721 , 0.10163 , 0.0793559 , 0 , 0 , 0 , 0 , 0 , 0 , 0 , 0 , 
1e+200 , 0.149371 , 0.149413 , 0.146107 , 0.142822 , 0.129867 , 0.11693 , 0.122284 , 0.127735 , 0.119159 , 0.110659 , 0.112044 , 0.113682 , 0.103856 , 0.094136 , 0.0944696 , 0.0952791 , 0.0905859 , 0.086044 , 0.0861102 , 0.0862855 , 0.10202 , 0.117519 , 0.104844 , 0.0859175 , 0.067087 , 0 , 0 , 0 , 0 , 0 , 0 , 0 , 
1e+200 , 0.150905 , 0.150935 , 0.148029 , 0.14514 , 0.131153 , 0.117178 , 0.123516 , 0.129928 , 0.120409 , 0.110944 , 0.112811 , 0.114875 , 0.103849 , 0.0928947 , 0.0926841 , 0.0928543 , 0.0866354 , 0.0805343 , 0.0801291 , 0.0800139 , 0.0944797 , 0.109851 , 0.105885 , 0.0984786 , 0.0938615 , 0.07329 , 0 , 0 , 0 , 0 , 0 , 0 , 
1e+200 , 0.152447 , 0.152468 , 0.149968 , 0.147479 , 0.132468 , 0.117464 , 0.124802 , 0.132194 , 0.121757 , 0.111356 , 0.113746 , 0.116288 , 0.104117 , 0.0919942 , 0.0913318 , 0.0909652 , 0.0833285 , 0.0757663 , 0.0748907 , 0.0743443 , 0.087198 , 0.101304 , 0.103668 , 0.104776 , 0.107011 , 0.101806 , 0.0794929 , 0 , 0 , 0 , 0 , 0 , 
1e+200 , 0.154005 , 0.15402 , 0.151928 , 0.149845 , 0.133816 , 0.117792 , 0.126139 , 0.134527 , 0.123187 , 0.111873 , 0.114816 , 0.117875 , 0.104602 , 0.0913584 , 0.0903197 , 0.0895059 , 0.0805487 , 0.071628 , 0.0703466 , 0.069369 , 0.0806055 , 0.0930679 , 0.100269 , 0.107697 , 0.104736 , 0.0984007 , 0.0980073 , 0.0765271 , 0 , 0 , 0 , 0 , 
1e+200 , 0.155568 , 0.155578 , 0.153897 , 0.152222 , 0.135179 , 0.118139 , 0.127504 , 0.1369 , 0.12467 , 0.112458 , 0.11598 , 0.119589 , 0.105245 , 0.0909194 , 0.0895664 , 0.0883815 , 0.0781852 , 0.0679974 , 0.0663951 , 0.0650472 , 0.074803 , 0.0856096 , 0.0967637 , 0.109029 , 0.099332 , 0.087537 , 0.094321 , 0.0942091 , 0.0735614 , 0 , 0 , 0 , 
1e+200 , 0.157134 , 0.157141 , 0.155873 , 0.15461 , 0.136555 , 0.118502 , 0.128892 , 0.139303 , 0.126193 , 0.113095 , 0.117214 , 0.121398 , 0.106008 , 0.0906275 , 0.089008 , 0.0875126 , 0.0761407 , 0.0647594 , 0.0629182 , 0.0612785 , 0.0697319 , 0.0790231 , 0.0936517 , 0.109831 , 0.0930261 , 0.074315 , 0.0797725 , 0.0828864 , 0.113714 , 0.0887914 , 0 , 0 , 
1e+200 , 0.158702 , 0.158707 , 0.157853 , 0.157003 , 0.137938 , 0.118876 , 0.130293 , 0.141728 , 0.127744 , 0.113768 , 0.118498 , 0.123276 , 0.106858 , 0.0904437 , 0.0885945 , 0.0868358 , 0.0743366 , 0.0618178 , 0.059809 , 0.0579538 , 0.0652779 , 0.0732395 , 0.0911198 , 0.110687 , 0.0868819 , 0.061056 , 0.0632072 , 0.0646454 , 0.103837 , 0.133219 , 0.104021 , 0 , 
1e+200 , 0.158698 , 0.158702 , 0.157846 , 0.156992 , 0.137925 , 0.118859 , 0.130268 , 0.141688 , 0.127693 , 0.113703 , 0.118403 , 0.123136 , 0.106687 , 0.0902423 , 0.0883201 , 0.0864643 , 0.0739005 , 0.0613249 , 0.0591682 , 0.0571307 , 0.0640692 , 0.0715086 , 0.0884434 , 0.106784 , 0.0833703 , 0.0584142 , 0.060604 , 0.0627358 , 0.103939 , 0.143092 , 0.133219 , 0.104021 , 

shifts ,
0 , 0 , 0 , 0 , 0 , 0 , 0 , 0 , 0 , 0 , 0 , 0 , 0 , 0 , 0 , 0 , 0 , 0 , 0 , 0 , 0 , 0 , 0 , 0 , 0 , 0 , 0 , 0 , 0 , 0 , 0 , 0 , 0 , 
0 , 0 , 0 , 0 , 0 , 0 , 0 , 0 , 0 , 0 , 0 , 0 , 0 , 0 , 0 , 0 , 0 , 0 , 0 , 0 , 0 , 0 , 0 , 0 , 0 , 0 , 0 , 0 , 0 , 0 , 0 , 0 , 0 , 
0 , 0 , 0 , 0 , 0 , 0 , 0 , 0 , 0 , 0 , 0 , 0 , 0 , 0 , 0 , 0 , 0 , 0 , 0 , 0 , 0 , 0 , 0 , 0 , 0 , 0 , 0 , 0 , 0 , 0 , 0 , 0 , 0 , 
0 , 0 , 0 , 0 , 0 , 0 , 0 , 0 , 0 , 0 , 0 , 0 , 0 , 0 , 0 , 0 , 0 , 0 , 0 , 0 , 0 , 0 , 0 , 0 , 0 , 0 , 0 , 0 , 0 , 0 , 0 , 0 , 0 , 
0 , 0 , 0 , 0 , 0 , 0 , 0 , 0 , 0 , 0 , 0 , 0 , 0 , 0 , 0 , 0 , 0 , 0 , 0 , 0 , 0 , 0 , 0 , 0 , 0 , 0 , 0 , 0 , 0 , 0 , 0 , 0 , 0 , 
0 , 0 , 0 , 0 , 0 , 0 , 0 , 0 , 0 , 0 , 0 , 0 , 0 , 0 , 0 , 0 , 0 , 0 , 0 , 0 , 0 , 0 , 0 , 0 , 0 , 0 , 0 , 0 , 0 , 0 , 0 , 0 , 0 , 
0 , 0 , 0 , 0 , 0 , 0 , 0 , 0 , 0 , 0 , 0 , 0 , 0 , 0 , 0 , 0 , 0 , 0 , 0 , 0 , 0 , 0 , 0 , 0 , 0 , 0 , 0 , 0 , 0 , 0 , 0 , 0 , 0 , 
0 , 0 , 0 , 0 , 0 , 0 , 0 , 0 , 0 , 0 , 0 , 0 , 0 , 0 , 0 , 0 , 0 , 0 , 0 , 0 , 0 , 0 , 0 , 0 , 0 , 0 , 0 , 0 , 0 , 0 , 0 , 0 , 0 , 
0 , 0 , 0 , 0 , 0 , 0 , 0 , 0 , 0 , 0 , 0 , 0 , 0 , 0 , 0 , 0 , 0 , 0 , 0 , 0 , 0 , 0 , 0 , 0 , 0 , 0 , 0 , 0 , 0 , 0 , 0 , 0 , 0 , 
0 , 0 , 0 , 0 , 0 , 0 , 0 , 0 , 0 , 0 , 0 , 0 , 0 , 0 , 0 , 0 , 0 , 0 , 0 , 0 , 0 , 0 , 0 , 0 , 0 , 0 , 0 , 0 , 0 , 0 , 0 , 0 , 0 , 
0 , 0 , 0 , 0 , 0 , 0 , 0 , 0 , 0 , 0 , 0 , 0 , 0 , 0 , 0 , 0 , 0 , 0 , 0 , 0 , 0 , 0 , 0 , 0 , 0 , 0 , 0 , 0 , 0 , 0 , 0 , 0 , 0 , 
0 , 0 , 0 , 0 , 0 , 0 , 0 , 0 , 0 , 0 , 0 , 0 , 0 , 0 , 0 , 0 , 0 , 0 , 0 , 0 , 0 , 0 , 0 , 0 , 0 , 0 , 0 , 0 , 0 , 0 , 0 , 0 , 0 , 
0 , 0 , 0 , 0 , 0 , 0 , 0 , 0 , 0 , 0 , 0 , 0 , 0 , 0 , 0 , 0 , 0 , 0 , 0 , 0 , 0 , 0 , 0 , 0 , 0 , 0 , 0 , 0 , 0 , 0 , 0 , 0 , 0 , 
0 , 0 , 0 , 0 , 0 , 0 , 0 , 0 , 0 , 0 , 0 , 0 , 0 , 0 , 0 , 0 , 0 , 0 , 0 , 0 , 0 , 0 , 0 , 0 , 0 , 0 , 0 , 0 , 0 , 0 , 0 , 0 , 0 , 
0 , 0 , 0 , 0 , 0 , 0 , 0 , 0 , 0 , 0 , 0 , 0 , 0 , 0 , 0 , 0 , 0 , 0 , 0 , 0 , 0 , 0 , 0 , 0 , 0 , 0 , 0 , 0 , 0 , 0 , 0 , 0 , 0 , 
0 , 0 , 0 , 0 , 0 , 0 , 0 , 0 , 0 , 0 , 0 , 0 , 0 , 0 , 0 , 0 , 0 , 0 , 0 , 0 , 0 , 0 , 0 , 0 , 0 , 0 , 0 , 0 , 0 , 0 , 0 , 0 , 0 , 
0 , 0 , 0 , 0 , 0 , 0 , 0 , 0 , 0 , 0 , 0 , 0 , 0 , 0 , 0 , 0 , 0 , 0 , 0 , 0 , 0 , 0 , 0 , 0 , 0 , 0 , 0 , 0 , 0 , 0 , 0 , 0 , 0 , 
0 , 0 , 0 , 0 , 0 , 0 , 0 , 0 , 0 , 0 , 0 , 0 , 0 , 0 , 0 , 0 , 0 , 0 , 0 , 0 , 0 , 0 , 0 , 0 , 0 , 0 , 0 , 0 , 0 , 0 , 0 , 0 , 0 , 
0 , 0 , 0 , 0 , 0 , 0 , 0 , 0 , 0 , 0 , 0 , 0 , 0 , 0 , 0 , 0 , 0 , 0 , 0 , 0 , 0 , 0 , 0 , 0 , 0 , 0 , 0 , 0 , 0 , 0 , 0 , 0 , 0 , 
0 , 0 , 0 , 0 , 0 , 0 , 0 , 0 , 0 , 0 , 0 , 0 , 0 , 0 , 0 , 0 , 0 , 0 , 0 , 0 , 0 , 0 , 0 , 0 , 0 , 0 , 0 , 0 , 0 , 0 , 0 , 0 , 0 , 
0 , 0 , 0 , 0 , 0 , 0 , 0 , 0 , 0 , 0 , 0 , 0 , 0 , 0 , 0 , 0 , 0 , 0 , 0 , 0 , 0 , 0 , 0 , 0 , 0 , 0 , 0 , 0 , 0 , 0 , 0 , 0 , 0 , 
0 , 0 , 0 , 0 , 0 , 0 , 0 , 0 , 0 , 0 , 0 , 0 , 0 , 0 , 0 , 0 , 0 , 0 , 0 , 0 , 0 , 0 , 0 , 0 , 0 , 0 , 0 , 0 , 0 , 0 , 0 , 0 , 0 , 
0 , 0 , 0 , 0 , 0 , 0 , 0 , 0 , 0 , 0 , 0 , 0 , 0 , 0 , 0 , 0 , 0 , 0 , 0 , 0 , 0 , 0 , 0 , 0 , 0 , 0 , 0 , 0 , 0 , 0 , 0 , 0 , 0 , 
0 , 0 , 0 , 0 , 0 , 0 , 0 , 0 , 0 , 0 , 0 , 0 , 0 , 0 , 0 , 0 , 0 , 0 , 0 , 0 , 0 , 0 , 0 , 0 , 0 , 0 , 0 , 0 , 0 , 0 , 0 , 0 , 0 , 
0 , 0 , 0 , 0 , 0 , 0 , 0 , 0 , 0 , 0 , 0 , 0 , 0 , 0 , 0 , 0 , 0 , 0 , 0 , 0 , 0 , 0 , 0 , 0 , 0 , 0 , 0 , 0 , 0 , 0 , 0 , 0 , 0 , 
0 , 0 , 0 , 0 , 0 , 0 , 0 , 0 , 0 , 0 , 0 , 0 , 0 , 0 , 0 , 0 , 0 , 0 , 0 , 0 , 0 , 0 , 0 , 0 , 0 , 0 , 0 , 0 , 0 , 0 , 0 , 0 , 0 , 
0 , 0 , 0 , 0 , 0 , 0 , 0 , 0 , 0 , 0 , 0 , 0 , 0 , 0 , 0 , 0 , 0 , 0 , 0 , 0 , 0 , 0 , 0 , 0 , 0 , 0 , 0 , 0 , 0 , 0 , 0 , 0 , 0 , 
0 , 0 , 0 , 0 , 0 , 0 , 0 , 0 , 0 , 0 , 0 , 0 , 0 , 0 , 0 , 0 , 0 , 0 , 0 , 0 , 0 , 0 , 0 , 0 , 0 , 0 , 0 , 0 , 0 , 0 , 0 , 0 , 0 , 
0 , 0 , 0 , 0 , 0 , 0 , 0 , 0 , 0 , 0 , 0 , 0 , 0 , 0 , 0 , 0 , 0 , 0 , 0 , 0 , 0 , 0 , 0 , 0 , 0 , 0 , 0 , 0 , 0 , 0 , 0 , 0 , 0 , 
0 , 0 , 0 , 0 , 0 , 0 , 0 , 0 , 0 , 0 , 0 , 0 , 0 , 0 , 0 , 0 , 0 , 0 , 0 , 0 , 0 , 0 , 0 , 0 , 0 , 0 , 0 , 0 , 0 , 0 , 0 , 0 , 0 , 
0 , 0 , 0 , 0 , 0 , 0 , 0 , 0 , 0 , 0 , 0 , 0 , 0 , 0 , 0 , 0 , 0 , 0 , 0 , 0 , 0 , 0 , 0 , 0 , 0 , 0 , 0 , 0 , 0 , 0 , 0 , 0 , 0 , 
0 , 0 , 0 , 0 , 0 , 0 , 0 , 0 , 0 , 0 , 0 , 0 , 0 , 0 , 0 , 0 , 0 , 0 , 0 , 0 , 0 , 0 , 0 , 0 , 0 , 0 , 0 , 0 , 0 , 0 , 0 , 0 , 0 , 
0 , 0 , 0 , 0 , 0 , 0 , 0 , 0 , 0 , 0 , 0 , 0 , 0 , 0 , 0 , 0 , 0 , 0 , 0 , 0 , 0 , 0 , 0 , 0 , 0 , 0 , 0 , 0 , 0 , 0 , 0 , 0 , 0 , 

