g ,
1e+100 , 0 , 0 , 0 , 0 , 0 , 0 , 0 , 0 , 0 , 0 , 0 , 0 , 0 , 0 , 0 , 0 , 0 , 0 , 0 , 0 , 0 , 0 , 0 , 0 , 0 , 0 , 0 , 0 , 0 , 0 , 0 , 0 , 
1e+100 , 1.02691 , 0 , 0 , 0 , 0 , 0 , 0 , 0 , 0 , 0 , 0 , 0 , 0 , 0 , 0 , 0 , 0 , 0 , 0 , 0 , 0 , 0 , 0 , 0 , 0 , 0 , 0 , 0 , 0 , 0 , 0 , 0 , 
1e+100 , 1.02691 , 1.02691 , 0 , 0 , 0 , 0 , 0 , 0 , 0 , 0 , 0 , 0 , 0 , 0 , 0 , 0 , 0 , 0 , 0 , 0 , 0 , 0 , 0 , 0 , 0 , 0 , 0 , 0 , 0 , 0 , 0 , 0 , 
1e+100 , 1.02691 , 1.02691 , 1.02691 , 0 , 0 , 0 , 0 , 0 , 0 , 0 , 0 , 0 , 0 , 0 , 0 , 0 , 0 , 0 , 0 , 0 , 0 , 0 , 0 , 0 , 0 , 0 , 0 , 0 , 0 , 0 , 0 , 0 , 
1e+100 , 1.03077 , 1.03077 , 0.923851 , 0.923851 , 0 , 0 , 0 , 0 , 0 , 0 , 0 , 0 , 0 , 0 , 0 , 0 , 0 , 0 , 0 , 0 , 0 , 0 , 0 , 0 , 0 , 0 , 0 , 0 , 0 , 0 , 0 , 0 , 
1e+100 , 1.03463 , 1.03463 , 0.927712 , 0.820791 , 0.820791 , 0 , 0 , 0 , 0 , 0 , 0 , 0 , 0 , 0 , 0 , 0 , 0 , 0 , 0 , 0 , 0 , 0 , 0 , 0 , 0 , 0 , 0 , 0 , 0 , 0 , 0 , 0 , 
1e+100 , 1.04031 , 1.04031 , 0.939463 , 0.838613 , 0.866409 , 0.866409 , 0 , 0 , 0 , 0 , 0 , 0 , 0 , 0 , 0 , 0 , 0 , 0 , 0 , 0 , 0 , 0 , 0 , 0 , 0 , 0 , 0 , 0 , 0 , 0 , 0 , 0 , 
1e+100 , 1.04599 , 1.04599 , 0.951214 , 0.856435 , 0.88423 , 0.912026 , 0.912026 , 0 , 0 , 0 , 0 , 0 , 0 , 0 , 0 , 0 , 0 , 0 , 0 , 0 , 0 , 0 , 0 , 0 , 0 , 0 , 0 , 0 , 0 , 0 , 0 , 0 , 
1e+100 , 1.05354 , 1.05354 , 0.963816 , 0.874096 , 0.8962 , 0.918305 , 0.863577 , 0.863577 , 0 , 0 , 0 , 0 , 0 , 0 , 0 , 0 , 0 , 0 , 0 , 0 , 0 , 0 , 0 , 0 , 0 , 0 , 0 , 0 , 0 , 0 , 0 , 0 , 
1e+100 , 1.06108 , 1.06108 , 0.976417 , 0.891757 , 0.908171 , 0.924584 , 0.869856 , 0.815129 , 0.815129 , 0 , 0 , 0 , 0 , 0 , 0 , 0 , 0 , 0 , 0 , 0 , 0 , 0 , 0 , 0 , 0 , 0 , 0 , 0 , 0 , 0 , 0 , 0 , 
1e+100 , 1.06995 , 1.06995 , 0.989543 , 0.909137 , 0.920068 , 0.930999 , 0.878116 , 0.825232 , 0.807072 , 0.807072 , 0 , 0 , 0 , 0 , 0 , 0 , 0 , 0 , 0 , 0 , 0 , 0 , 0 , 0 , 0 , 0 , 0 , 0 , 0 , 0 , 0 , 0 , 
1e+100 , 1.07882 , 1.07882 , 1.00267 , 0.926517 , 0.931966 , 0.937414 , 0.886375 , 0.835335 , 0.817175 , 0.799015 , 0.799015 , 0 , 0 , 0 , 0 , 0 , 0 , 0 , 0 , 0 , 0 , 0 , 0 , 0 , 0 , 0 , 0 , 0 , 0 , 0 , 0 , 0 , 
1e+100 , 1.08838 , 1.08838 , 1.01591 , 0.943451 , 0.943752 , 0.944054 , 0.894751 , 0.845448 , 0.826458 , 0.807468 , 0.779115 , 0.779115 , 0 , 0 , 0 , 0 , 0 , 0 , 0 , 0 , 0 , 0 , 0 , 0 , 0 , 0 , 0 , 0 , 0 , 0 , 0 , 0 , 
1e+100 , 1.09794 , 1.09794 , 1.02916 , 0.960384 , 0.955539 , 0.950694 , 0.903127 , 0.855561 , 0.835741 , 0.815922 , 0.787569 , 0.759215 , 0.759215 , 0 , 0 , 0 , 0 , 0 , 0 , 0 , 0 , 0 , 0 , 0 , 0 , 0 , 0 , 0 , 0 , 0 , 0 , 0 , 
1e+100 , 1.10783 , 1.10783 , 1.04233 , 0.976839 , 0.96725 , 0.957661 , 0.911694 , 0.865727 , 0.845072 , 0.824417 , 0.795631 , 0.766846 , 0.743908 , 0.743908 , 0 , 0 , 0 , 0 , 0 , 0 , 0 , 0 , 0 , 0 , 0 , 0 , 0 , 0 , 0 , 0 , 0 , 0 , 
1e+100 , 1.11772 , 1.11772 , 1.05551 , 0.993295 , 0.978961 , 0.964628 , 0.920261 , 0.875893 , 0.854402 , 0.832912 , 0.803694 , 0.774476 , 0.751538 , 0.7286 , 0.7286 , 0 , 0 , 0 , 0 , 0 , 0 , 0 , 0 , 0 , 0 , 0 , 0 , 0 , 0 , 0 , 0 , 0 , 
1e+100 , 1.12786 , 1.12786 , 1.06862 , 1.00938 , 0.990713 , 0.972042 , 0.929115 , 0.886189 , 0.863855 , 0.841521 , 0.811832 , 0.782143 , 0.757816 , 0.733489 , 0.72265 , 0.72265 , 0 , 0 , 0 , 0 , 0 , 0 , 0 , 0 , 0 , 0 , 0 , 0 , 0 , 0 , 0 , 0 , 
1e+100 , 1.13801 , 1.13801 , 1.08174 , 1.02547 , 1.00246 , 0.979455 , 0.93797 , 0.896484 , 0.873307 , 0.850129 , 0.819969 , 0.789809 , 0.764094 , 0.738379 , 0.727539 , 0.7167 , 0.7167 , 0 , 0 , 0 , 0 , 0 , 0 , 0 , 0 , 0 , 0 , 0 , 0 , 0 , 0 , 0 , 
1e+100 , 1.14846 , 1.14846 , 1.09491 , 1.04136 , 1.01438 , 0.987401 , 0.947188 , 0.906976 , 0.882946 , 0.858915 , 0.828236 , 0.797558 , 0.770421 , 0.743285 , 0.729705 , 0.716125 , 0.696167 , 0.696167 , 0 , 0 , 0 , 0 , 0 , 0 , 0 , 0 , 0 , 0 , 0 , 0 , 0 , 0 , 
1e+100 , 1.15891 , 1.15891 , 1.10808 , 1.05726 , 1.0263 , 0.995346 , 0.956407 , 0.917469 , 0.892585 , 0.867701 , 0.836503 , 0.805306 , 0.776749 , 0.748192 , 0.731871 , 0.715551 , 0.695593 , 0.675635 , 0.675635 , 0 , 0 , 0 , 0 , 0 , 0 , 0 , 0 , 0 , 0 , 0 , 0 , 0 , 
1e+100 , 1.16968 , 1.16968 , 1.12138 , 1.07308 , 1.03845 , 1.00382 , 0.965998 , 0.928174 , 0.902425 , 0.876677 , 0.844916 , 0.813156 , 0.783144 , 0.753132 , 0.734061 , 0.714991 , 0.693765 , 0.672539 , 0.657587 , 0.657587 , 0 , 0 , 0 , 0 , 0 , 0 , 0 , 0 , 0 , 0 , 0 , 0 , 
1e+100 , 1.18045 , 1.18045 , 1.13467 , 1.0889 , 1.0506 , 1.0123 , 0.97559 , 0.938879 , 0.912266 , 0.885653 , 0.853329 , 0.821005 , 0.789538 , 0.758072 , 0.736251 , 0.71443 , 0.691937 , 0.669444 , 0.654492 , 0.63954 , 0.63954 , 0 , 0 , 0 , 0 , 0 , 0 , 0 , 0 , 0 , 0 , 0 , 
1e+100 , 1.19151 , 1.19151 , 1.14811 , 1.10472 , 1.06298 , 1.02124 , 0.985507 , 0.949775 , 0.92229 , 0.894804 , 0.861883 , 0.828962 , 0.796015 , 0.763069 , 0.738491 , 0.713913 , 0.690139 , 0.666365 , 0.650813 , 0.63526 , 0.638358 , 0.638358 , 0 , 0 , 0 , 0 , 0 , 0 , 0 , 0 , 0 , 0 , 
1e+100 , 1.20256 , 1.20256 , 1.16155 , 1.12053 , 1.07536 , 1.03018 , 0.995424 , 0.960671 , 0.932313 , 0.903955 , 0.870437 , 0.836919 , 0.802492 , 0.768066 , 0.740731 , 0.713396 , 0.688341 , 0.663287 , 0.647134 , 0.630981 , 0.634078 , 0.637175 , 0.637175 , 0 , 0 , 0 , 0 , 0 , 0 , 0 , 0 , 0 , 
1e+100 , 1.2138 , 1.2138 , 1.17508 , 1.13637 , 1.08791 , 1.03945 , 1.00558 , 0.9717 , 0.942466 , 0.913232 , 0.879096 , 0.844961 , 0.809041 , 0.773122 , 0.743029 , 0.712935 , 0.686585 , 0.660236 , 0.643469 , 0.626703 , 0.627966 , 0.62923 , 0.630306 , 0.630306 , 0 , 0 , 0 , 0 , 0 , 0 , 0 , 0 , 
1e+100 , 1.22504 , 1.22504 , 1.18862 , 1.1522 , 1.10046 , 1.04873 , 1.01573 , 0.982729 , 0.952619 , 0.92251 , 0.887756 , 0.853002 , 0.81559 , 0.778178 , 0.745326 , 0.712475 , 0.68483 , 0.657184 , 0.639804 , 0.622424 , 0.621855 , 0.621285 , 0.622361 , 0.623437 , 0.623437 , 0 , 0 , 0 , 0 , 0 , 0 , 0 , 
1e+100 , 1.23636 , 1.23636 , 1.2022 , 1.16803 , 1.11312 , 1.05821 , 1.02602 , 0.99383 , 0.962846 , 0.931861 , 0.89648 , 0.861099 , 0.82219 , 0.78328 , 0.747673 , 0.712066 , 0.683114 , 0.654162 , 0.636156 , 0.61815 , 0.615746 , 0.613342 , 0.613931 , 0.61452 , 0.616665 , 0.616665 , 0 , 0 , 0 , 0 , 0 , 0 , 
1e+100 , 1.24769 , 1.24769 , 1.21578 , 1.18387 , 1.12578 , 1.06769 , 1.03631 , 1.00493 , 0.973072 , 0.941213 , 0.905204 , 0.869196 , 0.828789 , 0.788383 , 0.75002 , 0.711657 , 0.681398 , 0.65114 , 0.632508 , 0.613875 , 0.609637 , 0.6054 , 0.605502 , 0.605604 , 0.607749 , 0.609893 , 0.609893 , 0 , 0 , 0 , 0 , 0 , 
1e+100 , 1.25902 , 1.25902 , 1.22936 , 1.1997 , 1.13848 , 1.07727 , 1.04667 , 1.01606 , 0.983331 , 0.950598 , 0.91396 , 0.877322 , 0.835419 , 0.793517 , 0.752401 , 0.711285 , 0.679713 , 0.648141 , 0.628874 , 0.609607 , 0.603533 , 0.597459 , 0.597074 , 0.596688 , 0.598236 , 0.599784 , 0.605541 , 0.605541 , 0 , 0 , 0 , 0 , 
1e+100 , 1.27036 , 1.27036 , 1.24295 , 1.21553 , 1.15119 , 1.08685 , 1.05702 , 1.0272 , 0.99359 , 0.959984 , 0.922716 , 0.885448 , 0.84205 , 0.798651 , 0.754783 , 0.710914 , 0.678028 , 0.645143 , 0.62524 , 0.605338 , 0.597428 , 0.589519 , 0.588645 , 0.587772 , 0.588723 , 0.589674 , 0.595431 , 0.601188 , 0.601188 , 0 , 0 , 0 , 
1e+100 , 1.2817 , 1.2817 , 1.25654 , 1.23137 , 1.16392 , 1.09646 , 1.0674 , 1.03834 , 1.00386 , 0.969384 , 0.931487 , 0.89359 , 0.848698 , 0.803805 , 0.757185 , 0.710564 , 0.676362 , 0.642159 , 0.621618 , 0.601076 , 0.591329 , 0.581582 , 0.58022 , 0.578858 , 0.579212 , 0.579567 , 0.584578 , 0.58959 , 0.60162 , 0.60162 , 0 , 0 , 
1e+100 , 1.29304 , 1.29304 , 1.27012 , 1.24721 , 1.17664 , 1.10608 , 1.07778 , 1.04948 , 1.01413 , 0.978784 , 0.940258 , 0.901732 , 0.855345 , 0.808959 , 0.759587 , 0.710214 , 0.674695 , 0.639176 , 0.617995 , 0.596814 , 0.58523 , 0.573645 , 0.571795 , 0.569944 , 0.569702 , 0.569459 , 0.573725 , 0.577992 , 0.590022 , 0.602052 , 0.602052 , 0 , 
1e+100 , 1.29304 , 1.29304 , 1.27012 , 1.24721 , 1.17664 , 1.10608 , 1.07778 , 1.04948 , 1.01413 , 0.978784 , 0.940258 , 0.901732 , 0.855345 , 0.808959 , 0.759587 , 0.710214 , 0.674695 , 0.639176 , 0.617995 , 0.596814 , 0.58523 , 0.573645 , 0.571795 , 0.569944 , 0.569702 , 0.569459 , 0.573725 , 0.577992 , 0.590022 , 0.602052 , 0.602052 , 0.602052 , 

h ,
1e+100 , 0 , 0 , 0 , 0 , 0 , 0 , 0 , 0 , 0 , 0 , 0 , 0 , 0 , 0 , 0 , 0 , 0 , 0 , 0 , 0 , 0 , 0 , 0 , 0 , 0 , 0 , 0 , 0 , 0 , 0 , 0 , 0 , 
1e+100 , 0.120859 , 0 , 0 , 0 , 0 , 0 , 0 , 0 , 0 , 0 , 0 , 0 , 0 , 0 , 0 , 0 , 0 , 0 , 0 , 0 , 0 , 0 , 0 , 0 , 0 , 0 , 0 , 0 , 0 , 0 , 0 , 0 , 
1e+100 , 0.154783 , 0.120859 , 0 , 0 , 0 , 0 , 0 , 0 , 0 , 0 , 0 , 0 , 0 , 0 , 0 , 0 , 0 , 0 , 0 , 0 , 0 , 0 , 0 , 0 , 0 , 0 , 0 , 0 , 0 , 0 , 0 , 0 , 
1e+100 , 0.166254 , 0.154783 , 0.120859 , 0 , 0 , 0 , 0 , 0 , 0 , 0 , 0 , 0 , 0 , 0 , 0 , 0 , 0 , 0 , 0 , 0 , 0 , 0 , 0 , 0 , 0 , 0 , 0 , 0 , 0 , 0 , 0 , 0 , 
1e+100 , 0.166418 , 0.166254 , 0.154783 , 0.120859 , 0 , 0 , 0 , 0 , 0 , 0 , 0 , 0 , 0 , 0 , 0 , 0 , 0 , 0 , 0 , 0 , 0 , 0 , 0 , 0 , 0 , 0 , 0 , 0 , 0 , 0 , 0 , 0 , 
1e+100 , 0.161502 , 0.166418 , 0.166254 , 0.154783 , 0.120859 , 0 , 0 , 0 , 0 , 0 , 0 , 0 , 0 , 0 , 0 , 0 , 0 , 0 , 0 , 0 , 0 , 0 , 0 , 0 , 0 , 0 , 0 , 0 , 0 , 0 , 0 , 0 , 
1e+100 , 0.154851 , 0.161502 , 0.166418 , 0.166254 , 0.154783 , 0.120859 , 0 , 0 , 0 , 0 , 0 , 0 , 0 , 0 , 0 , 0 , 0 , 0 , 0 , 0 , 0 , 0 , 0 , 0 , 0 , 0 , 0 , 0 , 0 , 0 , 0 , 0 , 
1e+100 , 0.148151 , 0.154851 , 0.161502 , 0.166418 , 0.166254 , 0.154783 , 0.120859 , 0 , 0 , 0 , 0 , 0 , 0 , 0 , 0 , 0 , 0 , 0 , 0 , 0 , 0 , 0 , 0 , 0 , 0 , 0 , 0 , 0 , 0 , 0 , 0 , 0 , 
1e+100 , 0.142163 , 0.148151 , 0.154851 , 0.161502 , 0.166418 , 0.166254 , 0.154783 , 0.120859 , 0 , 0 , 0 , 0 , 0 , 0 , 0 , 0 , 0 , 0 , 0 , 0 , 0 , 0 , 0 , 0 , 0 , 0 , 0 , 0 , 0 , 0 , 0 , 0 , 
1e+100 , 0.137149 , 0.142163 , 0.148151 , 0.154851 , 0.161502 , 0.166418 , 0.166254 , 0.154783 , 0.120859 , 0 , 0 , 0 , 0 , 0 , 0 , 0 , 0 , 0 , 0 , 0 , 0 , 0 , 0 , 0 , 0 , 0 , 0 , 0 , 0 , 0 , 0 , 0 , 
1e+100 , 0.133121 , 0.137149 , 0.142163 , 0.148151 , 0.154851 , 0.161502 , 0.166418 , 0.166254 , 0.154783 , 0.120859 , 0 , 0 , 0 , 0 , 0 , 0 , 0 , 0 , 0 , 0 , 0 , 0 , 0 , 0 , 0 , 0 , 0 , 0 , 0 , 0 , 0 , 0 , 
1e+100 , 0.129975 , 0.133121 , 0.137149 , 0.142163 , 0.148151 , 0.154851 , 0.161502 , 0.166418 , 0.166254 , 0.154783 , 0.120859 , 0 , 0 , 0 , 0 , 0 , 0 , 0 , 0 , 0 , 0 , 0 , 0 , 0 , 0 , 0 , 0 , 0 , 0 , 0 , 0 , 0 , 
1e+100 , 0.127568 , 0.129975 , 0.133121 , 0.137149 , 0.142163 , 0.148151 , 0.154851 , 0.161502 , 0.166418 , 0.166254 , 0.154783 , 0.120859 , 0 , 0 , 0 , 0 , 0 , 0 , 0 , 0 , 0 , 0 , 0 , 0 , 0 , 0 , 0 , 0 , 0 , 0 , 0 , 0 , 
1e+100 , 0.125756 , 0.127568 , 0.129975 , 0.133121 , 0.137149 , 0.142163 , 0.148151 , 0.154851 , 0.161502 , 0.166418 , 0.166254 , 0.154783 , 0.120859 , 0 , 0 , 0 , 0 , 0 , 0 , 0 , 0 , 0 , 0 , 0 , 0 , 0 , 0 , 0 , 0 , 0 , 0 , 0 , 
1e+100 , 0.124409 , 0.125756 , 0.127568 , 0.129975 , 0.133121 , 0.137149 , 0.142163 , 0.148151 , 0.154851 , 0.161502 , 0.166418 , 0.166254 , 0.154783 , 0.120859 , 0 , 0 , 0 , 0 , 0 , 0 , 0 , 0 , 0 , 0 , 0 , 0 , 0 , 0 , 0 , 0 , 0 , 0 , 
1e+100 , 0.123417 , 0.124409 , 0.125756 , 0.127568 , 0.129975 , 0.133121 , 0.137149 , 0.142163 , 0.148151 , 0.154851 , 0.161502 , 0.166418 , 0.166254 , 0.154783 , 0.120859 , 0 , 0 , 0 , 0 , 0 , 0 , 0 , 0 , 0 , 0 , 0 , 0 , 0 , 0 , 0 , 0 , 0 , 
1e+100 , 0.122693 , 0.123417 , 0.124409 , 0.125756 , 0.127568 , 0.129975 , 0.133121 , 0.137149 , 0.142163 , 0.148151 , 0.154851 , 0.161502 , 0.166418 , 0.166254 , 0.154783 , 0.120859 , 0 , 0 , 0 , 0 , 0 , 0 , 0 , 0 , 0 , 0 , 0 , 0 , 0 , 0 , 0 , 0 , 
1e+100 , 0.122168 , 0.122693 , 0.123417 , 0.124409 , 0.125756 , 0.127568 , 0.129975 , 0.133121 , 0.137149 , 0.142163 , 0.148151 , 0.154851 , 0.161502 , 0.166418 , 0.166254 , 0.154783 , 0.120859 , 0 , 0 , 0 , 0 , 0 , 0 , 0 , 0 , 0 , 0 , 0 , 0 , 0 , 0 , 0 , 
1e+100 , 0.12179 , 0.122168 , 0.122693 , 0.123417 , 0.124409 , 0.125756 , 0.127568 , 0.129975 , 0.133121 , 0.137149 , 0.142163 , 0.148151 , 0.154851 , 0.161502 , 0.166418 , 0.166254 , 0.154783 , 0.120859 , 0 , 0 , 0 , 0 , 0 , 0 , 0 , 0 , 0 , 0 , 0 , 0 , 0 , 0 , 
1e+100 , 0.121518 , 0.12179 , 0.122168 , 0.122693 , 0.123417 , 0.124409 , 0.125756 , 0.127568 , 0.129975 , 0.133121 , 0.137149 , 0.142163 , 0.148151 , 0.154851 , 0.161502 , 0.166418 , 0.166254 , 0.154783 , 0.120859 , 0 , 0 , 0 , 0 , 0 , 0 , 0 , 0 , 0 , 0 , 0 , 0 , 0 , 
1e+100 , 0.121325 , 0.121518 , 0.12179 , 0.122168 , 0.122693 , 0.123417 , 0.124409 , 0.125756 , 0.127568 , 0.129975 , 0.133121 , 0.137149 , 0.142163 , 0.148151 , 0.154851 , 0.161502 , 0.166418 , 0.166254 , 0.154783 , 0.120859 , 0 , 0 , 0 , 0 , 0 , 0 , 0 , 0 , 0 , 0 , 0 , 0 , 
1e+100 , 0.121187 , 0.121325 , 0.121518 , 0.12179 , 0.122168 , 0.122693 , 0.123417 , 0.124409 , 0.125756 , 0.127568 , 0.129975 , 0.133121 , 0.137149 , 0.142163 , 0.148151 , 0.154851 , 0.161502 , 0.166418 , 0.166254 , 0.154783 , 0.120859 , 0 , 0 , 0 , 0 , 0 , 0 , 0 , 0 , 0 , 0 , 0 , 
1e+100 , 0.12109 , 0.121187 , 0.121325 , 0.121518 , 0.12179 , 0.122168 , 0.122693 , 0.123417 , 0.124409 , 0.125756 , 0.127568 , 0.129975 , 0.133121 , 0.137149 , 0.142163 , 0.148151 , 0.154851 , 0.161502 , 0.166418 , 0.166254 , 0.154783 , 0.120859 , 0 , 0 , 0 , 0 , 0 , 0 , 0 , 0 , 0 , 0 , 
1e+100 , 0.121021 , 0.12109 , 0.121187 , 0.121325 , 0.121518 , 0.12179 , 0.122168 , 0.122693 , 0.123417 , 0.124409 , 0.125756 , 0.127568 , 0.129975 , 0.133121 , 0.137149 , 0.142163 , 0.148151 , 0.154851 , 0.161502 , 0.166418 , 0.166254 , 0.154783 , 0.120859 , 0 , 0 , 0 , 0 , 0 , 0 , 0 , 0 , 0 , 
1e+100 , 0.120972 , 0.121021 , 0.12109 , 0.121187 , 0.121325 , 0.121518 , 0.12179 , 0.122168 , 0.122693 , 0.123417 , 0.124409 , 0.125756 , 0.127568 , 0.129975 , 0.133121 , 0.137149 , 0.142163 , 0.148151 , 0.154851 , 0.161502 , 0.166418 , 0.166254 , 0.154783 , 0.120859 , 0 , 0 , 0 , 0 , 0 , 0 , 0 , 0 , 
1e+100 , 0.120938 , 0.120972 , 0.121021 , 0.12109 , 0.121187 , 0.121325 , 0.121518 , 0.12179 , 0.122168 , 0.122693 , 0.123417 , 0.124409 , 0.125756 , 0.127568 , 0.129975 , 0.133121 , 0.137149 , 0.142163 , 0.148151 , 0.154851 , 0.161502 , 0.166418 , 0.166254 , 0.154783 , 0.120859 , 0 , 0 , 0 , 0 , 0 , 0 , 0 , 
1e+100 , 0.120914 , 0.120938 , 0.120972 , 0.121021 , 0.12109 , 0.121187 , 0.121325 , 0.121518 , 0.12179 , 0.122168 , 0.122693 , 0.123417 , 0.124409 , 0.125756 , 0.127568 , 0.129975 , 0.133121 , 0.137149 , 0.142163 , 0.148151 , 0.154851 , 0.161502 , 0.166418 , 0.166254 , 0.154783 , 0.120859 , 0 , 0 , 0 , 0 , 0 , 0 , 
1e+100 , 0.120898 , 0.120914 , 0.120938 , 0.120972 , 0.121021 , 0.12109 , 0.121187 , 0.121325 , 0.121518 , 0.12179 , 0.122168 , 0.122693 , 0.123417 , 0.124409 , 0.125756 , 0.127568 , 0.129975 , 0.133121 , 0.137149 , 0.142163 , 0.148151 , 0.154851 , 0.161502 , 0.166418 , 0.166254 , 0.154783 , 0.120859 , 0 , 0 , 0 , 0 , 0 , 
1e+100 , 0.120886 , 0.120898 , 0.120914 , 0.120938 , 0.120972 , 0.121021 , 0.12109 , 0.121187 , 0.121325 , 0.121518 , 0.12179 , 0.122168 , 0.122693 , 0.123417 , 0.124409 , 0.125756 , 0.127568 , 0.129975 , 0.133121 , 0.137149 , 0.142163 , 0.148151 , 0.154851 , 0.161502 , 0.166418 , 0.166254 , 0.154783 , 0.120859 , 0 , 0 , 0 , 0 , 
1e+100 , 0.120878 , 0.120886 , 0.120898 , 0.120914 , 0.120938 , 0.120972 , 0.121021 , 0.12109 , 0.121187 , 0.121325 , 0.121518 , 0.12179 , 0.122168 , 0.122693 , 0.123417 , 0.124409 , 0.125756 , 0.127568 , 0.129975 , 0.133121 , 0.137149 , 0.142163 , 0.148151 , 0.154851 , 0.161502 , 0.166418 , 0.166254 , 0.154783 , 0.120859 , 0 , 0 , 0 , 
1e+100 , 0.120872 , 0.120878 , 0.120886 , 0.120898 , 0.120914 , 0.120938 , 0.120972 , 0.121021 , 0.12109 , 0.121187 , 0.121325 , 0.121518 , 0.12179 , 0.122168 , 0.122693 , 0.123417 , 0.124409 , 0.125756 , 0.127568 , 0.129975 , 0.133121 , 0.137149 , 0.142163 , 0.148151 , 0.154851 , 0.161502 , 0.166418 , 0.166254 , 0.154783 , 0.120859 , 0 , 0 , 
1e+100 , 0.120868 , 0.120872 , 0.120878 , 0.120886 , 0.120898 , 0.120914 , 0.120938 , 0.120972 , 0.121021 , 0.12109 , 0.121187 , 0.121325 , 0.121518 , 0.12179 , 0.122168 , 0.122693 , 0.123417 , 0.124409 , 0.125756 , 0.127568 , 0.129975 , 0.133121 , 0.137149 , 0.142163 , 0.148151 , 0.154851 , 0.161502 , 0.166418 , 0.166254 , 0.154783 , 0.120859 , 0 , 
1e+100 , 0.120866 , 0.120868 , 0.120872 , 0.120878 , 0.120886 , 0.120898 , 0.120914 , 0.120938 , 0.120972 , 0.121021 , 0.12109 , 0.121187 , 0.121325 , 0.121518 , 0.12179 , 0.122168 , 0.122693 , 0.123417 , 0.124409 , 0.125756 , 0.127568 , 0.129975 , 0.133121 , 0.137149 , 0.142163 , 0.148151 , 0.154851 , 0.161502 , 0.166418 , 0.166254 , 0.154783 , 0.120859 , 

h*g ,
1e+200 , 0 , 0 , 0 , 0 , 0 , 0 , 0 , 0 , 0 , 0 , 0 , 0 , 0 , 0 , 0 , 0 , 0 , 0 , 0 , 0 , 0 , 0 , 0 , 0 , 0 , 0 , 0 , 0 , 0 , 0 , 0 , 0 , 
1e+200 , 0.124112 , 0 , 0 , 0 , 0 , 0 , 0 , 0 , 0 , 0 , 0 , 0 , 0 , 0 , 0 , 0 , 0 , 0 , 0 , 0 , 0 , 0 , 0 , 0 , 0 , 0 , 0 , 0 , 0 , 0 , 0 , 0 , 
1e+200 , 0.158948 , 0.124112 , 0 , 0 , 0 , 0 , 0 , 0 , 0 , 0 , 0 , 0 , 0 , 0 , 0 , 0 , 0 , 0 , 0 , 0 , 0 , 0 , 0 , 0 , 0 , 0 , 0 , 0 , 0 , 0 , 0 , 0 , 
1e+200 , 0.170728 , 0.158948 , 0.124112 , 0 , 0 , 0 , 0 , 0 , 0 , 0 , 0 , 0 , 0 , 0 , 0 , 0 , 0 , 0 , 0 , 0 , 0 , 0 , 0 , 0 , 0 , 0 , 0 , 0 , 0 , 0 , 0 , 0 , 
1e+200 , 0.171539 , 0.17137 , 0.142997 , 0.111656 , 0 , 0 , 0 , 0 , 0 , 0 , 0 , 0 , 0 , 0 , 0 , 0 , 0 , 0 , 0 , 0 , 0 , 0 , 0 , 0 , 0 , 0 , 0 , 0 , 0 , 0 , 0 , 0 , 
1e+200 , 0.167096 , 0.172182 , 0.154236 , 0.127045 , 0.0992004 , 0 , 0 , 0 , 0 , 0 , 0 , 0 , 0 , 0 , 0 , 0 , 0 , 0 , 0 , 0 , 0 , 0 , 0 , 0 , 0 , 0 , 0 , 0 , 0 , 0 , 0 , 0 , 
1e+200 , 0.161093 , 0.168013 , 0.156344 , 0.139423 , 0.134105 , 0.104714 , 0 , 0 , 0 , 0 , 0 , 0 , 0 , 0 , 0 , 0 , 0 , 0 , 0 , 0 , 0 , 0 , 0 , 0 , 0 , 0 , 0 , 0 , 0 , 0 , 0 , 0 , 
1e+200 , 0.154965 , 0.161973 , 0.153623 , 0.142526 , 0.147007 , 0.141166 , 0.110227 , 0 , 0 , 0 , 0 , 0 , 0 , 0 , 0 , 0 , 0 , 0 , 0 , 0 , 0 , 0 , 0 , 0 , 0 , 0 , 0 , 0 , 0 , 0 , 0 , 0 , 
1e+200 , 0.149773 , 0.156082 , 0.149248 , 0.141169 , 0.149144 , 0.152672 , 0.133667 , 0.104371 , 0 , 0 , 0 , 0 , 0 , 0 , 0 , 0 , 0 , 0 , 0 , 0 , 0 , 0 , 0 , 0 , 0 , 0 , 0 , 0 , 0 , 0 , 0 , 0 , 
1e+200 , 0.145526 , 0.150846 , 0.144657 , 0.138089 , 0.146672 , 0.153868 , 0.144617 , 0.126168 , 0.098516 , 0 , 0 , 0 , 0 , 0 , 0 , 0 , 0 , 0 , 0 , 0 , 0 , 0 , 0 , 0 , 0 , 0 , 0 , 0 , 0 , 0 , 0 , 0 , 
1e+200 , 0.142432 , 0.146742 , 0.140676 , 0.134689 , 0.142473 , 0.150359 , 0.146134 , 0.137198 , 0.124921 , 0.0975422 , 0 , 0 , 0 , 0 , 0 , 0 , 0 , 0 , 0 , 0 , 0 , 0 , 0 , 0 , 0 , 0 , 0 , 0 , 0 , 0 , 0 , 0 , 
1e+200 , 0.140219 , 0.143613 , 0.137515 , 0.131716 , 0.138071 , 0.145159 , 0.143152 , 0.139015 , 0.135859 , 0.123674 , 0.0965684 , 0 , 0 , 0 , 0 , 0 , 0 , 0 , 0 , 0 , 0 , 0 , 0 , 0 , 0 , 0 , 0 , 0 , 0 , 0 , 0 , 0 , 
1e+200 , 0.138842 , 0.141462 , 0.135239 , 0.129393 , 0.134166 , 0.139862 , 0.138553 , 0.136542 , 0.137538 , 0.134245 , 0.120594 , 0.0941634 , 0 , 0 , 0 , 0 , 0 , 0 , 0 , 0 , 0 , 0 , 0 , 0 , 0 , 0 , 0 , 0 , 0 , 0 , 0 , 0 , 
1e+200 , 0.138072 , 0.140062 , 0.133765 , 0.127847 , 0.131051 , 0.135153 , 0.133799 , 0.132484 , 0.134974 , 0.135784 , 0.130937 , 0.117514 , 0.0917583 , 0 , 0 , 0 , 0 , 0 , 0 , 0 , 0 , 0 , 0 , 0 , 0 , 0 , 0 , 0 , 0 , 0 , 0 , 0 , 
1e+200 , 0.137823 , 0.139316 , 0.132968 , 0.126964 , 0.128761 , 0.131342 , 0.129609 , 0.128258 , 0.13086 , 0.133145 , 0.132408 , 0.127491 , 0.115144 , 0.0899082 , 0 , 0 , 0 , 0 , 0 , 0 , 0 , 0 , 0 , 0 , 0 , 0 , 0 , 0 , 0 , 0 , 0 , 0 , 
1e+200 , 0.137945 , 0.139054 , 0.132736 , 0.126713 , 0.12724 , 0.128412 , 0.126213 , 0.124519 , 0.12658 , 0.128977 , 0.129798 , 0.128887 , 0.124946 , 0.112775 , 0.0880582 , 0 , 0 , 0 , 0 , 0 , 0 , 0 , 0 , 0 , 0 , 0 , 0 , 0 , 0 , 0 , 0 , 0 , 
1e+200 , 0.138381 , 0.139197 , 0.132946 , 0.126936 , 0.126383 , 0.126341 , 0.123685 , 0.12154 , 0.122808 , 0.124672 , 0.125713 , 0.126318 , 0.126114 , 0.121946 , 0.111854 , 0.087339 , 0 , 0 , 0 , 0 , 0 , 0 , 0 , 0 , 0 , 0 , 0 , 0 , 0 , 0 , 0 , 0 , 
1e+200 , 0.139028 , 0.139625 , 0.133505 , 0.127578 , 0.126066 , 0.124947 , 0.121912 , 0.119341 , 0.119773 , 0.120857 , 0.121479 , 0.122303 , 0.123403 , 0.12288 , 0.120957 , 0.110933 , 0.0866199 , 0 , 0 , 0 , 0 , 0 , 0 , 0 , 0 , 0 , 0 , 0 , 0 , 0 , 0 , 0 , 
1e+200 , 0.13987 , 0.140305 , 0.134338 , 0.128522 , 0.126198 , 0.124172 , 0.120831 , 0.117884 , 0.117538 , 0.117799 , 0.117744 , 0.118159 , 0.1193 , 0.120042 , 0.121436 , 0.119059 , 0.107755 , 0.0841384 , 0 , 0 , 0 , 0 , 0 , 0 , 0 , 0 , 0 , 0 , 0 , 0 , 0 , 0 , 
1e+200 , 0.140828 , 0.141143 , 0.135372 , 0.129718 , 0.126663 , 0.12383 , 0.120274 , 0.11704 , 0.116013 , 0.115509 , 0.114726 , 0.114484 , 0.115076 , 0.115858 , 0.118199 , 0.119081 , 0.115645 , 0.104577 , 0.0816568 , 0 , 0 , 0 , 0 , 0 , 0 , 0 , 0 , 0 , 0 , 0 , 0 , 0 , 
1e+200 , 0.141911 , 0.142137 , 0.136572 , 0.131095 , 0.12741 , 0.123889 , 0.120179 , 0.116724 , 0.115121 , 0.113946 , 0.112476 , 0.111524 , 0.111334 , 0.111577 , 0.11367 , 0.115473 , 0.115455 , 0.111813 , 0.101783 , 0.0794756 , 0 , 0 , 0 , 0 , 0 , 0 , 0 , 0 , 0 , 0 , 0 , 0 , 
1e+200 , 0.143055 , 0.143218 , 0.137884 , 0.132616 , 0.128349 , 0.124202 , 0.120404 , 0.116805 , 0.114723 , 0.112981 , 0.110911 , 0.109293 , 0.108284 , 0.107769 , 0.109076 , 0.11063 , 0.111749 , 0.111408 , 0.108812 , 0.09899 , 0.0772944 , 0 , 0 , 0 , 0 , 0 , 0 , 0 , 0 , 0 , 0 , 0 , 
1e+200 , 0.144279 , 0.144395 , 0.139294 , 0.134243 , 0.129459 , 0.124762 , 0.120914 , 0.117218 , 0.114741 , 0.112527 , 0.109949 , 0.107744 , 0.105966 , 0.104654 , 0.104986 , 0.105767 , 0.106869 , 0.10762 , 0.108307 , 0.105615 , 0.098807 , 0.0771515 , 0 , 0 , 0 , 0 , 0 , 0 , 0 , 0 , 0 , 0 , 
1e+200 , 0.145535 , 0.145618 , 0.140765 , 0.135949 , 0.130675 , 0.125465 , 0.121609 , 0.117867 , 0.115063 , 0.11246 , 0.109463 , 0.106764 , 0.104304 , 0.102246 , 0.101591 , 0.101418 , 0.101978 , 0.102711 , 0.104514 , 0.105007 , 0.105418 , 0.098624 , 0.0770086 , 0 , 0 , 0 , 0 , 0 , 0 , 0 , 0 , 0 , 
1e+200 , 0.146837 , 0.146895 , 0.142291 , 0.137713 , 0.13199 , 0.126313 , 0.122469 , 0.11871 , 0.115634 , 0.112708 , 0.109367 , 0.106259 , 0.103208 , 0.100486 , 0.0989126 , 0.0977784 , 0.0976068 , 0.0978144 , 0.0996418 , 0.101214 , 0.104505 , 0.104612 , 0.0975607 , 0.0761784 , 0 , 0 , 0 , 0 , 0 , 0 , 0 , 0 , 
1e+200 , 0.148154 , 0.148196 , 0.143848 , 0.139519 , 0.133362 , 0.127237 , 0.12343 , 0.119686 , 0.116379 , 0.113185 , 0.109564 , 0.106121 , 0.102565 , 0.0992707 , 0.0968736 , 0.0948452 , 0.0939237 , 0.0934271 , 0.0947875 , 0.096383 , 0.100431 , 0.103393 , 0.10347 , 0.0964975 , 0.0753482 , 0 , 0 , 0 , 0 , 0 , 0 , 0 , 
1e+200 , 0.149494 , 0.149524 , 0.145433 , 0.141356 , 0.134787 , 0.128241 , 0.124482 , 0.120769 , 0.117265 , 0.113843 , 0.109992 , 0.106274 , 0.102288 , 0.0985023 , 0.0953792 , 0.0925505 , 0.0909367 , 0.0897177 , 0.0904376 , 0.0915794 , 0.0953488 , 0.0990563 , 0.102169 , 0.102167 , 0.0954493 , 0.0745298 , 0 , 0 , 0 , 0 , 0 , 0 , 
1e+200 , 0.150842 , 0.150863 , 0.147034 , 0.143215 , 0.136243 , 0.129286 , 0.125588 , 0.121923 , 0.118246 , 0.11463 , 0.110587 , 0.106644 , 0.102287 , 0.0980817 , 0.0943195 , 0.0907847 , 0.0885645 , 0.0866803 , 0.0867478 , 0.0872702 , 0.0903183 , 0.0937466 , 0.09779 , 0.100784 , 0.101041 , 0.0944012 , 0.0737113 , 0 , 0 , 0 , 0 , 0 , 
1e+200 , 0.152198 , 0.152213 , 0.148647 , 0.145089 , 0.137725 , 0.130372 , 0.126741 , 0.123134 , 0.119302 , 0.115515 , 0.111311 , 0.10718 , 0.1025 , 0.0979333 , 0.0936052 , 0.0894485 , 0.0867097 , 0.084242 , 0.0837162 , 0.083607 , 0.0857998 , 0.088514 , 0.0924574 , 0.0963665 , 0.0995574 , 0.0997166 , 0.0937275 , 0.0731853 , 0 , 0 , 0 , 0 , 
1e+200 , 0.153559 , 0.153569 , 0.150269 , 0.146975 , 0.139223 , 0.131479 , 0.127922 , 0.124383 , 0.12041 , 0.11647 , 0.112127 , 0.107838 , 0.102871 , 0.0979887 , 0.0931529 , 0.0884439 , 0.0852662 , 0.0822996 , 0.0812654 , 0.080583 , 0.0819367 , 0.0838076 , 0.0872083 , 0.091017 , 0.0950802 , 0.0981326 , 0.0989931 , 0.0930538 , 0.0726593 , 0 , 0 , 0 , 
1e+200 , 0.154922 , 0.154929 , 0.151898 , 0.14887 , 0.140734 , 0.132604 , 0.129126 , 0.125661 , 0.121557 , 0.117477 , 0.113012 , 0.108588 , 0.103362 , 0.0981991 , 0.092901 , 0.0876956 , 0.0841453 , 0.0807554 , 0.0792986 , 0.0781247 , 0.0787182 , 0.0797634 , 0.0824856 , 0.0857583 , 0.0896915 , 0.0936014 , 0.0972845 , 0.0980219 , 0.0931206 , 0.0727115 , 0 , 0 , 
1e+200 , 0.156287 , 0.156292 , 0.15353 , 0.15077 , 0.142253 , 0.133741 , 0.130345 , 0.126958 , 0.122731 , 0.118521 , 0.113947 , 0.109402 , 0.10394 , 0.0985227 , 0.092797 , 0.0871381 , 0.0832687 , 0.079519 , 0.0777166 , 0.0761345 , 0.0760651 , 0.0763641 , 0.0784211 , 0.0810248 , 0.0844017 , 0.0881812 , 0.092658 , 0.0961884 , 0.0980937 , 0.0931875 , 0.0727636 , 0 , 
1e+200 , 0.156284 , 0.156287 , 0.153523 , 0.15076 , 0.14224 , 0.133722 , 0.130319 , 0.126922 , 0.122682 , 0.118453 , 0.113856 , 0.109278 , 0.103775 , 0.0983033 , 0.0925097 , 0.0867653 , 0.0827802 , 0.078885 , 0.076884 , 0.075053 , 0.0746567 , 0.0745594 , 0.0761178 , 0.0781673 , 0.0809903 , 0.0843658 , 0.0888419 , 0.0933471 , 0.0981904 , 0.100094 , 0.0931875 , 0.0727636 , 

shifts ,
0 , 0 , 0 , 0 , 0 , 0 , 0 , 0 , 0 , 0 , 0 , 0 , 0 , 0 , 0 , 0 , 0 , 0 , 0 , 0 , 0 , 0 , 0 , 0 , 0 , 0 , 0 , 0 , 0 , 0 , 0 , 0 , 0 , 
0 , 0 , 0 , 0 , 0 , 0 , 0 , 0 , 0 , 0 , 0 , 0 , 0 , 0 , 0 , 0 , 0 , 0 , 0 , 0 , 0 , 0 , 0 , 0 , 0 , 0 , 0 , 0 , 0 , 0 , 0 , 0 , 0 , 
0 , 0 , 0 , 0 , 0 , 0 , 0 , 0 , 0 , 0 , 0 , 0 , 0 , 0 , 0 , 0 , 0 , 0 , 0 , 0 , 0 , 0 , 0 , 0 , 0 , 0 , 0 , 0 , 0 , 0 , 0 , 0 , 0 , 
0 , 0 , 0 , 0 , 0 , 0 , 0 , 0 , 0 , 0 , 0 , 0 , 0 , 0 , 0 , 0 , 0 , 0 , 0 , 0 , 0 , 0 , 0 , 0 , 0 , 0 , 0 , 0 , 0 , 0 , 0 , 0 , 0 , 
0 , 0 , 0 , 0 , 0 , 0 , 0 , 0 , 0 , 0 , 0 , 0 , 0 , 0 , 0 , 0 , 0 , 0 , 0 , 0 , 0 , 0 , 0 , 0 , 0 , 0 , 0 , 0 , 0 , 0 , 0 , 0 , 0 , 
0 , 0 , 0 , 0 , 0 , 0 , 0 , 0 , 0 , 0 , 0 , 0 , 0 , 0 , 0 , 0 , 0 , 0 , 0 , 0 , 0 , 0 , 0 , 0 , 0 , 0 , 0 , 0 , 0 , 0 , 0 , 0 , 0 , 
0 , 0 , 0 , 0 , 0 , 0 , 0 , 0 , 0 , 0 , 0 , 0 , 0 , 0 , 0 , 0 , 0 , 0 , 0 , 0 , 0 , 0 , 0 , 0 , 0 , 0 , 0 , 0 , 0 , 0 , 0 , 0 , 0 , 
0 , 0 , 0 , 0 , 0 , 0 , 0 , 0 , 0 , 0 , 0 , 0 , 0 , 0 , 0 , 0 , 0 , 0 , 0 , 0 , 0 , 0 , 0 , 0 , 0 , 0 , 0 , 0 , 0 , 0 , 0 , 0 , 0 , 
0 , 0 , 0 , 0 , 0 , 0 , 0 , 0 , 0 , 0 , 0 , 0 , 0 , 0 , 0 , 0 , 0 , 0 , 0 , 0 , 0 , 0 , 0 , 0 , 0 , 0 , 0 , 0 , 0 , 0 , 0 , 0 , 0 , 
0 , 0 , 0 , 0 , 0 , 0 , 0 , 0 , 0 , 0 , 0 , 0 , 0 , 0 , 0 , 0 , 0 , 0 , 0 , 0 , 0 , 0 , 0 , 0 , 0 , 0 , 0 , 0 , 0 , 0 , 0 , 0 , 0 , 
0 , 0 , 0 , 0 , 0 , 0 , 0 , 0 , 0 , 0 , 0 , 0 , 0 , 0 , 0 , 0 , 0 , 0 , 0 , 0 , 0 , 0 , 0 , 0 , 0 , 0 , 0 , 0 , 0 , 0 , 0 , 0 , 0 , 
0 , 0 , 0 , 0 , 0 , 0 , 0 , 0 , 0 , 0 , 0 , 0 , 0 , 0 , 0 , 0 , 0 , 0 , 0 , 0 , 0 , 0 , 0 , 0 , 0 , 0 , 0 , 0 , 0 , 0 , 0 , 0 , 0 , 
0 , 0 , 0 , 0 , 0 , 0 , 0 , 0 , 0 , 0 , 0 , 0 , 0 , 0 , 0 , 0 , 0 , 0 , 0 , 0 , 0 , 0 , 0 , 0 , 0 , 0 , 0 , 0 , 0 , 0 , 0 , 0 , 0 , 
0 , 0 , 0 , 0 , 0 , 0 , 0 , 0 , 0 , 0 , 0 , 0 , 0 , 0 , 0 , 0 , 0 , 0 , 0 , 0 , 0 , 0 , 0 , 0 , 0 , 0 , 0 , 0 , 0 , 0 , 0 , 0 , 0 , 
0 , 0 , 0 , 0 , 0 , 0 , 0 , 0 , 0 , 0 , 0 , 0 , 0 , 0 , 0 , 0 , 0 , 0 , 0 , 0 , 0 , 0 , 0 , 0 , 0 , 0 , 0 , 0 , 0 , 0 , 0 , 0 , 0 , 
0 , 0 , 0 , 0 , 0 , 0 , 0 , 0 , 0 , 0 , 0 , 0 , 0 , 0 , 0 , 0 , 0 , 0 , 0 , 0 , 0 , 0 , 0 , 0 , 0 , 0 , 0 , 0 , 0 , 0 , 0 , 0 , 0 , 
0 , 0 , 0 , 0 , 0 , 0 , 0 , 0 , 0 , 0 , 0 , 0 , 0 , 0 , 0 , 0 , 0 , 0 , 0 , 0 , 0 , 0 , 0 , 0 , 0 , 0 , 0 , 0 , 0 , 0 , 0 , 0 , 0 , 
0 , 0 , 0 , 0 , 0 , 0 , 0 , 0 , 0 , 0 , 0 , 0 , 0 , 0 , 0 , 0 , 0 , 0 , 0 , 0 , 0 , 0 , 0 , 0 , 0 , 0 , 0 , 0 , 0 , 0 , 0 , 0 , 0 , 
0 , 0 , 0 , 0 , 0 , 0 , 0 , 0 , 0 , 0 , 0 , 0 , 0 , 0 , 0 , 0 , 0 , 0 , 0 , 0 , 0 , 0 , 0 , 0 , 0 , 0 , 0 , 0 , 0 , 0 , 0 , 0 , 0 , 
0 , 0 , 0 , 0 , 0 , 0 , 0 , 0 , 0 , 0 , 0 , 0 , 0 , 0 , 0 , 0 , 0 , 0 , 0 , 0 , 0 , 0 , 0 , 0 , 0 , 0 , 0 , 0 , 0 , 0 , 0 , 0 , 0 , 
0 , 0 , 0 , 0 , 0 , 0 , 0 , 0 , 0 , 0 , 0 , 0 , 0 , 0 , 0 , 0 , 0 , 0 , 0 , 0 , 0 , 0 , 0 , 0 , 0 , 0 , 0 , 0 , 0 , 0 , 0 , 0 , 0 , 
0 , 0 , 0 , 0 , 0 , 0 , 0 , 0 , 0 , 0 , 0 , 0 , 0 , 0 , 0 , 0 , 0 , 0 , 0 , 0 , 0 , 0 , 0 , 0 , 0 , 0 , 0 , 0 , 0 , 0 , 0 , 0 , 0 , 
0 , 0 , 0 , 0 , 0 , 0 , 0 , 0 , 0 , 0 , 0 , 0 , 0 , 0 , 0 , 0 , 0 , 0 , 0 , 0 , 0 , 0 , 0 , 0 , 0 , 0 , 0 , 0 , 0 , 0 , 0 , 0 , 0 , 
0 , 0 , 0 , 0 , 0 , 0 , 0 , 0 , 0 , 0 , 0 , 0 , 0 , 0 , 0 , 0 , 0 , 0 , 0 , 0 , 0 , 0 , 0 , 0 , 0 , 0 , 0 , 0 , 0 , 0 , 0 , 0 , 0 , 
0 , 0 , 0 , 0 , 0 , 0 , 0 , 0 , 0 , 0 , 0 , 0 , 0 , 0 , 0 , 0 , 0 , 0 , 0 , 0 , 0 , 0 , 0 , 0 , 0 , 0 , 0 , 0 , 0 , 0 , 0 , 0 , 0 , 
0 , 0 , 0 , 0 , 0 , 0 , 0 , 0 , 0 , 0 , 0 , 0 , 0 , 0 , 0 , 0 , 0 , 0 , 0 , 0 , 0 , 0 , 0 , 0 , 0 , 0 , 0 , 0 , 0 , 0 , 0 , 0 , 0 , 
0 , 0 , 0 , 0 , 0 , 0 , 0 , 0 , 0 , 0 , 0 , 0 , 0 , 0 , 0 , 0 , 0 , 0 , 0 , 0 , 0 , 0 , 0 , 0 , 0 , 0 , 0 , 0 , 0 , 0 , 0 , 0 , 0 , 
0 , 0 , 0 , 0 , 0 , 0 , 0 , 0 , 0 , 0 , 0 , 0 , 0 , 0 , 0 , 0 , 0 , 0 , 0 , 0 , 0 , 0 , 0 , 0 , 0 , 0 , 0 , 0 , 0 , 0 , 0 , 0 , 0 , 
0 , 0 , 0 , 0 , 0 , 0 , 0 , 0 , 0 , 0 , 0 , 0 , 0 , 0 , 0 , 0 , 0 , 0 , 0 , 0 , 0 , 0 , 0 , 0 , 0 , 0 , 0 , 0 , 0 , 0 , 0 , 0 , 0 , 
0 , 0 , 0 , 0 , 0 , 0 , 0 , 0 , 0 , 0 , 0 , 0 , 0 , 0 , 0 , 0 , 0 , 0 , 0 , 0 , 0 , 0 , 0 , 0 , 0 , 0 , 0 , 0 , 0 , 0 , 0 , 0 , 0 , 
0 , 0 , 0 , 0 , 0 , 0 , 0 , 0 , 0 , 0 , 0 , 0 , 0 , 0 , 0 , 0 , 0 , 0 , 0 , 0 , 0 , 0 , 0 , 0 , 0 , 0 , 0 , 0 , 0 , 0 , 0 , 0 , 0 , 
0 , 0 , 0 , 0 , 0 , 0 , 0 , 0 , 0 , 0 , 0 , 0 , 0 , 0 , 0 , 0 , 0 , 0 , 0 , 0 , 0 , 0 , 0 , 0 , 0 , 0 , 0 , 0 , 0 , 0 , 0 , 0 , 0 , 
0 , 0 , 0 , 0 , 0 , 0 , 0 , 0 , 0 , 0 , 0 , 0 , 0 , 0 , 0 , 0 , 0 , 0 , 0 , 0 , 0 , 0 , 0 , 0 , 0 , 0 , 0 , 0 , 0 , 0 , 0 , 0 , 0 , 

