g ,
1e+100 , 0 , 0 , 0 , 0 , 0 , 0 , 0 , 0 , 0 , 0 , 0 , 0 , 0 , 0 , 0 , 0 , 0 , 0 , 0 , 0 , 0 , 0 , 0 , 0 , 0 , 0 , 0 , 0 , 0 , 0 , 0 , 0 , 
1e+100 , 1.08046 , 0 , 0 , 0 , 0 , 0 , 0 , 0 , 0 , 0 , 0 , 0 , 0 , 0 , 0 , 0 , 0 , 0 , 0 , 0 , 0 , 0 , 0 , 0 , 0 , 0 , 0 , 0 , 0 , 0 , 0 , 0 , 
1e+100 , 1.08046 , 1.08046 , 0 , 0 , 0 , 0 , 0 , 0 , 0 , 0 , 0 , 0 , 0 , 0 , 0 , 0 , 0 , 0 , 0 , 0 , 0 , 0 , 0 , 0 , 0 , 0 , 0 , 0 , 0 , 0 , 0 , 0 , 
1e+100 , 1.08046 , 1.08046 , 1.08046 , 0 , 0 , 0 , 0 , 0 , 0 , 0 , 0 , 0 , 0 , 0 , 0 , 0 , 0 , 0 , 0 , 0 , 0 , 0 , 0 , 0 , 0 , 0 , 0 , 0 , 0 , 0 , 0 , 0 , 
1e+100 , 0.990665 , 0.990665 , 1.04269 , 1.04269 , 0 , 0 , 0 , 0 , 0 , 0 , 0 , 0 , 0 , 0 , 0 , 0 , 0 , 0 , 0 , 0 , 0 , 0 , 0 , 0 , 0 , 0 , 0 , 0 , 0 , 0 , 0 , 0 , 
1e+100 , 0.900865 , 0.900865 , 0.952888 , 1.00491 , 1.00491 , 0 , 0 , 0 , 0 , 0 , 0 , 0 , 0 , 0 , 0 , 0 , 0 , 0 , 0 , 0 , 0 , 0 , 0 , 0 , 0 , 0 , 0 , 0 , 0 , 0 , 0 , 0 , 
1e+100 , 0.97305 , 0.97305 , 0.930229 , 0.887407 , 1.02524 , 1.02524 , 0 , 0 , 0 , 0 , 0 , 0 , 0 , 0 , 0 , 0 , 0 , 0 , 0 , 0 , 0 , 0 , 0 , 0 , 0 , 0 , 0 , 0 , 0 , 0 , 0 , 0 , 
1e+100 , 1.04523 , 1.04523 , 0.90757 , 0.769905 , 0.907737 , 1.04557 , 1.04557 , 0 , 0 , 0 , 0 , 0 , 0 , 0 , 0 , 0 , 0 , 0 , 0 , 0 , 0 , 0 , 0 , 0 , 0 , 0 , 0 , 0 , 0 , 0 , 0 , 0 , 
1e+100 , 1.08134 , 1.08134 , 0.910614 , 0.739887 , 0.864144 , 0.988402 , 0.968539 , 0.968539 , 0 , 0 , 0 , 0 , 0 , 0 , 0 , 0 , 0 , 0 , 0 , 0 , 0 , 0 , 0 , 0 , 0 , 0 , 0 , 0 , 0 , 0 , 0 , 0 , 
1e+100 , 1.11745 , 1.11745 , 0.913659 , 0.709869 , 0.820552 , 0.931234 , 0.911371 , 0.891509 , 0.891509 , 0 , 0 , 0 , 0 , 0 , 0 , 0 , 0 , 0 , 0 , 0 , 0 , 0 , 0 , 0 , 0 , 0 , 0 , 0 , 0 , 0 , 0 , 0 , 
1e+100 , 1.13512 , 1.13512 , 0.975572 , 0.816026 , 0.868579 , 0.921132 , 0.866514 , 0.811897 , 0.889243 , 0.889243 , 0 , 0 , 0 , 0 , 0 , 0 , 0 , 0 , 0 , 0 , 0 , 0 , 0 , 0 , 0 , 0 , 0 , 0 , 0 , 0 , 0 , 0 , 
1e+100 , 1.15279 , 1.15279 , 1.03748 , 0.922183 , 0.916606 , 0.91103 , 0.821657 , 0.732284 , 0.809631 , 0.886977 , 0.886977 , 0 , 0 , 0 , 0 , 0 , 0 , 0 , 0 , 0 , 0 , 0 , 0 , 0 , 0 , 0 , 0 , 0 , 0 , 0 , 0 , 0 , 
1e+100 , 1.12403 , 1.12403 , 1.08289 , 1.04175 , 0.954979 , 0.868211 , 0.819583 , 0.770955 , 0.803074 , 0.835194 , 0.836467 , 0.836467 , 0 , 0 , 0 , 0 , 0 , 0 , 0 , 0 , 0 , 0 , 0 , 0 , 0 , 0 , 0 , 0 , 0 , 0 , 0 , 0 , 
1e+100 , 1.09527 , 1.09527 , 1.12829 , 1.16131 , 0.993352 , 0.825392 , 0.817508 , 0.809625 , 0.796518 , 0.783411 , 0.784684 , 0.785957 , 0.785957 , 0 , 0 , 0 , 0 , 0 , 0 , 0 , 0 , 0 , 0 , 0 , 0 , 0 , 0 , 0 , 0 , 0 , 0 , 0 , 
1e+100 , 1.10328 , 1.10328 , 1.1128 , 1.12232 , 0.999305 , 0.876293 , 0.871263 , 0.866234 , 0.813999 , 0.761763 , 0.776905 , 0.792046 , 0.77879 , 0.77879 , 0 , 0 , 0 , 0 , 0 , 0 , 0 , 0 , 0 , 0 , 0 , 0 , 0 , 0 , 0 , 0 , 0 , 0 , 
1e+100 , 1.11129 , 1.11129 , 1.09731 , 1.08332 , 1.00526 , 0.927194 , 0.925018 , 0.922843 , 0.83148 , 0.740116 , 0.769126 , 0.798135 , 0.784879 , 0.771623 , 0.771623 , 0 , 0 , 0 , 0 , 0 , 0 , 0 , 0 , 0 , 0 , 0 , 0 , 0 , 0 , 0 , 0 , 0 , 
1e+100 , 1.12035 , 1.12035 , 1.08816 , 1.05596 , 0.991907 , 0.927853 , 0.942006 , 0.956159 , 0.851092 , 0.746025 , 0.766176 , 0.786328 , 0.770787 , 0.755245 , 0.785442 , 0.785442 , 0 , 0 , 0 , 0 , 0 , 0 , 0 , 0 , 0 , 0 , 0 , 0 , 0 , 0 , 0 , 0 , 
1e+100 , 1.1294 , 1.1294 , 1.079 , 1.0286 , 0.978556 , 0.928513 , 0.958994 , 0.989476 , 0.870704 , 0.751933 , 0.763227 , 0.774521 , 0.756695 , 0.738868 , 0.769064 , 0.799261 , 0.799261 , 0 , 0 , 0 , 0 , 0 , 0 , 0 , 0 , 0 , 0 , 0 , 0 , 0 , 0 , 0 , 
1e+100 , 1.12933 , 1.12933 , 1.06026 , 0.991185 , 0.952608 , 0.91403 , 0.939878 , 0.965726 , 0.89323 , 0.820734 , 0.818471 , 0.816207 , 0.787962 , 0.759718 , 0.785498 , 0.811278 , 0.728197 , 0.728197 , 0 , 0 , 0 , 0 , 0 , 0 , 0 , 0 , 0 , 0 , 0 , 0 , 0 , 0 , 
1e+100 , 1.12926 , 1.12926 , 1.04152 , 0.95377 , 0.926659 , 0.899547 , 0.920762 , 0.941976 , 0.915756 , 0.889535 , 0.873714 , 0.857893 , 0.81923 , 0.780567 , 0.801931 , 0.823295 , 0.740214 , 0.657134 , 0.657134 , 0 , 0 , 0 , 0 , 0 , 0 , 0 , 0 , 0 , 0 , 0 , 0 , 0 , 
1e+100 , 1.13605 , 1.13605 , 1.04722 , 0.958386 , 0.988644 , 1.0189 , 0.953639 , 0.888375 , 0.929917 , 0.971459 , 0.874763 , 0.778066 , 0.758108 , 0.73815 , 0.786004 , 0.833858 , 0.765358 , 0.696857 , 0.610479 , 0.610479 , 0 , 0 , 0 , 0 , 0 , 0 , 0 , 0 , 0 , 0 , 0 , 0 , 
1e+100 , 1.14284 , 1.14284 , 1.05292 , 0.963002 , 1.05063 , 1.13826 , 0.986515 , 0.834773 , 0.944078 , 1.05338 , 0.875811 , 0.698239 , 0.696986 , 0.695732 , 0.770077 , 0.844422 , 0.790501 , 0.736581 , 0.650203 , 0.563825 , 0.563825 , 0 , 0 , 0 , 0 , 0 , 0 , 0 , 0 , 0 , 0 , 0 , 
1e+100 , 1.20661 , 1.20661 , 1.11366 , 1.02072 , 1.06784 , 1.11496 , 1.01879 , 0.922623 , 0.955437 , 0.988252 , 0.861761 , 0.73527 , 0.695512 , 0.655755 , 0.675403 , 0.695052 , 0.732152 , 0.769253 , 0.673821 , 0.578389 , 0.662349 , 0.662349 , 0 , 0 , 0 , 0 , 0 , 0 , 0 , 0 , 0 , 0 , 
1e+100 , 1.27037 , 1.27037 , 1.17441 , 1.07845 , 1.08506 , 1.09167 , 1.05107 , 1.01047 , 0.966796 , 0.923121 , 0.847711 , 0.7723 , 0.694039 , 0.615778 , 0.58073 , 0.545682 , 0.673803 , 0.801925 , 0.697439 , 0.592954 , 0.676914 , 0.760874 , 0.760874 , 0 , 0 , 0 , 0 , 0 , 0 , 0 , 0 , 0 , 
1e+100 , 1.25314 , 1.25314 , 1.17864 , 1.10415 , 1.09796 , 1.09178 , 1.02335 , 0.954928 , 0.978042 , 1.00116 , 0.939795 , 0.878434 , 0.784651 , 0.690867 , 0.604684 , 0.5185 , 0.617387 , 0.716274 , 0.691841 , 0.667408 , 0.634673 , 0.601938 , 0.664965 , 0.664965 , 0 , 0 , 0 , 0 , 0 , 0 , 0 , 0 , 
1e+100 , 1.2359 , 1.2359 , 1.18287 , 1.12985 , 1.11087 , 1.0919 , 0.99564 , 0.899384 , 0.989288 , 1.07919 , 1.03188 , 0.984568 , 0.875262 , 0.765957 , 0.628637 , 0.491318 , 0.560971 , 0.630624 , 0.686243 , 0.741862 , 0.592432 , 0.443003 , 0.506029 , 0.569056 , 0.569056 , 0 , 0 , 0 , 0 , 0 , 0 , 0 , 
1e+100 , 1.26484 , 1.26484 , 1.20878 , 1.15271 , 1.13229 , 1.11188 , 0.993949 , 0.876023 , 0.993982 , 1.11194 , 1.05501 , 0.998084 , 0.908966 , 0.819848 , 0.679415 , 0.538982 , 0.495864 , 0.452746 , 0.561143 , 0.66954 , 0.650514 , 0.631488 , 0.552101 , 0.472715 , 0.586487 , 0.586487 , 0 , 0 , 0 , 0 , 0 , 0 , 
1e+100 , 1.29377 , 1.29377 , 1.23468 , 1.17558 , 1.15372 , 1.13186 , 0.992259 , 0.852662 , 0.998675 , 1.14469 , 1.07814 , 1.0116 , 0.942669 , 0.873739 , 0.730192 , 0.586646 , 0.430757 , 0.274868 , 0.436043 , 0.597219 , 0.708595 , 0.819972 , 0.598173 , 0.376374 , 0.490146 , 0.603918 , 0.603918 , 0 , 0 , 0 , 0 , 0 , 
1e+100 , 1.29051 , 1.29051 , 1.25023 , 1.20996 , 1.20862 , 1.20727 , 1.08117 , 0.955071 , 1.03305 , 1.11102 , 1.02429 , 0.93756 , 0.887381 , 0.837202 , 0.742515 , 0.647829 , 0.459409 , 0.270988 , 0.284831 , 0.298674 , 0.559043 , 0.819412 , 0.695386 , 0.571361 , 0.509181 , 0.447001 , 0.590685 , 0.590685 , 0 , 0 , 0 , 0 , 
1e+100 , 1.28725 , 1.28725 , 1.26579 , 1.24434 , 1.26351 , 1.28269 , 1.17008 , 1.05748 , 1.06742 , 1.07735 , 0.970438 , 0.863521 , 0.832093 , 0.800665 , 0.754839 , 0.709012 , 0.48806 , 0.267108 , 0.133619 , 0.000129242 , 0.40949 , 0.818851 , 0.7926 , 0.766348 , 0.528216 , 0.290084 , 0.433768 , 0.577452 , 0.577452 , 0 , 0 , 0 , 
1e+100 , 1.21358 , 1.21358 , 1.20696 , 1.20033 , 1.23349 , 1.26666 , 1.16774 , 1.06883 , 1.08266 , 1.09649 , 1.00681 , 0.917123 , 0.869768 , 0.822413 , 0.765442 , 0.708471 , 0.59255 , 0.47663 , 0.25634 , 0.0360497 , 0.265695 , 0.49534 , 0.705669 , 0.915999 , 0.71543 , 0.514861 , 0.428478 , 0.342095 , 0.633786 , 0.633786 , 0 , 0 , 
1e+100 , 1.13992 , 1.13992 , 1.14813 , 1.15633 , 1.20348 , 1.25062 , 1.1654 , 1.08018 , 1.0979 , 1.11563 , 1.04318 , 0.970726 , 0.907443 , 0.84416 , 0.776045 , 0.707929 , 0.69704 , 0.686152 , 0.379061 , 0.0719702 , 0.1219 , 0.171829 , 0.618739 , 1.06565 , 0.902644 , 0.739639 , 0.423188 , 0.106738 , 0.398428 , 0.690119 , 0.690119 , 0 , 
1e+100 , 1.13992 , 1.13992 , 1.14813 , 1.15633 , 1.20348 , 1.25062 , 1.1654 , 1.08018 , 1.0979 , 1.11563 , 1.04318 , 0.970726 , 0.907443 , 0.84416 , 0.776045 , 0.707929 , 0.69704 , 0.686152 , 0.379061 , 0.0719702 , 0.1219 , 0.171829 , 0.618739 , 1.06565 , 0.902644 , 0.739639 , 0.423188 , 0.106738 , 0.398428 , 0.690119 , 0.690119 , 0.690119 , 

h ,
1e+100 , 0 , 0 , 0 , 0 , 0 , 0 , 0 , 0 , 0 , 0 , 0 , 0 , 0 , 0 , 0 , 0 , 0 , 0 , 0 , 0 , 0 , 0 , 0 , 0 , 0 , 0 , 0 , 0 , 0 , 0 , 0 , 0 , 
1e+100 , 0.120859 , 0 , 0 , 0 , 0 , 0 , 0 , 0 , 0 , 0 , 0 , 0 , 0 , 0 , 0 , 0 , 0 , 0 , 0 , 0 , 0 , 0 , 0 , 0 , 0 , 0 , 0 , 0 , 0 , 0 , 0 , 0 , 
1e+100 , 0.154783 , 0.120859 , 0 , 0 , 0 , 0 , 0 , 0 , 0 , 0 , 0 , 0 , 0 , 0 , 0 , 0 , 0 , 0 , 0 , 0 , 0 , 0 , 0 , 0 , 0 , 0 , 0 , 0 , 0 , 0 , 0 , 0 , 
1e+100 , 0.166254 , 0.154783 , 0.120859 , 0 , 0 , 0 , 0 , 0 , 0 , 0 , 0 , 0 , 0 , 0 , 0 , 0 , 0 , 0 , 0 , 0 , 0 , 0 , 0 , 0 , 0 , 0 , 0 , 0 , 0 , 0 , 0 , 0 , 
1e+100 , 0.166418 , 0.166254 , 0.154783 , 0.120859 , 0 , 0 , 0 , 0 , 0 , 0 , 0 , 0 , 0 , 0 , 0 , 0 , 0 , 0 , 0 , 0 , 0 , 0 , 0 , 0 , 0 , 0 , 0 , 0 , 0 , 0 , 0 , 0 , 
1e+100 , 0.161502 , 0.166418 , 0.166254 , 0.154783 , 0.120859 , 0 , 0 , 0 , 0 , 0 , 0 , 0 , 0 , 0 , 0 , 0 , 0 , 0 , 0 , 0 , 0 , 0 , 0 , 0 , 0 , 0 , 0 , 0 , 0 , 0 , 0 , 0 , 
1e+100 , 0.154851 , 0.161502 , 0.166418 , 0.166254 , 0.154783 , 0.120859 , 0 , 0 , 0 , 0 , 0 , 0 , 0 , 0 , 0 , 0 , 0 , 0 , 0 , 0 , 0 , 0 , 0 , 0 , 0 , 0 , 0 , 0 , 0 , 0 , 0 , 0 , 
1e+100 , 0.148151 , 0.154851 , 0.161502 , 0.166418 , 0.166254 , 0.154783 , 0.120859 , 0 , 0 , 0 , 0 , 0 , 0 , 0 , 0 , 0 , 0 , 0 , 0 , 0 , 0 , 0 , 0 , 0 , 0 , 0 , 0 , 0 , 0 , 0 , 0 , 0 , 
1e+100 , 0.142163 , 0.148151 , 0.154851 , 0.161502 , 0.166418 , 0.166254 , 0.154783 , 0.120859 , 0 , 0 , 0 , 0 , 0 , 0 , 0 , 0 , 0 , 0 , 0 , 0 , 0 , 0 , 0 , 0 , 0 , 0 , 0 , 0 , 0 , 0 , 0 , 0 , 
1e+100 , 0.137149 , 0.142163 , 0.148151 , 0.154851 , 0.161502 , 0.166418 , 0.166254 , 0.154783 , 0.120859 , 0 , 0 , 0 , 0 , 0 , 0 , 0 , 0 , 0 , 0 , 0 , 0 , 0 , 0 , 0 , 0 , 0 , 0 , 0 , 0 , 0 , 0 , 0 , 
1e+100 , 0.133121 , 0.137149 , 0.142163 , 0.148151 , 0.154851 , 0.161502 , 0.166418 , 0.166254 , 0.154783 , 0.120859 , 0 , 0 , 0 , 0 , 0 , 0 , 0 , 0 , 0 , 0 , 0 , 0 , 0 , 0 , 0 , 0 , 0 , 0 , 0 , 0 , 0 , 0 , 
1e+100 , 0.129975 , 0.133121 , 0.137149 , 0.142163 , 0.148151 , 0.154851 , 0.161502 , 0.166418 , 0.166254 , 0.154783 , 0.120859 , 0 , 0 , 0 , 0 , 0 , 0 , 0 , 0 , 0 , 0 , 0 , 0 , 0 , 0 , 0 , 0 , 0 , 0 , 0 , 0 , 0 , 
1e+100 , 0.127568 , 0.129975 , 0.133121 , 0.137149 , 0.142163 , 0.148151 , 0.154851 , 0.161502 , 0.166418 , 0.166254 , 0.154783 , 0.120859 , 0 , 0 , 0 , 0 , 0 , 0 , 0 , 0 , 0 , 0 , 0 , 0 , 0 , 0 , 0 , 0 , 0 , 0 , 0 , 0 , 
1e+100 , 0.125756 , 0.127568 , 0.129975 , 0.133121 , 0.137149 , 0.142163 , 0.148151 , 0.154851 , 0.161502 , 0.166418 , 0.166254 , 0.154783 , 0.120859 , 0 , 0 , 0 , 0 , 0 , 0 , 0 , 0 , 0 , 0 , 0 , 0 , 0 , 0 , 0 , 0 , 0 , 0 , 0 , 
1e+100 , 0.124409 , 0.125756 , 0.127568 , 0.129975 , 0.133121 , 0.137149 , 0.142163 , 0.148151 , 0.154851 , 0.161502 , 0.166418 , 0.166254 , 0.154783 , 0.120859 , 0 , 0 , 0 , 0 , 0 , 0 , 0 , 0 , 0 , 0 , 0 , 0 , 0 , 0 , 0 , 0 , 0 , 0 , 
1e+100 , 0.123417 , 0.124409 , 0.125756 , 0.127568 , 0.129975 , 0.133121 , 0.137149 , 0.142163 , 0.148151 , 0.154851 , 0.161502 , 0.166418 , 0.166254 , 0.154783 , 0.120859 , 0 , 0 , 0 , 0 , 0 , 0 , 0 , 0 , 0 , 0 , 0 , 0 , 0 , 0 , 0 , 0 , 0 , 
1e+100 , 0.122693 , 0.123417 , 0.124409 , 0.125756 , 0.127568 , 0.129975 , 0.133121 , 0.137149 , 0.142163 , 0.148151 , 0.154851 , 0.161502 , 0.166418 , 0.166254 , 0.154783 , 0.120859 , 0 , 0 , 0 , 0 , 0 , 0 , 0 , 0 , 0 , 0 , 0 , 0 , 0 , 0 , 0 , 0 , 
1e+100 , 0.122168 , 0.122693 , 0.123417 , 0.124409 , 0.125756 , 0.127568 , 0.129975 , 0.133121 , 0.137149 , 0.142163 , 0.148151 , 0.154851 , 0.161502 , 0.166418 , 0.166254 , 0.154783 , 0.120859 , 0 , 0 , 0 , 0 , 0 , 0 , 0 , 0 , 0 , 0 , 0 , 0 , 0 , 0 , 0 , 
1e+100 , 0.12179 , 0.122168 , 0.122693 , 0.123417 , 0.124409 , 0.125756 , 0.127568 , 0.129975 , 0.133121 , 0.137149 , 0.142163 , 0.148151 , 0.154851 , 0.161502 , 0.166418 , 0.166254 , 0.154783 , 0.120859 , 0 , 0 , 0 , 0 , 0 , 0 , 0 , 0 , 0 , 0 , 0 , 0 , 0 , 0 , 
1e+100 , 0.121518 , 0.12179 , 0.122168 , 0.122693 , 0.123417 , 0.124409 , 0.125756 , 0.127568 , 0.129975 , 0.133121 , 0.137149 , 0.142163 , 0.148151 , 0.154851 , 0.161502 , 0.166418 , 0.166254 , 0.154783 , 0.120859 , 0 , 0 , 0 , 0 , 0 , 0 , 0 , 0 , 0 , 0 , 0 , 0 , 0 , 
1e+100 , 0.121325 , 0.121518 , 0.12179 , 0.122168 , 0.122693 , 0.123417 , 0.124409 , 0.125756 , 0.127568 , 0.129975 , 0.133121 , 0.137149 , 0.142163 , 0.148151 , 0.154851 , 0.161502 , 0.166418 , 0.166254 , 0.154783 , 0.120859 , 0 , 0 , 0 , 0 , 0 , 0 , 0 , 0 , 0 , 0 , 0 , 0 , 
1e+100 , 0.121187 , 0.121325 , 0.121518 , 0.12179 , 0.122168 , 0.122693 , 0.123417 , 0.124409 , 0.125756 , 0.127568 , 0.129975 , 0.133121 , 0.137149 , 0.142163 , 0.148151 , 0.154851 , 0.161502 , 0.166418 , 0.166254 , 0.154783 , 0.120859 , 0 , 0 , 0 , 0 , 0 , 0 , 0 , 0 , 0 , 0 , 0 , 
1e+100 , 0.12109 , 0.121187 , 0.121325 , 0.121518 , 0.12179 , 0.122168 , 0.122693 , 0.123417 , 0.124409 , 0.125756 , 0.127568 , 0.129975 , 0.133121 , 0.137149 , 0.142163 , 0.148151 , 0.154851 , 0.161502 , 0.166418 , 0.166254 , 0.154783 , 0.120859 , 0 , 0 , 0 , 0 , 0 , 0 , 0 , 0 , 0 , 0 , 
1e+100 , 0.121021 , 0.12109 , 0.121187 , 0.121325 , 0.121518 , 0.12179 , 0.122168 , 0.122693 , 0.123417 , 0.124409 , 0.125756 , 0.127568 , 0.129975 , 0.133121 , 0.137149 , 0.142163 , 0.148151 , 0.154851 , 0.161502 , 0.166418 , 0.166254 , 0.154783 , 0.120859 , 0 , 0 , 0 , 0 , 0 , 0 , 0 , 0 , 0 , 
1e+100 , 0.120972 , 0.121021 , 0.12109 , 0.121187 , 0.121325 , 0.121518 , 0.12179 , 0.122168 , 0.122693 , 0.123417 , 0.124409 , 0.125756 , 0.127568 , 0.129975 , 0.133121 , 0.137149 , 0.142163 , 0.148151 , 0.154851 , 0.161502 , 0.166418 , 0.166254 , 0.154783 , 0.120859 , 0 , 0 , 0 , 0 , 0 , 0 , 0 , 0 , 
1e+100 , 0.120938 , 0.120972 , 0.121021 , 0.12109 , 0.121187 , 0.121325 , 0.121518 , 0.12179 , 0.122168 , 0.122693 , 0.123417 , 0.124409 , 0.125756 , 0.127568 , 0.129975 , 0.133121 , 0.137149 , 0.142163 , 0.148151 , 0.154851 , 0.161502 , 0.166418 , 0.166254 , 0.154783 , 0.120859 , 0 , 0 , 0 , 0 , 0 , 0 , 0 , 
1e+100 , 0.120914 , 0.120938 , 0.120972 , 0.121021 , 0.12109 , 0.121187 , 0.121325 , 0.121518 , 0.12179 , 0.122168 , 0.122693 , 0.123417 , 0.124409 , 0.125756 , 0.127568 , 0.129975 , 0.133121 , 0.137149 , 0.142163 , 0.148151 , 0.154851 , 0.161502 , 0.166418 , 0.166254 , 0.154783 , 0.120859 , 0 , 0 , 0 , 0 , 0 , 0 , 
1e+100 , 0.120898 , 0.120914 , 0.120938 , 0.120972 , 0.121021 , 0.12109 , 0.121187 , 0.121325 , 0.121518 , 0.12179 , 0.122168 , 0.122693 , 0.123417 , 0.124409 , 0.125756 , 0.127568 , 0.129975 , 0.133121 , 0.137149 , 0.142163 , 0.148151 , 0.154851 , 0.161502 , 0.166418 , 0.166254 , 0.154783 , 0.120859 , 0 , 0 , 0 , 0 , 0 , 
1e+100 , 0.120886 , 0.120898 , 0.120914 , 0.120938 , 0.120972 , 0.121021 , 0.12109 , 0.121187 , 0.121325 , 0.121518 , 0.12179 , 0.122168 , 0.122693 , 0.123417 , 0.124409 , 0.125756 , 0.127568 , 0.129975 , 0.133121 , 0.137149 , 0.142163 , 0.148151 , 0.154851 , 0.161502 , 0.166418 , 0.166254 , 0.154783 , 0.120859 , 0 , 0 , 0 , 0 , 
1e+100 , 0.120878 , 0.120886 , 0.120898 , 0.120914 , 0.120938 , 0.120972 , 0.121021 , 0.12109 , 0.121187 , 0.121325 , 0.121518 , 0.12179 , 0.122168 , 0.122693 , 0.123417 , 0.124409 , 0.125756 , 0.127568 , 0.129975 , 0.133121 , 0.137149 , 0.142163 , 0.148151 , 0.154851 , 0.161502 , 0.166418 , 0.166254 , 0.154783 , 0.120859 , 0 , 0 , 0 , 
1e+100 , 0.120872 , 0.120878 , 0.120886 , 0.120898 , 0.120914 , 0.120938 , 0.120972 , 0.121021 , 0.12109 , 0.121187 , 0.121325 , 0.121518 , 0.12179 , 0.122168 , 0.122693 , 0.123417 , 0.124409 , 0.125756 , 0.127568 , 0.129975 , 0.133121 , 0.137149 , 0.142163 , 0.148151 , 0.154851 , 0.161502 , 0.166418 , 0.166254 , 0.154783 , 0.120859 , 0 , 0 , 
1e+100 , 0.120868 , 0.120872 , 0.120878 , 0.120886 , 0.120898 , 0.120914 , 0.120938 , 0.120972 , 0.121021 , 0.12109 , 0.121187 , 0.121325 , 0.121518 , 0.12179 , 0.122168 , 0.122693 , 0.123417 , 0.124409 , 0.125756 , 0.127568 , 0.129975 , 0.133121 , 0.137149 , 0.142163 , 0.148151 , 0.154851 , 0.161502 , 0.166418 , 0.166254 , 0.154783 , 0.120859 , 0 , 
1e+100 , 0.120866 , 0.120868 , 0.120872 , 0.120878 , 0.120886 , 0.120898 , 0.120914 , 0.120938 , 0.120972 , 0.121021 , 0.12109 , 0.121187 , 0.121325 , 0.121518 , 0.12179 , 0.122168 , 0.122693 , 0.123417 , 0.124409 , 0.125756 , 0.127568 , 0.129975 , 0.133121 , 0.137149 , 0.142163 , 0.148151 , 0.154851 , 0.161502 , 0.166418 , 0.166254 , 0.154783 , 0.120859 , 

h*g ,
1e+200 , 0 , 0 , 0 , 0 , 0 , 0 , 0 , 0 , 0 , 0 , 0 , 0 , 0 , 0 , 0 , 0 , 0 , 0 , 0 , 0 , 0 , 0 , 0 , 0 , 0 , 0 , 0 , 0 , 0 , 0 , 0 , 0 , 
1e+200 , 0.130584 , 0 , 0 , 0 , 0 , 0 , 0 , 0 , 0 , 0 , 0 , 0 , 0 , 0 , 0 , 0 , 0 , 0 , 0 , 0 , 0 , 0 , 0 , 0 , 0 , 0 , 0 , 0 , 0 , 0 , 0 , 0 , 
1e+200 , 0.167238 , 0.130584 , 0 , 0 , 0 , 0 , 0 , 0 , 0 , 0 , 0 , 0 , 0 , 0 , 0 , 0 , 0 , 0 , 0 , 0 , 0 , 0 , 0 , 0 , 0 , 0 , 0 , 0 , 0 , 0 , 0 , 0 , 
1e+200 , 0.179632 , 0.167238 , 0.130584 , 0 , 0 , 0 , 0 , 0 , 0 , 0 , 0 , 0 , 0 , 0 , 0 , 0 , 0 , 0 , 0 , 0 , 0 , 0 , 0 , 0 , 0 , 0 , 0 , 0 , 0 , 0 , 0 , 0 , 
1e+200 , 0.164865 , 0.164702 , 0.16139 , 0.126019 , 0 , 0 , 0 , 0 , 0 , 0 , 0 , 0 , 0 , 0 , 0 , 0 , 0 , 0 , 0 , 0 , 0 , 0 , 0 , 0 , 0 , 0 , 0 , 0 , 0 , 0 , 0 , 0 , 
1e+200 , 0.145492 , 0.14992 , 0.158422 , 0.155543 , 0.121453 , 0 , 0 , 0 , 0 , 0 , 0 , 0 , 0 , 0 , 0 , 0 , 0 , 0 , 0 , 0 , 0 , 0 , 0 , 0 , 0 , 0 , 0 , 0 , 0 , 0 , 0 , 0 , 
1e+200 , 0.150678 , 0.15715 , 0.154807 , 0.147535 , 0.15869 , 0.12391 , 0 , 0 , 0 , 0 , 0 , 0 , 0 , 0 , 0 , 0 , 0 , 0 , 0 , 0 , 0 , 0 , 0 , 0 , 0 , 0 , 0 , 0 , 0 , 0 , 0 , 0 , 
1e+200 , 0.154852 , 0.161855 , 0.146575 , 0.128126 , 0.150915 , 0.161837 , 0.126367 , 0 , 0 , 0 , 0 , 0 , 0 , 0 , 0 , 0 , 0 , 0 , 0 , 0 , 0 , 0 , 0 , 0 , 0 , 0 , 0 , 0 , 0 , 0 , 0 , 0 , 
1e+200 , 0.153726 , 0.160202 , 0.141009 , 0.119493 , 0.143809 , 0.164326 , 0.149914 , 0.117057 , 0 , 0 , 0 , 0 , 0 , 0 , 0 , 0 , 0 , 0 , 0 , 0 , 0 , 0 , 0 , 0 , 0 , 0 , 0 , 0 , 0 , 0 , 0 , 0 , 
1e+200 , 0.153257 , 0.15886 , 0.135359 , 0.109924 , 0.132521 , 0.154974 , 0.151519 , 0.13799 , 0.107747 , 0 , 0 , 0 , 0 , 0 , 0 , 0 , 0 , 0 , 0 , 0 , 0 , 0 , 0 , 0 , 0 , 0 , 0 , 0 , 0 , 0 , 0 , 0 , 
1e+200 , 0.151108 , 0.15568 , 0.13869 , 0.120895 , 0.1345 , 0.148765 , 0.144204 , 0.134981 , 0.13764 , 0.107473 , 0 , 0 , 0 , 0 , 0 , 0 , 0 , 0 , 0 , 0 , 0 , 0 , 0 , 0 , 0 , 0 , 0 , 0 , 0 , 0 , 0 , 0 , 
1e+200 , 0.149833 , 0.15346 , 0.14229 , 0.1311 , 0.135796 , 0.141074 , 0.1327 , 0.121866 , 0.134605 , 0.137289 , 0.1072 , 0 , 0 , 0 , 0 , 0 , 0 , 0 , 0 , 0 , 0 , 0 , 0 , 0 , 0 , 0 , 0 , 0 , 0 , 0 , 0 , 0 , 
1e+200 , 0.14339 , 0.146095 , 0.144155 , 0.142875 , 0.135762 , 0.128626 , 0.126913 , 0.124511 , 0.133646 , 0.138855 , 0.129471 , 0.101095 , 0 , 0 , 0 , 0 , 0 , 0 , 0 , 0 , 0 , 0 , 0 , 0 , 0 , 0 , 0 , 0 , 0 , 0 , 0 , 0 , 
1e+200 , 0.137737 , 0.139722 , 0.146649 , 0.154595 , 0.136237 , 0.11734 , 0.121115 , 0.125371 , 0.12864 , 0.130374 , 0.130457 , 0.121653 , 0.0949903 , 0 , 0 , 0 , 0 , 0 , 0 , 0 , 0 , 0 , 0 , 0 , 0 , 0 , 0 , 0 , 0 , 0 , 0 , 0 , 
1e+200 , 0.137258 , 0.138744 , 0.141958 , 0.145873 , 0.133028 , 0.120183 , 0.123861 , 0.128333 , 0.126048 , 0.123027 , 0.129291 , 0.131681 , 0.120544 , 0.0941241 , 0 , 0 , 0 , 0 , 0 , 0 , 0 , 0 , 0 , 0 , 0 , 0 , 0 , 0 , 0 , 0 , 0 , 0 , 
1e+200 , 0.137152 , 0.138255 , 0.137993 , 0.138197 , 0.130658 , 0.123429 , 0.126865 , 0.131194 , 0.123184 , 0.114608 , 0.124216 , 0.132824 , 0.13049 , 0.119434 , 0.0932579 , 0 , 0 , 0 , 0 , 0 , 0 , 0 , 0 , 0 , 0 , 0 , 0 , 0 , 0 , 0 , 0 , 0 , 
1e+200 , 0.137459 , 0.13827 , 0.135376 , 0.132794 , 0.126536 , 0.120597 , 0.125401 , 0.131136 , 0.120994 , 0.110524 , 0.118643 , 0.126994 , 0.128273 , 0.125563 , 0.121573 , 0.094928 , 0 , 0 , 0 , 0 , 0 , 0 , 0 , 0 , 0 , 0 , 0 , 0 , 0 , 0 , 0 , 0 , 
1e+200 , 0.137977 , 0.13857 , 0.133167 , 0.127967 , 0.123059 , 0.118449 , 0.124645 , 0.13172 , 0.119416 , 0.106897 , 0.113073 , 0.119935 , 0.122208 , 0.122961 , 0.12786 , 0.123712 , 0.0965982 , 0 , 0 , 0 , 0 , 0 , 0 , 0 , 0 , 0 , 0 , 0 , 0 , 0 , 0 , 0 , 
1e+200 , 0.137541 , 0.137968 , 0.130086 , 0.122329 , 0.118513 , 0.114945 , 0.119898 , 0.12552 , 0.118907 , 0.112563 , 0.116356 , 0.120922 , 0.122017 , 0.122696 , 0.130721 , 0.134878 , 0.112713 , 0.0880095 , 0 , 0 , 0 , 0 , 0 , 0 , 0 , 0 , 0 , 0 , 0 , 0 , 0 , 0 , 
1e+200 , 0.137226 , 0.137532 , 0.12724 , 0.117021 , 0.114365 , 0.111912 , 0.115791 , 0.120166 , 0.119025 , 0.118416 , 0.119829 , 0.12196 , 0.12137 , 0.120871 , 0.129514 , 0.137011 , 0.123064 , 0.101713 , 0.0794208 , 0 , 0 , 0 , 0 , 0 , 0 , 0 , 0 , 0 , 0 , 0 , 0 , 0 , 
1e+200 , 0.137831 , 0.138051 , 0.12754 , 0.117084 , 0.121299 , 0.12575 , 0.118641 , 0.111719 , 0.118628 , 0.126265 , 0.116449 , 0.106711 , 0.107775 , 0.109357 , 0.121713 , 0.13467 , 0.12737 , 0.115856 , 0.0944919 , 0.0737821 , 0 , 0 , 0 , 0 , 0 , 0 , 0 , 0 , 0 , 0 , 0 , 0 , 
1e+200 , 0.138497 , 0.138655 , 0.127949 , 0.117284 , 0.128353 , 0.139656 , 0.121753 , 0.103853 , 0.118724 , 0.134378 , 0.113833 , 0.0929501 , 0.0955909 , 0.0989071 , 0.114088 , 0.130759 , 0.127668 , 0.122581 , 0.108099 , 0.0872705 , 0.0681435 , 0 , 0 , 0 , 0 , 0 , 0 , 0 , 0 , 0 , 0 , 0 , 
1e+200 , 0.146107 , 0.146225 , 0.135115 , 0.124037 , 0.130052 , 0.136213 , 0.124998 , 0.113867 , 0.118865 , 0.124279 , 0.109933 , 0.0955665 , 0.0925871 , 0.0899362 , 0.0960172 , 0.102972 , 0.113374 , 0.124236 , 0.112136 , 0.0961598 , 0.10252 , 0.0800511 , 0 , 0 , 0 , 0 , 0 , 0 , 0 , 0 , 0 , 0 , 
1e+200 , 0.153741 , 0.153829 , 0.142323 , 0.130842 , 0.131854 , 0.132954 , 0.128407 , 0.123978 , 0.119319 , 0.114844 , 0.106605 , 0.0985209 , 0.0902075 , 0.0819728 , 0.0796466 , 0.0775756 , 0.0998245 , 0.124179 , 0.112638 , 0.0986784 , 0.11254 , 0.11777 , 0.0919587 , 0 , 0 , 0 , 0 , 0 , 0 , 0 , 0 , 0 , 
1e+200 , 0.151595 , 0.151656 , 0.142721 , 0.133808 , 0.13321 , 0.132672 , 0.124634 , 0.116661 , 0.119999 , 0.12356 , 0.116919 , 0.110468 , 0.100096 , 0.0897953 , 0.080496 , 0.0711118 , 0.0877694 , 0.106117 , 0.107132 , 0.107788 , 0.105621 , 0.100075 , 0.102925 , 0.0803673 , 0 , 0 , 0 , 0 , 0 , 0 , 0 , 0 , 
1e+200 , 0.149468 , 0.14951 , 0.143152 , 0.136813 , 0.134623 , 0.132474 , 0.120988 , 0.109536 , 0.120859 , 0.132409 , 0.127351 , 0.122489 , 0.11007 , 0.0977116 , 0.0817069 , 0.0654046 , 0.0769367 , 0.0896512 , 0.101667 , 0.114878 , 0.0956793 , 0.0737237 , 0.0841296 , 0.0880803 , 0.0687758 , 0 , 0 , 0 , 0 , 0 , 0 , 0 , 
1e+200 , 0.152937 , 0.152967 , 0.146228 , 0.139502 , 0.137109 , 0.134745 , 0.120591 , 0.106453 , 0.121057 , 0.135843 , 0.129442 , 0.12318 , 0.113083 , 0.103101 , 0.0866717 , 0.070054 , 0.0660098 , 0.0620937 , 0.0797736 , 0.0991929 , 0.100733 , 0.101987 , 0.0918798 , 0.078591 , 0.0907783 , 0.0708825 , 0 , 0 , 0 , 0 , 0 , 0 , 
1e+200 , 0.156414 , 0.156436 , 0.14932 , 0.142213 , 0.139624 , 0.137056 , 0.120249 , 0.103449 , 0.121357 , 0.139411 , 0.131715 , 0.124116 , 0.116341 , 0.108701 , 0.0918261 , 0.0748373 , 0.0559875 , 0.0365906 , 0.0598029 , 0.0849022 , 0.104979 , 0.126973 , 0.0966064 , 0.0626356 , 0.0814889 , 0.0934763 , 0.0729891 , 0 , 0 , 0 , 0 , 0 , 
1e+200 , 0.156005 , 0.15602 , 0.151171 , 0.14633 , 0.146209 , 0.146105 , 0.130919 , 0.115742 , 0.125334 , 0.135009 , 0.124748 , 0.11454 , 0.108875 , 0.103325 , 0.0923754 , 0.0814684 , 0.0586059 , 0.0352216 , 0.0379169 , 0.0409628 , 0.079475 , 0.121396 , 0.107681 , 0.0922762 , 0.084737 , 0.0743158 , 0.091428 , 0.0713898 , 0 , 0 , 0 , 0 , 
1e+200 , 0.1556 , 0.15561 , 0.153031 , 0.150458 , 0.152807 , 0.15517 , 0.141605 , 0.12805 , 0.129357 , 0.13071 , 0.117926 , 0.105168 , 0.101655 , 0.0982358 , 0.0931598 , 0.0882073 , 0.0613766 , 0.0340745 , 0.0173671 , 1.72047e-005 , 0.0561612 , 0.11641 , 0.117424 , 0.11867 , 0.0853082 , 0.0482753 , 0.0721158 , 0.0893798 , 0.0697905 , 0 , 0 , 0 , 
1e+200 , 0.146688 , 0.146695 , 0.145904 , 0.145118 , 0.149147 , 0.153187 , 0.141264 , 0.129351 , 0.131099 , 0.132881 , 0.122151 , 0.111447 , 0.105929 , 0.100472 , 0.0939141 , 0.0874372 , 0.0737184 , 0.0599391 , 0.0327008 , 0.00468555 , 0.0353695 , 0.0679354 , 0.10032 , 0.135706 , 0.110785 , 0.0831513 , 0.0713066 , 0.0568747 , 0.0980993 , 0.0765989 , 0 , 0 , 
1e+200 , 0.13778 , 0.137785 , 0.138783 , 0.139784 , 0.145497 , 0.151218 , 0.140941 , 0.130672 , 0.132869 , 0.135091 , 0.12642 , 0.117773 , 0.110271 , 0.10281 , 0.0948077 , 0.0868577 , 0.0860265 , 0.0853632 , 0.0476692 , 0.00918111 , 0.0158439 , 0.022874 , 0.0848595 , 0.151496 , 0.133727 , 0.114534 , 0.0683459 , 0.0177631 , 0.0662405 , 0.106819 , 0.0834074 , 0 , 
1e+200 , 0.137777 , 0.13778 , 0.138776 , 0.139775 , 0.145483 , 0.151197 , 0.140914 , 0.130635 , 0.132816 , 0.135014 , 0.126318 , 0.117639 , 0.110095 , 0.102581 , 0.0945141 , 0.0864862 , 0.0855218 , 0.0846826 , 0.0471585 , 0.00905069 , 0.0155505 , 0.0223334 , 0.0823671 , 0.146153 , 0.128322 , 0.109578 , 0.065531 , 0.0172384 , 0.0663058 , 0.114735 , 0.106819 , 0.0834074 , 

shifts ,
0 , 0 , 0 , 0 , 0 , 0 , 0 , 0 , 0 , 0 , 0 , 0 , 0 , 0 , 0 , 0 , 0 , 0 , 0 , 0 , 0 , 0 , 0 , 0 , 0 , 0 , 0 , 0 , 0 , 0 , 0 , 0 , 0 , 
0 , 0 , 0 , 0 , 0 , 0 , 0 , 0 , 0 , 0 , 0 , 0 , 0 , 0 , 0 , 0 , 0 , 0 , 0 , 0 , 0 , 0 , 0 , 0 , 0 , 0 , 0 , 0 , 0 , 0 , 0 , 0 , 0 , 
0 , 0 , 0 , 0 , 0 , 0 , 0 , 0 , 0 , 0 , 0 , 0 , 0 , 0 , 0 , 0 , 0 , 0 , 0 , 0 , 0 , 0 , 0 , 0 , 0 , 0 , 0 , 0 , 0 , 0 , 0 , 0 , 0 , 
0 , 0 , 0 , 0 , 0 , 0 , 0 , 0 , 0 , 0 , 0 , 0 , 0 , 0 , 0 , 0 , 0 , 0 , 0 , 0 , 0 , 0 , 0 , 0 , 0 , 0 , 0 , 0 , 0 , 0 , 0 , 0 , 0 , 
0 , 0 , 0 , 0 , 0 , 0 , 0 , 0 , 0 , 0 , 0 , 0 , 0 , 0 , 0 , 0 , 0 , 0 , 0 , 0 , 0 , 0 , 0 , 0 , 0 , 0 , 0 , 0 , 0 , 0 , 0 , 0 , 0 , 
0 , 0 , 0 , 0 , 0 , 0 , 0 , 0 , 0 , 0 , 0 , 0 , 0 , 0 , 0 , 0 , 0 , 0 , 0 , 0 , 0 , 0 , 0 , 0 , 0 , 0 , 0 , 0 , 0 , 0 , 0 , 0 , 0 , 
0 , 0 , 0 , 0 , 0 , 0 , 0 , 0 , 0 , 0 , 0 , 0 , 0 , 0 , 0 , 0 , 0 , 0 , 0 , 0 , 0 , 0 , 0 , 0 , 0 , 0 , 0 , 0 , 0 , 0 , 0 , 0 , 0 , 
0 , 0 , 0 , 0 , 0 , 0 , 0 , 0 , 0 , 0 , 0 , 0 , 0 , 0 , 0 , 0 , 0 , 0 , 0 , 0 , 0 , 0 , 0 , 0 , 0 , 0 , 0 , 0 , 0 , 0 , 0 , 0 , 0 , 
0 , 0 , 0 , 0 , 0 , 0 , 0 , 0 , 0 , 0 , 0 , 0 , 0 , 0 , 0 , 0 , 0 , 0 , 0 , 0 , 0 , 0 , 0 , 0 , 0 , 0 , 0 , 0 , 0 , 0 , 0 , 0 , 0 , 
0 , 0 , 0 , 0 , 0 , 0 , 0 , 0 , 0 , 0 , 0 , 0 , 0 , 0 , 0 , 0 , 0 , 0 , 0 , 0 , 0 , 0 , 0 , 0 , 0 , 0 , 0 , 0 , 0 , 0 , 0 , 0 , 0 , 
0 , 0 , 0 , 0 , 0 , 0 , 0 , 0 , 0 , 0 , 0 , 0 , 0 , 0 , 0 , 0 , 0 , 0 , 0 , 0 , 0 , 0 , 0 , 0 , 0 , 0 , 0 , 0 , 0 , 0 , 0 , 0 , 0 , 
0 , 0 , 0 , 0 , 0 , 0 , 0 , 0 , 0 , 0 , 0 , 0 , 0 , 0 , 0 , 0 , 0 , 0 , 0 , 0 , 0 , 0 , 0 , 0 , 0 , 0 , 0 , 0 , 0 , 0 , 0 , 0 , 0 , 
0 , 0 , 0 , 0 , 0 , 0 , 0 , 0 , 0 , 0 , 0 , 0 , 0 , 0 , 0 , 0 , 0 , 0 , 0 , 0 , 0 , 0 , 0 , 0 , 0 , 0 , 0 , 0 , 0 , 0 , 0 , 0 , 0 , 
0 , 0 , 0 , 0 , 0 , 0 , 0 , 0 , 0 , 0 , 0 , 0 , 0 , 0 , 0 , 0 , 0 , 0 , 0 , 0 , 0 , 0 , 0 , 0 , 0 , 0 , 0 , 0 , 0 , 0 , 0 , 0 , 0 , 
0 , 0 , 0 , 0 , 0 , 0 , 0 , 0 , 0 , 0 , 0 , 0 , 0 , 0 , 0 , 0 , 0 , 0 , 0 , 0 , 0 , 0 , 0 , 0 , 0 , 0 , 0 , 0 , 0 , 0 , 0 , 0 , 0 , 
0 , 0 , 0 , 0 , 0 , 0 , 0 , 0 , 0 , 0 , 0 , 0 , 0 , 0 , 0 , 0 , 0 , 0 , 0 , 0 , 0 , 0 , 0 , 0 , 0 , 0 , 0 , 0 , 0 , 0 , 0 , 0 , 0 , 
0 , 0 , 0 , 0 , 0 , 0 , 0 , 0 , 0 , 0 , 0 , 0 , 0 , 0 , 0 , 0 , 0 , 0 , 0 , 0 , 0 , 0 , 0 , 0 , 0 , 0 , 0 , 0 , 0 , 0 , 0 , 0 , 0 , 
0 , 0 , 0 , 0 , 0 , 0 , 0 , 0 , 0 , 0 , 0 , 0 , 0 , 0 , 0 , 0 , 0 , 0 , 0 , 0 , 0 , 0 , 0 , 0 , 0 , 0 , 0 , 0 , 0 , 0 , 0 , 0 , 0 , 
0 , 0 , 0 , 0 , 0 , 0 , 0 , 0 , 0 , 0 , 0 , 0 , 0 , 0 , 0 , 0 , 0 , 0 , 0 , 0 , 0 , 0 , 0 , 0 , 0 , 0 , 0 , 0 , 0 , 0 , 0 , 0 , 0 , 
0 , 0 , 0 , 0 , 0 , 0 , 0 , 0 , 0 , 0 , 0 , 0 , 0 , 0 , 0 , 0 , 0 , 0 , 0 , 0 , 0 , 0 , 0 , 0 , 0 , 0 , 0 , 0 , 0 , 0 , 0 , 0 , 0 , 
0 , 0 , 0 , 0 , 0 , 0 , 0 , 0 , 0 , 0 , 0 , 0 , 0 , 0 , 0 , 0 , 0 , 0 , 0 , 0 , 0 , 0 , 0 , 0 , 0 , 0 , 0 , 0 , 0 , 0 , 0 , 0 , 0 , 
0 , 0 , 0 , 0 , 0 , 0 , 0 , 0 , 0 , 0 , 0 , 0 , 0 , 0 , 0 , 0 , 0 , 0 , 0 , 0 , 0 , 0 , 0 , 0 , 0 , 0 , 0 , 0 , 0 , 0 , 0 , 0 , 0 , 
0 , 0 , 0 , 0 , 0 , 0 , 0 , 0 , 0 , 0 , 0 , 0 , 0 , 0 , 0 , 0 , 0 , 0 , 0 , 0 , 0 , 0 , 0 , 0 , 0 , 0 , 0 , 0 , 0 , 0 , 0 , 0 , 0 , 
0 , 0 , 0 , 0 , 0 , 0 , 0 , 0 , 0 , 0 , 0 , 0 , 0 , 0 , 0 , 0 , 0 , 0 , 0 , 0 , 0 , 0 , 0 , 0 , 0 , 0 , 0 , 0 , 0 , 0 , 0 , 0 , 0 , 
0 , 0 , 0 , 0 , 0 , 0 , 0 , 0 , 0 , 0 , 0 , 0 , 0 , 0 , 0 , 0 , 0 , 0 , 0 , 0 , 0 , 0 , 0 , 0 , 0 , 0 , 0 , 0 , 0 , 0 , 0 , 0 , 0 , 
0 , 0 , 0 , 0 , 0 , 0 , 0 , 0 , 0 , 0 , 0 , 0 , 0 , 0 , 0 , 0 , 0 , 0 , 0 , 0 , 0 , 0 , 0 , 0 , 0 , 0 , 0 , 0 , 0 , 0 , 0 , 0 , 0 , 
0 , 0 , 0 , 0 , 0 , 0 , 0 , 0 , 0 , 0 , 0 , 0 , 0 , 0 , 0 , 0 , 0 , 0 , 0 , 0 , 0 , 0 , 0 , 0 , 0 , 0 , 0 , 0 , 0 , 0 , 0 , 0 , 0 , 
0 , 0 , 0 , 0 , 0 , 0 , 0 , 0 , 0 , 0 , 0 , 0 , 0 , 0 , 0 , 0 , 0 , 0 , 0 , 0 , 0 , 0 , 0 , 0 , 0 , 0 , 0 , 0 , 0 , 0 , 0 , 0 , 0 , 
0 , 0 , 0 , 0 , 0 , 0 , 0 , 0 , 0 , 0 , 0 , 0 , 0 , 0 , 0 , 0 , 0 , 0 , 0 , 0 , 0 , 0 , 0 , 0 , 0 , 0 , 0 , 0 , 0 , 0 , 0 , 0 , 0 , 
0 , 0 , 0 , 0 , 0 , 0 , 0 , 0 , 0 , 0 , 0 , 0 , 0 , 0 , 0 , 0 , 0 , 0 , 0 , 0 , 0 , 0 , 0 , 0 , 0 , 0 , 0 , 0 , 0 , 0 , 0 , 0 , 0 , 
0 , 0 , 0 , 0 , 0 , 0 , 0 , 0 , 0 , 0 , 0 , 0 , 0 , 0 , 0 , 0 , 0 , 0 , 0 , 0 , 0 , 0 , 0 , 0 , 0 , 0 , 0 , 0 , 0 , 0 , 0 , 0 , 0 , 
0 , 0 , 0 , 0 , 0 , 0 , 0 , 0 , 0 , 0 , 0 , 0 , 0 , 0 , 0 , 0 , 0 , 0 , 0 , 0 , 0 , 0 , 0 , 0 , 0 , 0 , 0 , 0 , 0 , 0 , 0 , 0 , 0 , 
0 , 0 , 0 , 0 , 0 , 0 , 0 , 0 , 0 , 0 , 0 , 0 , 0 , 0 , 0 , 0 , 0 , 0 , 0 , 0 , 0 , 0 , 0 , 0 , 0 , 0 , 0 , 0 , 0 , 0 , 0 , 0 , 0 , 

