g ,
1e+100 , 0 , 0 , 0 , 0 , 0 , 0 , 0 , 0 , 0 , 0 , 0 , 0 , 0 , 0 , 0 , 0 , 0 , 0 , 0 , 0 , 0 , 0 , 0 , 0 , 0 , 0 , 0 , 0 , 0 , 0 , 0 , 0 , 
1e+100 , 1.07539 , 0 , 0 , 0 , 0 , 0 , 0 , 0 , 0 , 0 , 0 , 0 , 0 , 0 , 0 , 0 , 0 , 0 , 0 , 0 , 0 , 0 , 0 , 0 , 0 , 0 , 0 , 0 , 0 , 0 , 0 , 0 , 
1e+100 , 1.07539 , 1.07539 , 0 , 0 , 0 , 0 , 0 , 0 , 0 , 0 , 0 , 0 , 0 , 0 , 0 , 0 , 0 , 0 , 0 , 0 , 0 , 0 , 0 , 0 , 0 , 0 , 0 , 0 , 0 , 0 , 0 , 0 , 
1e+100 , 1.07539 , 1.07539 , 1.07539 , 0 , 0 , 0 , 0 , 0 , 0 , 0 , 0 , 0 , 0 , 0 , 0 , 0 , 0 , 0 , 0 , 0 , 0 , 0 , 0 , 0 , 0 , 0 , 0 , 0 , 0 , 0 , 0 , 0 , 
1e+100 , 1.00319 , 1.00319 , 1.01411 , 1.01411 , 0 , 0 , 0 , 0 , 0 , 0 , 0 , 0 , 0 , 0 , 0 , 0 , 0 , 0 , 0 , 0 , 0 , 0 , 0 , 0 , 0 , 0 , 0 , 0 , 0 , 0 , 0 , 0 , 
1e+100 , 0.93098 , 0.93098 , 0.941907 , 0.952834 , 0.952834 , 0 , 0 , 0 , 0 , 0 , 0 , 0 , 0 , 0 , 0 , 0 , 0 , 0 , 0 , 0 , 0 , 0 , 0 , 0 , 0 , 0 , 0 , 0 , 0 , 0 , 0 , 0 , 
1e+100 , 0.972129 , 0.972129 , 0.932443 , 0.892757 , 0.987349 , 0.987349 , 0 , 0 , 0 , 0 , 0 , 0 , 0 , 0 , 0 , 0 , 0 , 0 , 0 , 0 , 0 , 0 , 0 , 0 , 0 , 0 , 0 , 0 , 0 , 0 , 0 , 0 , 
1e+100 , 1.01328 , 1.01328 , 0.922979 , 0.83268 , 0.927272 , 1.02186 , 1.02186 , 0 , 0 , 0 , 0 , 0 , 0 , 0 , 0 , 0 , 0 , 0 , 0 , 0 , 0 , 0 , 0 , 0 , 0 , 0 , 0 , 0 , 0 , 0 , 0 , 0 , 
1e+100 , 1.05487 , 1.05487 , 0.933673 , 0.812473 , 0.894663 , 0.976854 , 0.923711 , 0.923711 , 0 , 0 , 0 , 0 , 0 , 0 , 0 , 0 , 0 , 0 , 0 , 0 , 0 , 0 , 0 , 0 , 0 , 0 , 0 , 0 , 0 , 0 , 0 , 0 , 
1e+100 , 1.09647 , 1.09647 , 0.944366 , 0.792266 , 0.862055 , 0.931843 , 0.878701 , 0.825558 , 0.825558 , 0 , 0 , 0 , 0 , 0 , 0 , 0 , 0 , 0 , 0 , 0 , 0 , 0 , 0 , 0 , 0 , 0 , 0 , 0 , 0 , 0 , 0 , 0 , 
1e+100 , 1.12438 , 1.12438 , 0.981662 , 0.838943 , 0.877281 , 0.91562 , 0.869957 , 0.824294 , 0.830698 , 0.830698 , 0 , 0 , 0 , 0 , 0 , 0 , 0 , 0 , 0 , 0 , 0 , 0 , 0 , 0 , 0 , 0 , 0 , 0 , 0 , 0 , 0 , 0 , 
1e+100 , 1.1523 , 1.1523 , 1.01896 , 0.88562 , 0.892508 , 0.899396 , 0.861214 , 0.823031 , 0.829435 , 0.835838 , 0.835838 , 0 , 0 , 0 , 0 , 0 , 0 , 0 , 0 , 0 , 0 , 0 , 0 , 0 , 0 , 0 , 0 , 0 , 0 , 0 , 0 , 0 , 
1e+100 , 1.14987 , 1.14987 , 1.04588 , 0.941895 , 0.920464 , 0.899034 , 0.863628 , 0.828223 , 0.825539 , 0.822854 , 0.804582 , 0.804582 , 0 , 0 , 0 , 0 , 0 , 0 , 0 , 0 , 0 , 0 , 0 , 0 , 0 , 0 , 0 , 0 , 0 , 0 , 0 , 0 , 
1e+100 , 1.14744 , 1.14744 , 1.0728 , 0.99817 , 0.948421 , 0.898671 , 0.866043 , 0.833415 , 0.821642 , 0.80987 , 0.791598 , 0.773327 , 0.773327 , 0 , 0 , 0 , 0 , 0 , 0 , 0 , 0 , 0 , 0 , 0 , 0 , 0 , 0 , 0 , 0 , 0 , 0 , 0 , 
1e+100 , 1.13749 , 1.13749 , 1.08404 , 1.03059 , 0.969493 , 0.908399 , 0.879275 , 0.850151 , 0.829353 , 0.808555 , 0.792388 , 0.776221 , 0.773687 , 0.773687 , 0 , 0 , 0 , 0 , 0 , 0 , 0 , 0 , 0 , 0 , 0 , 0 , 0 , 0 , 0 , 0 , 0 , 0 , 
1e+100 , 1.12755 , 1.12755 , 1.09527 , 1.063 , 0.990565 , 0.918126 , 0.892506 , 0.866887 , 0.837063 , 0.80724 , 0.793177 , 0.779115 , 0.776582 , 0.774048 , 0.774048 , 0 , 0 , 0 , 0 , 0 , 0 , 0 , 0 , 0 , 0 , 0 , 0 , 0 , 0 , 0 , 0 , 0 , 
1e+100 , 1.11655 , 1.11655 , 1.09018 , 1.0638 , 0.994732 , 0.925662 , 0.903338 , 0.881014 , 0.847825 , 0.814635 , 0.797556 , 0.780477 , 0.772418 , 0.764359 , 0.794985 , 0.794985 , 0 , 0 , 0 , 0 , 0 , 0 , 0 , 0 , 0 , 0 , 0 , 0 , 0 , 0 , 0 , 0 , 
1e+100 , 1.10556 , 1.10556 , 1.08508 , 1.0646 , 0.998899 , 0.933198 , 0.91417 , 0.895142 , 0.858586 , 0.822031 , 0.801935 , 0.781839 , 0.768254 , 0.754669 , 0.785295 , 0.815921 , 0.815921 , 0 , 0 , 0 , 0 , 0 , 0 , 0 , 0 , 0 , 0 , 0 , 0 , 0 , 0 , 0 , 
1e+100 , 1.10928 , 1.10928 , 1.08268 , 1.05609 , 1.00108 , 0.946071 , 0.926647 , 0.907224 , 0.874166 , 0.841108 , 0.814339 , 0.787569 , 0.767976 , 0.748383 , 0.773478 , 0.798573 , 0.789957 , 0.789957 , 0 , 0 , 0 , 0 , 0 , 0 , 0 , 0 , 0 , 0 , 0 , 0 , 0 , 0 , 
1e+100 , 1.113 , 1.113 , 1.08029 , 1.04757 , 1.00326 , 0.958945 , 0.939125 , 0.919306 , 0.889746 , 0.860186 , 0.826743 , 0.7933 , 0.767698 , 0.742096 , 0.761661 , 0.781225 , 0.772609 , 0.763992 , 0.763992 , 0 , 0 , 0 , 0 , 0 , 0 , 0 , 0 , 0 , 0 , 0 , 0 , 0 , 
1e+100 , 1.13461 , 1.13461 , 1.09044 , 1.04627 , 1.01343 , 0.98059 , 0.954712 , 0.928833 , 0.907276 , 0.885718 , 0.843299 , 0.80088 , 0.768126 , 0.735371 , 0.746901 , 0.75843 , 0.747325 , 0.736219 , 0.715987 , 0.715987 , 0 , 0 , 0 , 0 , 0 , 0 , 0 , 0 , 0 , 0 , 0 , 0 , 
1e+100 , 1.15623 , 1.15623 , 1.1006 , 1.04497 , 1.0236 , 1.00223 , 0.970298 , 0.938361 , 0.924806 , 0.911251 , 0.859856 , 0.808461 , 0.768554 , 0.728646 , 0.732141 , 0.735635 , 0.722041 , 0.708446 , 0.688214 , 0.667982 , 0.667982 , 0 , 0 , 0 , 0 , 0 , 0 , 0 , 0 , 0 , 0 , 0 , 
1e+100 , 1.18659 , 1.18659 , 1.12097 , 1.05535 , 1.04321 , 1.03108 , 0.989 , 0.94692 , 0.944301 , 0.941683 , 0.881515 , 0.821346 , 0.773536 , 0.725726 , 0.717613 , 0.7095 , 0.694099 , 0.678698 , 0.658607 , 0.638516 , 0.704994 , 0.704994 , 0 , 0 , 0 , 0 , 0 , 0 , 0 , 0 , 0 , 0 , 
1e+100 , 1.21696 , 1.21696 , 1.14134 , 1.06573 , 1.06282 , 1.05992 , 1.0077 , 0.955478 , 0.963797 , 0.972116 , 0.903173 , 0.834231 , 0.778518 , 0.722805 , 0.703085 , 0.683366 , 0.666158 , 0.648951 , 0.629 , 0.609049 , 0.675528 , 0.742007 , 0.742007 , 0 , 0 , 0 , 0 , 0 , 0 , 0 , 0 , 0 , 
1e+100 , 1.2417 , 1.2417 , 1.16246 , 1.08321 , 1.08797 , 1.09273 , 1.02805 , 0.963376 , 0.985075 , 1.00677 , 0.93021 , 0.853648 , 0.790465 , 0.727283 , 0.693385 , 0.659487 , 0.637851 , 0.616214 , 0.596283 , 0.576352 , 0.647509 , 0.718666 , 0.625278 , 0.625278 , 0 , 0 , 0 , 0 , 0 , 0 , 0 , 0 , 
1e+100 , 1.26645 , 1.26645 , 1.18357 , 1.10069 , 1.11312 , 1.12554 , 1.04841 , 0.971274 , 1.00635 , 1.04143 , 0.957247 , 0.873065 , 0.802413 , 0.731761 , 0.683685 , 0.635609 , 0.609543 , 0.583477 , 0.563567 , 0.543656 , 0.619491 , 0.695326 , 0.601937 , 0.508548 , 0.508548 , 0 , 0 , 0 , 0 , 0 , 0 , 0 , 
1e+100 , 1.27807 , 1.27807 , 1.19817 , 1.11827 , 1.13794 , 1.1576 , 1.06712 , 0.976644 , 1.02612 , 1.07559 , 0.984787 , 0.893985 , 0.816795 , 0.739605 , 0.676376 , 0.613147 , 0.580069 , 0.546991 , 0.52575 , 0.50451 , 0.58746 , 0.67041 , 0.615545 , 0.56068 , 0.558805 , 0.558805 , 0 , 0 , 0 , 0 , 0 , 0 , 
1e+100 , 1.2897 , 1.2897 , 1.21278 , 1.13585 , 1.16276 , 1.18966 , 1.08584 , 0.982014 , 1.04588 , 1.10975 , 1.01233 , 0.914906 , 0.831178 , 0.74745 , 0.669067 , 0.590685 , 0.550595 , 0.510505 , 0.487934 , 0.465364 , 0.555429 , 0.645494 , 0.629153 , 0.612811 , 0.610936 , 0.609061 , 0.609061 , 0 , 0 , 0 , 0 , 0 , 
1e+100 , 1.28558 , 1.28558 , 1.21678 , 1.14799 , 1.18243 , 1.21687 , 1.09976 , 0.982652 , 1.06102 , 1.13938 , 1.03606 , 0.932745 , 0.843295 , 0.753844 , 0.660301 , 0.566758 , 0.518635 , 0.470511 , 0.445034 , 0.419556 , 0.517621 , 0.615686 , 0.6402 , 0.664714 , 0.616092 , 0.567469 , 0.603491 , 0.603491 , 0 , 0 , 0 , 0 , 
1e+100 , 1.28146 , 1.28146 , 1.22079 , 1.16012 , 1.20211 , 1.24409 , 1.11369 , 0.98329 , 1.07615 , 1.16902 , 1.0598 , 0.950584 , 0.855411 , 0.760239 , 0.651535 , 0.542832 , 0.486675 , 0.430518 , 0.402133 , 0.373748 , 0.479813 , 0.585878 , 0.651247 , 0.716617 , 0.621247 , 0.525877 , 0.561899 , 0.59792 , 0.59792 , 0 , 0 , 0 , 
1e+100 , 1.27112 , 1.27112 , 1.22051 , 1.16989 , 1.21971 , 1.26953 , 1.12599 , 0.982456 , 1.08991 , 1.19736 , 1.0825 , 0.967631 , 0.866965 , 0.7663 , 0.64247 , 0.51864 , 0.454357 , 0.390074 , 0.358264 , 0.326453 , 0.440517 , 0.554581 , 0.662078 , 0.769575 , 0.627656 , 0.485738 , 0.484367 , 0.482995 , 0.733037 , 0.733037 , 0 , 0 , 
1e+100 , 1.26078 , 1.26078 , 1.22022 , 1.17967 , 1.23732 , 1.29498 , 1.1383 , 0.981621 , 1.10367 , 1.22571 , 1.10519 , 0.984677 , 0.878519 , 0.77236 , 0.633404 , 0.494448 , 0.422039 , 0.34963 , 0.314394 , 0.279158 , 0.401221 , 0.523283 , 0.672908 , 0.822533 , 0.634066 , 0.445599 , 0.406835 , 0.36807 , 0.618112 , 0.868153 , 0.868153 , 0 , 
1e+100 , 1.26078 , 1.26078 , 1.22022 , 1.17967 , 1.23732 , 1.29498 , 1.1383 , 0.981621 , 1.10367 , 1.22571 , 1.10519 , 0.984677 , 0.878519 , 0.77236 , 0.633404 , 0.494448 , 0.422039 , 0.34963 , 0.314394 , 0.279158 , 0.401221 , 0.523283 , 0.672908 , 0.822533 , 0.634066 , 0.445599 , 0.406835 , 0.36807 , 0.618112 , 0.868153 , 0.868153 , 0.868153 , 

h ,
1e+100 , 0 , 0 , 0 , 0 , 0 , 0 , 0 , 0 , 0 , 0 , 0 , 0 , 0 , 0 , 0 , 0 , 0 , 0 , 0 , 0 , 0 , 0 , 0 , 0 , 0 , 0 , 0 , 0 , 0 , 0 , 0 , 0 , 
1e+100 , 0.120859 , 0 , 0 , 0 , 0 , 0 , 0 , 0 , 0 , 0 , 0 , 0 , 0 , 0 , 0 , 0 , 0 , 0 , 0 , 0 , 0 , 0 , 0 , 0 , 0 , 0 , 0 , 0 , 0 , 0 , 0 , 0 , 
1e+100 , 0.154783 , 0.120859 , 0 , 0 , 0 , 0 , 0 , 0 , 0 , 0 , 0 , 0 , 0 , 0 , 0 , 0 , 0 , 0 , 0 , 0 , 0 , 0 , 0 , 0 , 0 , 0 , 0 , 0 , 0 , 0 , 0 , 0 , 
1e+100 , 0.166254 , 0.154783 , 0.120859 , 0 , 0 , 0 , 0 , 0 , 0 , 0 , 0 , 0 , 0 , 0 , 0 , 0 , 0 , 0 , 0 , 0 , 0 , 0 , 0 , 0 , 0 , 0 , 0 , 0 , 0 , 0 , 0 , 0 , 
1e+100 , 0.166418 , 0.166254 , 0.154783 , 0.120859 , 0 , 0 , 0 , 0 , 0 , 0 , 0 , 0 , 0 , 0 , 0 , 0 , 0 , 0 , 0 , 0 , 0 , 0 , 0 , 0 , 0 , 0 , 0 , 0 , 0 , 0 , 0 , 0 , 
1e+100 , 0.161502 , 0.166418 , 0.166254 , 0.154783 , 0.120859 , 0 , 0 , 0 , 0 , 0 , 0 , 0 , 0 , 0 , 0 , 0 , 0 , 0 , 0 , 0 , 0 , 0 , 0 , 0 , 0 , 0 , 0 , 0 , 0 , 0 , 0 , 0 , 
1e+100 , 0.154851 , 0.161502 , 0.166418 , 0.166254 , 0.154783 , 0.120859 , 0 , 0 , 0 , 0 , 0 , 0 , 0 , 0 , 0 , 0 , 0 , 0 , 0 , 0 , 0 , 0 , 0 , 0 , 0 , 0 , 0 , 0 , 0 , 0 , 0 , 0 , 
1e+100 , 0.148151 , 0.154851 , 0.161502 , 0.166418 , 0.166254 , 0.154783 , 0.120859 , 0 , 0 , 0 , 0 , 0 , 0 , 0 , 0 , 0 , 0 , 0 , 0 , 0 , 0 , 0 , 0 , 0 , 0 , 0 , 0 , 0 , 0 , 0 , 0 , 0 , 
1e+100 , 0.142163 , 0.148151 , 0.154851 , 0.161502 , 0.166418 , 0.166254 , 0.154783 , 0.120859 , 0 , 0 , 0 , 0 , 0 , 0 , 0 , 0 , 0 , 0 , 0 , 0 , 0 , 0 , 0 , 0 , 0 , 0 , 0 , 0 , 0 , 0 , 0 , 0 , 
1e+100 , 0.137149 , 0.142163 , 0.148151 , 0.154851 , 0.161502 , 0.166418 , 0.166254 , 0.154783 , 0.120859 , 0 , 0 , 0 , 0 , 0 , 0 , 0 , 0 , 0 , 0 , 0 , 0 , 0 , 0 , 0 , 0 , 0 , 0 , 0 , 0 , 0 , 0 , 0 , 
1e+100 , 0.133121 , 0.137149 , 0.142163 , 0.148151 , 0.154851 , 0.161502 , 0.166418 , 0.166254 , 0.154783 , 0.120859 , 0 , 0 , 0 , 0 , 0 , 0 , 0 , 0 , 0 , 0 , 0 , 0 , 0 , 0 , 0 , 0 , 0 , 0 , 0 , 0 , 0 , 0 , 
1e+100 , 0.129975 , 0.133121 , 0.137149 , 0.142163 , 0.148151 , 0.154851 , 0.161502 , 0.166418 , 0.166254 , 0.154783 , 0.120859 , 0 , 0 , 0 , 0 , 0 , 0 , 0 , 0 , 0 , 0 , 0 , 0 , 0 , 0 , 0 , 0 , 0 , 0 , 0 , 0 , 0 , 
1e+100 , 0.127568 , 0.129975 , 0.133121 , 0.137149 , 0.142163 , 0.148151 , 0.154851 , 0.161502 , 0.166418 , 0.166254 , 0.154783 , 0.120859 , 0 , 0 , 0 , 0 , 0 , 0 , 0 , 0 , 0 , 0 , 0 , 0 , 0 , 0 , 0 , 0 , 0 , 0 , 0 , 0 , 
1e+100 , 0.125756 , 0.127568 , 0.129975 , 0.133121 , 0.137149 , 0.142163 , 0.148151 , 0.154851 , 0.161502 , 0.166418 , 0.166254 , 0.154783 , 0.120859 , 0 , 0 , 0 , 0 , 0 , 0 , 0 , 0 , 0 , 0 , 0 , 0 , 0 , 0 , 0 , 0 , 0 , 0 , 0 , 
1e+100 , 0.124409 , 0.125756 , 0.127568 , 0.129975 , 0.133121 , 0.137149 , 0.142163 , 0.148151 , 0.154851 , 0.161502 , 0.166418 , 0.166254 , 0.154783 , 0.120859 , 0 , 0 , 0 , 0 , 0 , 0 , 0 , 0 , 0 , 0 , 0 , 0 , 0 , 0 , 0 , 0 , 0 , 0 , 
1e+100 , 0.123417 , 0.124409 , 0.125756 , 0.127568 , 0.129975 , 0.133121 , 0.137149 , 0.142163 , 0.148151 , 0.154851 , 0.161502 , 0.166418 , 0.166254 , 0.154783 , 0.120859 , 0 , 0 , 0 , 0 , 0 , 0 , 0 , 0 , 0 , 0 , 0 , 0 , 0 , 0 , 0 , 0 , 0 , 
1e+100 , 0.122693 , 0.123417 , 0.124409 , 0.125756 , 0.127568 , 0.129975 , 0.133121 , 0.137149 , 0.142163 , 0.148151 , 0.154851 , 0.161502 , 0.166418 , 0.166254 , 0.154783 , 0.120859 , 0 , 0 , 0 , 0 , 0 , 0 , 0 , 0 , 0 , 0 , 0 , 0 , 0 , 0 , 0 , 0 , 
1e+100 , 0.122168 , 0.122693 , 0.123417 , 0.124409 , 0.125756 , 0.127568 , 0.129975 , 0.133121 , 0.137149 , 0.142163 , 0.148151 , 0.154851 , 0.161502 , 0.166418 , 0.166254 , 0.154783 , 0.120859 , 0 , 0 , 0 , 0 , 0 , 0 , 0 , 0 , 0 , 0 , 0 , 0 , 0 , 0 , 0 , 
1e+100 , 0.12179 , 0.122168 , 0.122693 , 0.123417 , 0.124409 , 0.125756 , 0.127568 , 0.129975 , 0.133121 , 0.137149 , 0.142163 , 0.148151 , 0.154851 , 0.161502 , 0.166418 , 0.166254 , 0.154783 , 0.120859 , 0 , 0 , 0 , 0 , 0 , 0 , 0 , 0 , 0 , 0 , 0 , 0 , 0 , 0 , 
1e+100 , 0.121518 , 0.12179 , 0.122168 , 0.122693 , 0.123417 , 0.124409 , 0.125756 , 0.127568 , 0.129975 , 0.133121 , 0.137149 , 0.142163 , 0.148151 , 0.154851 , 0.161502 , 0.166418 , 0.166254 , 0.154783 , 0.120859 , 0 , 0 , 0 , 0 , 0 , 0 , 0 , 0 , 0 , 0 , 0 , 0 , 0 , 
1e+100 , 0.121325 , 0.121518 , 0.12179 , 0.122168 , 0.122693 , 0.123417 , 0.124409 , 0.125756 , 0.127568 , 0.129975 , 0.133121 , 0.137149 , 0.142163 , 0.148151 , 0.154851 , 0.161502 , 0.166418 , 0.166254 , 0.154783 , 0.120859 , 0 , 0 , 0 , 0 , 0 , 0 , 0 , 0 , 0 , 0 , 0 , 0 , 
1e+100 , 0.121187 , 0.121325 , 0.121518 , 0.12179 , 0.122168 , 0.122693 , 0.123417 , 0.124409 , 0.125756 , 0.127568 , 0.129975 , 0.133121 , 0.137149 , 0.142163 , 0.148151 , 0.154851 , 0.161502 , 0.166418 , 0.166254 , 0.154783 , 0.120859 , 0 , 0 , 0 , 0 , 0 , 0 , 0 , 0 , 0 , 0 , 0 , 
1e+100 , 0.12109 , 0.121187 , 0.121325 , 0.121518 , 0.12179 , 0.122168 , 0.122693 , 0.123417 , 0.124409 , 0.125756 , 0.127568 , 0.129975 , 0.133121 , 0.137149 , 0.142163 , 0.148151 , 0.154851 , 0.161502 , 0.166418 , 0.166254 , 0.154783 , 0.120859 , 0 , 0 , 0 , 0 , 0 , 0 , 0 , 0 , 0 , 0 , 
1e+100 , 0.121021 , 0.12109 , 0.121187 , 0.121325 , 0.121518 , 0.12179 , 0.122168 , 0.122693 , 0.123417 , 0.124409 , 0.125756 , 0.127568 , 0.129975 , 0.133121 , 0.137149 , 0.142163 , 0.148151 , 0.154851 , 0.161502 , 0.166418 , 0.166254 , 0.154783 , 0.120859 , 0 , 0 , 0 , 0 , 0 , 0 , 0 , 0 , 0 , 
1e+100 , 0.120972 , 0.121021 , 0.12109 , 0.121187 , 0.121325 , 0.121518 , 0.12179 , 0.122168 , 0.122693 , 0.123417 , 0.124409 , 0.125756 , 0.127568 , 0.129975 , 0.133121 , 0.137149 , 0.142163 , 0.148151 , 0.154851 , 0.161502 , 0.166418 , 0.166254 , 0.154783 , 0.120859 , 0 , 0 , 0 , 0 , 0 , 0 , 0 , 0 , 
1e+100 , 0.120938 , 0.120972 , 0.121021 , 0.12109 , 0.121187 , 0.121325 , 0.121518 , 0.12179 , 0.122168 , 0.122693 , 0.123417 , 0.124409 , 0.125756 , 0.127568 , 0.129975 , 0.133121 , 0.137149 , 0.142163 , 0.148151 , 0.154851 , 0.161502 , 0.166418 , 0.166254 , 0.154783 , 0.120859 , 0 , 0 , 0 , 0 , 0 , 0 , 0 , 
1e+100 , 0.120914 , 0.120938 , 0.120972 , 0.121021 , 0.12109 , 0.121187 , 0.121325 , 0.121518 , 0.12179 , 0.122168 , 0.122693 , 0.123417 , 0.124409 , 0.125756 , 0.127568 , 0.129975 , 0.133121 , 0.137149 , 0.142163 , 0.148151 , 0.154851 , 0.161502 , 0.166418 , 0.166254 , 0.154783 , 0.120859 , 0 , 0 , 0 , 0 , 0 , 0 , 
1e+100 , 0.120898 , 0.120914 , 0.120938 , 0.120972 , 0.121021 , 0.12109 , 0.121187 , 0.121325 , 0.121518 , 0.12179 , 0.122168 , 0.122693 , 0.123417 , 0.124409 , 0.125756 , 0.127568 , 0.129975 , 0.133121 , 0.137149 , 0.142163 , 0.148151 , 0.154851 , 0.161502 , 0.166418 , 0.166254 , 0.154783 , 0.120859 , 0 , 0 , 0 , 0 , 0 , 
1e+100 , 0.120886 , 0.120898 , 0.120914 , 0.120938 , 0.120972 , 0.121021 , 0.12109 , 0.121187 , 0.121325 , 0.121518 , 0.12179 , 0.122168 , 0.122693 , 0.123417 , 0.124409 , 0.125756 , 0.127568 , 0.129975 , 0.133121 , 0.137149 , 0.142163 , 0.148151 , 0.154851 , 0.161502 , 0.166418 , 0.166254 , 0.154783 , 0.120859 , 0 , 0 , 0 , 0 , 
1e+100 , 0.120878 , 0.120886 , 0.120898 , 0.120914 , 0.120938 , 0.120972 , 0.121021 , 0.12109 , 0.121187 , 0.121325 , 0.121518 , 0.12179 , 0.122168 , 0.122693 , 0.123417 , 0.124409 , 0.125756 , 0.127568 , 0.129975 , 0.133121 , 0.137149 , 0.142163 , 0.148151 , 0.154851 , 0.161502 , 0.166418 , 0.166254 , 0.154783 , 0.120859 , 0 , 0 , 0 , 
1e+100 , 0.120872 , 0.120878 , 0.120886 , 0.120898 , 0.120914 , 0.120938 , 0.120972 , 0.121021 , 0.12109 , 0.121187 , 0.121325 , 0.121518 , 0.12179 , 0.122168 , 0.122693 , 0.123417 , 0.124409 , 0.125756 , 0.127568 , 0.129975 , 0.133121 , 0.137149 , 0.142163 , 0.148151 , 0.154851 , 0.161502 , 0.166418 , 0.166254 , 0.154783 , 0.120859 , 0 , 0 , 
1e+100 , 0.120868 , 0.120872 , 0.120878 , 0.120886 , 0.120898 , 0.120914 , 0.120938 , 0.120972 , 0.121021 , 0.12109 , 0.121187 , 0.121325 , 0.121518 , 0.12179 , 0.122168 , 0.122693 , 0.123417 , 0.124409 , 0.125756 , 0.127568 , 0.129975 , 0.133121 , 0.137149 , 0.142163 , 0.148151 , 0.154851 , 0.161502 , 0.166418 , 0.166254 , 0.154783 , 0.120859 , 0 , 
1e+100 , 0.120866 , 0.120868 , 0.120872 , 0.120878 , 0.120886 , 0.120898 , 0.120914 , 0.120938 , 0.120972 , 0.121021 , 0.12109 , 0.121187 , 0.121325 , 0.121518 , 0.12179 , 0.122168 , 0.122693 , 0.123417 , 0.124409 , 0.125756 , 0.127568 , 0.129975 , 0.133121 , 0.137149 , 0.142163 , 0.148151 , 0.154851 , 0.161502 , 0.166418 , 0.166254 , 0.154783 , 0.120859 , 

h*g ,
1e+200 , 0 , 0 , 0 , 0 , 0 , 0 , 0 , 0 , 0 , 0 , 0 , 0 , 0 , 0 , 0 , 0 , 0 , 0 , 0 , 0 , 0 , 0 , 0 , 0 , 0 , 0 , 0 , 0 , 0 , 0 , 0 , 0 , 
1e+200 , 0.129971 , 0 , 0 , 0 , 0 , 0 , 0 , 0 , 0 , 0 , 0 , 0 , 0 , 0 , 0 , 0 , 0 , 0 , 0 , 0 , 0 , 0 , 0 , 0 , 0 , 0 , 0 , 0 , 0 , 0 , 0 , 0 , 
1e+200 , 0.166453 , 0.129971 , 0 , 0 , 0 , 0 , 0 , 0 , 0 , 0 , 0 , 0 , 0 , 0 , 0 , 0 , 0 , 0 , 0 , 0 , 0 , 0 , 0 , 0 , 0 , 0 , 0 , 0 , 0 , 0 , 0 , 0 , 
1e+200 , 0.178789 , 0.166453 , 0.129971 , 0 , 0 , 0 , 0 , 0 , 0 , 0 , 0 , 0 , 0 , 0 , 0 , 0 , 0 , 0 , 0 , 0 , 0 , 0 , 0 , 0 , 0 , 0 , 0 , 0 , 0 , 0 , 0 , 0 , 
1e+200 , 0.166949 , 0.166784 , 0.156968 , 0.122565 , 0 , 0 , 0 , 0 , 0 , 0 , 0 , 0 , 0 , 0 , 0 , 0 , 0 , 0 , 0 , 0 , 0 , 0 , 0 , 0 , 0 , 0 , 0 , 0 , 0 , 0 , 0 , 0 , 
1e+200 , 0.150356 , 0.154932 , 0.156596 , 0.147483 , 0.115159 , 0 , 0 , 0 , 0 , 0 , 0 , 0 , 0 , 0 , 0 , 0 , 0 , 0 , 0 , 0 , 0 , 0 , 0 , 0 , 0 , 0 , 0 , 0 , 0 , 0 , 0 , 0 , 
1e+200 , 0.150535 , 0.157001 , 0.155176 , 0.148425 , 0.152825 , 0.11933 , 0 , 0 , 0 , 0 , 0 , 0 , 0 , 0 , 0 , 0 , 0 , 0 , 0 , 0 , 0 , 0 , 0 , 0 , 0 , 0 , 0 , 0 , 0 , 0 , 0 , 0 , 
1e+200 , 0.150118 , 0.156907 , 0.149063 , 0.138573 , 0.154163 , 0.158167 , 0.123502 , 0 , 0 , 0 , 0 , 0 , 0 , 0 , 0 , 0 , 0 , 0 , 0 , 0 , 0 , 0 , 0 , 0 , 0 , 0 , 0 , 0 , 0 , 0 , 0 , 0 , 
1e+200 , 0.149963 , 0.15628 , 0.14458 , 0.131216 , 0.148888 , 0.162406 , 0.142975 , 0.111639 , 0 , 0 , 0 , 0 , 0 , 0 , 0 , 0 , 0 , 0 , 0 , 0 , 0 , 0 , 0 , 0 , 0 , 0 , 0 , 0 , 0 , 0 , 0 , 0 , 
1e+200 , 0.150379 , 0.155877 , 0.139909 , 0.122683 , 0.139224 , 0.155076 , 0.146088 , 0.127782 , 0.0997764 , 0 , 0 , 0 , 0 , 0 , 0 , 0 , 0 , 0 , 0 , 0 , 0 , 0 , 0 , 0 , 0 , 0 , 0 , 0 , 0 , 0 , 0 , 0 , 
1e+200 , 0.149679 , 0.154208 , 0.139556 , 0.12429 , 0.135848 , 0.147875 , 0.144777 , 0.137043 , 0.128578 , 0.100398 , 0 , 0 , 0 , 0 , 0 , 0 , 0 , 0 , 0 , 0 , 0 , 0 , 0 , 0 , 0 , 0 , 0 , 0 , 0 , 0 , 0 , 0 , 
1e+200 , 0.149769 , 0.153395 , 0.139749 , 0.125902 , 0.132226 , 0.139272 , 0.139088 , 0.136967 , 0.137897 , 0.129374 , 0.101019 , 0 , 0 , 0 , 0 , 0 , 0 , 0 , 0 , 0 , 0 , 0 , 0 , 0 , 0 , 0 , 0 , 0 , 0 , 0 , 0 , 0 , 
1e+200 , 0.146686 , 0.149454 , 0.139228 , 0.12918 , 0.130856 , 0.133193 , 0.133734 , 0.13376 , 0.137385 , 0.136803 , 0.124536 , 0.0972414 , 0 , 0 , 0 , 0 , 0 , 0 , 0 , 0 , 0 , 0 , 0 , 0 , 0 , 0 , 0 , 0 , 0 , 0 , 0 , 0 , 
1e+200 , 0.144297 , 0.146376 , 0.139437 , 0.132877 , 0.130075 , 0.127758 , 0.128305 , 0.129055 , 0.132697 , 0.134777 , 0.131607 , 0.119698 , 0.0934638 , 0 , 0 , 0 , 0 , 0 , 0 , 0 , 0 , 0 , 0 , 0 , 0 , 0 , 0 , 0 , 0 , 0 , 0 , 0 , 
1e+200 , 0.141514 , 0.143046 , 0.138289 , 0.13395 , 0.12906 , 0.124586 , 0.125 , 0.12595 , 0.128426 , 0.130584 , 0.131868 , 0.12905 , 0.119754 , 0.0935074 , 0 , 0 , 0 , 0 , 0 , 0 , 0 , 0 , 0 , 0 , 0 , 0 , 0 , 0 , 0 , 0 , 0 , 0 , 
1e+200 , 0.139158 , 0.140276 , 0.137737 , 0.135605 , 0.128748 , 0.122222 , 0.122406 , 0.123239 , 0.124012 , 0.125002 , 0.1281 , 0.129659 , 0.12911 , 0.11981 , 0.093551 , 0 , 0 , 0 , 0 , 0 , 0 , 0 , 0 , 0 , 0 , 0 , 0 , 0 , 0 , 0 , 0 , 0 , 
1e+200 , 0.136993 , 0.137801 , 0.135627 , 0.13378 , 0.126896 , 0.120313 , 0.120253 , 0.12083 , 0.120529 , 0.120689 , 0.123502 , 0.126049 , 0.128544 , 0.127078 , 0.12305 , 0.0960814 , 0 , 0 , 0 , 0 , 0 , 0 , 0 , 0 , 0 , 0 , 0 , 0 , 0 , 0 , 0 , 0 , 
1e+200 , 0.135064 , 0.135644 , 0.133917 , 0.132445 , 0.125618 , 0.119046 , 0.118819 , 0.119162 , 0.117754 , 0.116862 , 0.118807 , 0.121068 , 0.124075 , 0.125591 , 0.130559 , 0.126291 , 0.0986118 , 0 , 0 , 0 , 0 , 0 , 0 , 0 , 0 , 0 , 0 , 0 , 0 , 0 , 0 , 0 , 
1e+200 , 0.135099 , 0.135518 , 0.132837 , 0.130339 , 0.124543 , 0.118974 , 0.118211 , 0.117916 , 0.11637 , 0.115357 , 0.115769 , 0.116679 , 0.118922 , 0.120866 , 0.128721 , 0.132766 , 0.122272 , 0.0954737 , 0 , 0 , 0 , 0 , 0 , 0 , 0 , 0 , 0 , 0 , 0 , 0 , 0 , 0 , 
1e+200 , 0.13525 , 0.135552 , 0.131976 , 0.128529 , 0.123819 , 0.119301 , 0.118101 , 0.117274 , 0.115644 , 0.114509 , 0.113387 , 0.112778 , 0.113735 , 0.114914 , 0.12301 , 0.13001 , 0.12845 , 0.118253 , 0.0923357 , 0 , 0 , 0 , 0 , 0 , 0 , 0 , 0 , 0 , 0 , 0 , 0 , 0 , 
1e+200 , 0.137657 , 0.137876 , 0.132805 , 0.127821 , 0.124341 , 0.121021 , 0.118774 , 0.116806 , 0.115739 , 0.115121 , 0.112261 , 0.10984 , 0.109199 , 0.108946 , 0.115658 , 0.122488 , 0.124368 , 0.1224 , 0.110823 , 0.0865338 , 0 , 0 , 0 , 0 , 0 , 0 , 0 , 0 , 0 , 0 , 0 , 0 , 
1e+200 , 0.14012 , 0.140279 , 0.133743 , 0.127267 , 0.125052 , 0.122967 , 0.119751 , 0.11674 , 0.1163 , 0.116247 , 0.11176 , 0.107623 , 0.105406 , 0.103586 , 0.108467 , 0.113914 , 0.116611 , 0.117898 , 0.114419 , 0.103392 , 0.0807319 , 0 , 0 , 0 , 0 , 0 , 0 , 0 , 0 , 0 , 0 , 0 , 
1e+200 , 0.143684 , 0.1438 , 0.136002 , 0.128244 , 0.127053 , 0.125965 , 0.121343 , 0.116866 , 0.117479 , 0.118422 , 0.112453 , 0.106754 , 0.102974 , 0.0995326 , 0.102018 , 0.105113 , 0.107482 , 0.109611 , 0.109604 , 0.106156 , 0.109121 , 0.0852052 , 0 , 0 , 0 , 0 , 0 , 0 , 0 , 0 , 0 , 0 , 
1e+200 , 0.147277 , 0.147361 , 0.138316 , 0.129299 , 0.129153 , 0.129088 , 0.123109 , 0.11723 , 0.118949 , 0.12094 , 0.11358 , 0.106421 , 0.101188 , 0.0962204 , 0.0964275 , 0.0971491 , 0.0986919 , 0.100491 , 0.101585 , 0.101357 , 0.11231 , 0.11485 , 0.0896785 , 0 , 0 , 0 , 0 , 0 , 0 , 0 , 0 , 0 , 
1e+200 , 0.150212 , 0.150272 , 0.140761 , 0.131271 , 0.131998 , 0.132787 , 0.125206 , 0.117694 , 0.120861 , 0.124253 , 0.115726 , 0.107351 , 0.100838 , 0.0945284 , 0.092304 , 0.0904481 , 0.0906786 , 0.0912926 , 0.092335 , 0.0930823 , 0.107757 , 0.119481 , 0.0967824 , 0.0755707 , 0 , 0 , 0 , 0 , 0 , 0 , 0 , 0 , 
1e+200 , 0.153162 , 0.153206 , 0.143237 , 0.133282 , 0.134895 , 0.136556 , 0.127401 , 0.118291 , 0.122944 , 0.127776 , 0.11814 , 0.108617 , 0.100908 , 0.0933493 , 0.0888618 , 0.0846128 , 0.0835983 , 0.0829487 , 0.0834928 , 0.0841855 , 0.100049 , 0.115715 , 0.100075 , 0.0787147 , 0.0614629 , 0 , 0 , 0 , 0 , 0 , 0 , 0 , 
1e+200 , 0.154538 , 0.154568 , 0.144946 , 0.135334 , 0.137792 , 0.140286 , 0.129468 , 0.11868 , 0.12497 , 0.131402 , 0.120826 , 0.110333 , 0.101616 , 0.0930099 , 0.086284 , 0.0796936 , 0.0772192 , 0.0750193 , 0.0747421 , 0.0747435 , 0.0909687 , 0.108273 , 0.102438 , 0.0932155 , 0.0864936 , 0.0675368 , 0 , 0 , 0 , 0 , 0 , 0 , 
1e+200 , 0.155921 , 0.155943 , 0.146671 , 0.137407 , 0.140718 , 0.144055 , 0.131589 , 0.119143 , 0.127094 , 0.135156 , 0.123674 , 0.112252 , 0.102581 , 0.0929893 , 0.0841393 , 0.0753525 , 0.0715634 , 0.0679588 , 0.0669198 , 0.0661574 , 0.0822873 , 0.0999554 , 0.10161 , 0.101983 , 0.101571 , 0.0942724 , 0.0736108 , 0 , 0 , 0 , 0 , 0 , 
1e+200 , 0.155409 , 0.155424 , 0.147127 , 0.138836 , 0.143041 , 0.147267 , 0.13317 , 0.119085 , 0.128728 , 0.138456 , 0.126182 , 0.113951 , 0.103466 , 0.0930371 , 0.0821472 , 0.0712733 , 0.0661612 , 0.0611546 , 0.0592432 , 0.0575418 , 0.0735864 , 0.0912144 , 0.0991356 , 0.107353 , 0.102529 , 0.0943442 , 0.0934102 , 0.0729376 , 0 , 0 , 0 , 0 , 
1e+200 , 0.1549 , 0.154911 , 0.147591 , 0.140276 , 0.14538 , 0.1505 , 0.134779 , 0.119066 , 0.130416 , 0.141831 , 0.128785 , 0.115771 , 0.104504 , 0.0932758 , 0.0804104 , 0.067533 , 0.0612023 , 0.0549203 , 0.0522671 , 0.0497537 , 0.065806 , 0.08329 , 0.0964828 , 0.110969 , 0.100333 , 0.0875155 , 0.0934181 , 0.092548 , 0.0722643 , 0 , 0 , 0 , 
1e+200 , 0.153643 , 0.15365 , 0.147542 , 0.141438 , 0.147481 , 0.153535 , 0.136214 , 0.118898 , 0.131977 , 0.145105 , 0.131334 , 0.117585 , 0.105587 , 0.0936171 , 0.0788264 , 0.0640089 , 0.0565259 , 0.0490542 , 0.045703 , 0.0424307 , 0.058642 , 0.0760602 , 0.0941228 , 0.114013 , 0.0971931 , 0.0784479 , 0.0806074 , 0.0803 , 0.113462 , 0.0885944 , 0 , 0 , 
1e+200 , 0.152388 , 0.152393 , 0.147498 , 0.142605 , 0.149589 , 0.156581 , 0.137664 , 0.118749 , 0.133566 , 0.148421 , 0.133935 , 0.119466 , 0.106756 , 0.0940654 , 0.0773816 , 0.0606651 , 0.0520867 , 0.043497 , 0.039537 , 0.0356117 , 0.0521486 , 0.0696599 , 0.0922887 , 0.116933 , 0.0939374 , 0.0690014 , 0.0657048 , 0.0612535 , 0.102764 , 0.134375 , 0.104925 , 0 , 
1e+200 , 0.152385 , 0.152388 , 0.147491 , 0.142595 , 0.149575 , 0.15656 , 0.137637 , 0.118716 , 0.133513 , 0.148336 , 0.133828 , 0.11933 , 0.106586 , 0.093856 , 0.077142 , 0.0604056 , 0.0517811 , 0.0431502 , 0.0391134 , 0.0351059 , 0.051183 , 0.0680136 , 0.0895781 , 0.11281 , 0.0901405 , 0.0660159 , 0.0629987 , 0.0594442 , 0.102865 , 0.144334 , 0.134375 , 0.104925 , 

shifts ,
0 , 0 , 0 , 0 , 0 , 0 , 0 , 0 , 0 , 0 , 0 , 0 , 0 , 0 , 0 , 0 , 0 , 0 , 0 , 0 , 0 , 0 , 0 , 0 , 0 , 0 , 0 , 0 , 0 , 0 , 0 , 0 , 0 , 
0 , 0 , 0 , 0 , 0 , 0 , 0 , 0 , 0 , 0 , 0 , 0 , 0 , 0 , 0 , 0 , 0 , 0 , 0 , 0 , 0 , 0 , 0 , 0 , 0 , 0 , 0 , 0 , 0 , 0 , 0 , 0 , 0 , 
0 , 0 , 0 , 0 , 0 , 0 , 0 , 0 , 0 , 0 , 0 , 0 , 0 , 0 , 0 , 0 , 0 , 0 , 0 , 0 , 0 , 0 , 0 , 0 , 0 , 0 , 0 , 0 , 0 , 0 , 0 , 0 , 0 , 
0 , 0 , 0 , 0 , 0 , 0 , 0 , 0 , 0 , 0 , 0 , 0 , 0 , 0 , 0 , 0 , 0 , 0 , 0 , 0 , 0 , 0 , 0 , 0 , 0 , 0 , 0 , 0 , 0 , 0 , 0 , 0 , 0 , 
0 , 0 , 0 , 0 , 0 , 0 , 0 , 0 , 0 , 0 , 0 , 0 , 0 , 0 , 0 , 0 , 0 , 0 , 0 , 0 , 0 , 0 , 0 , 0 , 0 , 0 , 0 , 0 , 0 , 0 , 0 , 0 , 0 , 
0 , 0 , 0 , 0 , 0 , 0 , 0 , 0 , 0 , 0 , 0 , 0 , 0 , 0 , 0 , 0 , 0 , 0 , 0 , 0 , 0 , 0 , 0 , 0 , 0 , 0 , 0 , 0 , 0 , 0 , 0 , 0 , 0 , 
0 , 0 , 0 , 0 , 0 , 0 , 0 , 0 , 0 , 0 , 0 , 0 , 0 , 0 , 0 , 0 , 0 , 0 , 0 , 0 , 0 , 0 , 0 , 0 , 0 , 0 , 0 , 0 , 0 , 0 , 0 , 0 , 0 , 
0 , 0 , 0 , 0 , 0 , 0 , 0 , 0 , 0 , 0 , 0 , 0 , 0 , 0 , 0 , 0 , 0 , 0 , 0 , 0 , 0 , 0 , 0 , 0 , 0 , 0 , 0 , 0 , 0 , 0 , 0 , 0 , 0 , 
0 , 0 , 0 , 0 , 0 , 0 , 0 , 0 , 0 , 0 , 0 , 0 , 0 , 0 , 0 , 0 , 0 , 0 , 0 , 0 , 0 , 0 , 0 , 0 , 0 , 0 , 0 , 0 , 0 , 0 , 0 , 0 , 0 , 
0 , 0 , 0 , 0 , 0 , 0 , 0 , 0 , 0 , 0 , 0 , 0 , 0 , 0 , 0 , 0 , 0 , 0 , 0 , 0 , 0 , 0 , 0 , 0 , 0 , 0 , 0 , 0 , 0 , 0 , 0 , 0 , 0 , 
0 , 0 , 0 , 0 , 0 , 0 , 0 , 0 , 0 , 0 , 0 , 0 , 0 , 0 , 0 , 0 , 0 , 0 , 0 , 0 , 0 , 0 , 0 , 0 , 0 , 0 , 0 , 0 , 0 , 0 , 0 , 0 , 0 , 
0 , 0 , 0 , 0 , 0 , 0 , 0 , 0 , 0 , 0 , 0 , 0 , 0 , 0 , 0 , 0 , 0 , 0 , 0 , 0 , 0 , 0 , 0 , 0 , 0 , 0 , 0 , 0 , 0 , 0 , 0 , 0 , 0 , 
0 , 0 , 0 , 0 , 0 , 0 , 0 , 0 , 0 , 0 , 0 , 0 , 0 , 0 , 0 , 0 , 0 , 0 , 0 , 0 , 0 , 0 , 0 , 0 , 0 , 0 , 0 , 0 , 0 , 0 , 0 , 0 , 0 , 
0 , 0 , 0 , 0 , 0 , 0 , 0 , 0 , 0 , 0 , 0 , 0 , 0 , 0 , 0 , 0 , 0 , 0 , 0 , 0 , 0 , 0 , 0 , 0 , 0 , 0 , 0 , 0 , 0 , 0 , 0 , 0 , 0 , 
0 , 0 , 0 , 0 , 0 , 0 , 0 , 0 , 0 , 0 , 0 , 0 , 0 , 0 , 0 , 0 , 0 , 0 , 0 , 0 , 0 , 0 , 0 , 0 , 0 , 0 , 0 , 0 , 0 , 0 , 0 , 0 , 0 , 
0 , 0 , 0 , 0 , 0 , 0 , 0 , 0 , 0 , 0 , 0 , 0 , 0 , 0 , 0 , 0 , 0 , 0 , 0 , 0 , 0 , 0 , 0 , 0 , 0 , 0 , 0 , 0 , 0 , 0 , 0 , 0 , 0 , 
0 , 0 , 0 , 0 , 0 , 0 , 0 , 0 , 0 , 0 , 0 , 0 , 0 , 0 , 0 , 0 , 0 , 0 , 0 , 0 , 0 , 0 , 0 , 0 , 0 , 0 , 0 , 0 , 0 , 0 , 0 , 0 , 0 , 
0 , 0 , 0 , 0 , 0 , 0 , 0 , 0 , 0 , 0 , 0 , 0 , 0 , 0 , 0 , 0 , 0 , 0 , 0 , 0 , 0 , 0 , 0 , 0 , 0 , 0 , 0 , 0 , 0 , 0 , 0 , 0 , 0 , 
0 , 0 , 0 , 0 , 0 , 0 , 0 , 0 , 0 , 0 , 0 , 0 , 0 , 0 , 0 , 0 , 0 , 0 , 0 , 0 , 0 , 0 , 0 , 0 , 0 , 0 , 0 , 0 , 0 , 0 , 0 , 0 , 0 , 
0 , 0 , 0 , 0 , 0 , 0 , 0 , 0 , 0 , 0 , 0 , 0 , 0 , 0 , 0 , 0 , 0 , 0 , 0 , 0 , 0 , 0 , 0 , 0 , 0 , 0 , 0 , 0 , 0 , 0 , 0 , 0 , 0 , 
0 , 0 , 0 , 0 , 0 , 0 , 0 , 0 , 0 , 0 , 0 , 0 , 0 , 0 , 0 , 0 , 0 , 0 , 0 , 0 , 0 , 0 , 0 , 0 , 0 , 0 , 0 , 0 , 0 , 0 , 0 , 0 , 0 , 
0 , 0 , 0 , 0 , 0 , 0 , 0 , 0 , 0 , 0 , 0 , 0 , 0 , 0 , 0 , 0 , 0 , 0 , 0 , 0 , 0 , 0 , 0 , 0 , 0 , 0 , 0 , 0 , 0 , 0 , 0 , 0 , 0 , 
0 , 0 , 0 , 0 , 0 , 0 , 0 , 0 , 0 , 0 , 0 , 0 , 0 , 0 , 0 , 0 , 0 , 0 , 0 , 0 , 0 , 0 , 0 , 0 , 0 , 0 , 0 , 0 , 0 , 0 , 0 , 0 , 0 , 
0 , 0 , 0 , 0 , 0 , 0 , 0 , 0 , 0 , 0 , 0 , 0 , 0 , 0 , 0 , 0 , 0 , 0 , 0 , 0 , 0 , 0 , 0 , 0 , 0 , 0 , 0 , 0 , 0 , 0 , 0 , 0 , 0 , 
0 , 0 , 0 , 0 , 0 , 0 , 0 , 0 , 0 , 0 , 0 , 0 , 0 , 0 , 0 , 0 , 0 , 0 , 0 , 0 , 0 , 0 , 0 , 0 , 0 , 0 , 0 , 0 , 0 , 0 , 0 , 0 , 0 , 
0 , 0 , 0 , 0 , 0 , 0 , 0 , 0 , 0 , 0 , 0 , 0 , 0 , 0 , 0 , 0 , 0 , 0 , 0 , 0 , 0 , 0 , 0 , 0 , 0 , 0 , 0 , 0 , 0 , 0 , 0 , 0 , 0 , 
0 , 0 , 0 , 0 , 0 , 0 , 0 , 0 , 0 , 0 , 0 , 0 , 0 , 0 , 0 , 0 , 0 , 0 , 0 , 0 , 0 , 0 , 0 , 0 , 0 , 0 , 0 , 0 , 0 , 0 , 0 , 0 , 0 , 
0 , 0 , 0 , 0 , 0 , 0 , 0 , 0 , 0 , 0 , 0 , 0 , 0 , 0 , 0 , 0 , 0 , 0 , 0 , 0 , 0 , 0 , 0 , 0 , 0 , 0 , 0 , 0 , 0 , 0 , 0 , 0 , 0 , 
0 , 0 , 0 , 0 , 0 , 0 , 0 , 0 , 0 , 0 , 0 , 0 , 0 , 0 , 0 , 0 , 0 , 0 , 0 , 0 , 0 , 0 , 0 , 0 , 0 , 0 , 0 , 0 , 0 , 0 , 0 , 0 , 0 , 
0 , 0 , 0 , 0 , 0 , 0 , 0 , 0 , 0 , 0 , 0 , 0 , 0 , 0 , 0 , 0 , 0 , 0 , 0 , 0 , 0 , 0 , 0 , 0 , 0 , 0 , 0 , 0 , 0 , 0 , 0 , 0 , 0 , 
0 , 0 , 0 , 0 , 0 , 0 , 0 , 0 , 0 , 0 , 0 , 0 , 0 , 0 , 0 , 0 , 0 , 0 , 0 , 0 , 0 , 0 , 0 , 0 , 0 , 0 , 0 , 0 , 0 , 0 , 0 , 0 , 0 , 
0 , 0 , 0 , 0 , 0 , 0 , 0 , 0 , 0 , 0 , 0 , 0 , 0 , 0 , 0 , 0 , 0 , 0 , 0 , 0 , 0 , 0 , 0 , 0 , 0 , 0 , 0 , 0 , 0 , 0 , 0 , 0 , 0 , 
0 , 0 , 0 , 0 , 0 , 0 , 0 , 0 , 0 , 0 , 0 , 0 , 0 , 0 , 0 , 0 , 0 , 0 , 0 , 0 , 0 , 0 , 0 , 0 , 0 , 0 , 0 , 0 , 0 , 0 , 0 , 0 , 0 , 

