g ,
1e+100 , 0 , 0 , 0 , 0 , 0 , 0 , 0 , 0 , 0 , 0 , 0 , 0 , 0 , 0 , 0 , 0 , 0 , 0 , 0 , 0 , 0 , 0 , 0 , 0 , 0 , 0 , 0 , 0 , 0 , 0 , 0 , 0 , 
1e+100 , 1.02511 , 0 , 0 , 0 , 0 , 0 , 0 , 0 , 0 , 0 , 0 , 0 , 0 , 0 , 0 , 0 , 0 , 0 , 0 , 0 , 0 , 0 , 0 , 0 , 0 , 0 , 0 , 0 , 0 , 0 , 0 , 0 , 
1e+100 , 1.02511 , 1.02511 , 0 , 0 , 0 , 0 , 0 , 0 , 0 , 0 , 0 , 0 , 0 , 0 , 0 , 0 , 0 , 0 , 0 , 0 , 0 , 0 , 0 , 0 , 0 , 0 , 0 , 0 , 0 , 0 , 0 , 0 , 
1e+100 , 1.02511 , 1.02511 , 1.02511 , 0 , 0 , 0 , 0 , 0 , 0 , 0 , 0 , 0 , 0 , 0 , 0 , 0 , 0 , 0 , 0 , 0 , 0 , 0 , 0 , 0 , 0 , 0 , 0 , 0 , 0 , 0 , 0 , 0 , 
1e+100 , 1.03182 , 1.03182 , 0.90717 , 0.90717 , 0 , 0 , 0 , 0 , 0 , 0 , 0 , 0 , 0 , 0 , 0 , 0 , 0 , 0 , 0 , 0 , 0 , 0 , 0 , 0 , 0 , 0 , 0 , 0 , 0 , 0 , 0 , 0 , 
1e+100 , 1.03852 , 1.03852 , 0.913871 , 0.789225 , 0.789225 , 0 , 0 , 0 , 0 , 0 , 0 , 0 , 0 , 0 , 0 , 0 , 0 , 0 , 0 , 0 , 0 , 0 , 0 , 0 , 0 , 0 , 0 , 0 , 0 , 0 , 0 , 0 , 
1e+100 , 1.04568 , 1.04568 , 0.927847 , 0.81001 , 0.874262 , 0.874262 , 0 , 0 , 0 , 0 , 0 , 0 , 0 , 0 , 0 , 0 , 0 , 0 , 0 , 0 , 0 , 0 , 0 , 0 , 0 , 0 , 0 , 0 , 0 , 0 , 0 , 0 , 
1e+100 , 1.05285 , 1.05285 , 0.941823 , 0.830795 , 0.895047 , 0.959299 , 0.959299 , 0 , 0 , 0 , 0 , 0 , 0 , 0 , 0 , 0 , 0 , 0 , 0 , 0 , 0 , 0 , 0 , 0 , 0 , 0 , 0 , 0 , 0 , 0 , 0 , 0 , 
1e+100 , 1.06057 , 1.06057 , 0.956078 , 0.851583 , 0.90547 , 0.959357 , 0.863052 , 0.863052 , 0 , 0 , 0 , 0 , 0 , 0 , 0 , 0 , 0 , 0 , 0 , 0 , 0 , 0 , 0 , 0 , 0 , 0 , 0 , 0 , 0 , 0 , 0 , 0 , 
1e+100 , 1.06829 , 1.06829 , 0.970333 , 0.872372 , 0.915893 , 0.959414 , 0.86311 , 0.766805 , 0.766805 , 0 , 0 , 0 , 0 , 0 , 0 , 0 , 0 , 0 , 0 , 0 , 0 , 0 , 0 , 0 , 0 , 0 , 0 , 0 , 0 , 0 , 0 , 0 , 
1e+100 , 1.07648 , 1.07648 , 0.984825 , 0.893165 , 0.926329 , 0.959492 , 0.871124 , 0.782756 , 0.799553 , 0.799553 , 0 , 0 , 0 , 0 , 0 , 0 , 0 , 0 , 0 , 0 , 0 , 0 , 0 , 0 , 0 , 0 , 0 , 0 , 0 , 0 , 0 , 0 , 
1e+100 , 1.08467 , 1.08467 , 0.999316 , 0.913959 , 0.936764 , 0.959569 , 0.879139 , 0.798708 , 0.815504 , 0.832301 , 0.832301 , 0 , 0 , 0 , 0 , 0 , 0 , 0 , 0 , 0 , 0 , 0 , 0 , 0 , 0 , 0 , 0 , 0 , 0 , 0 , 0 , 0 , 
1e+100 , 1.09318 , 1.09318 , 1.01396 , 0.934731 , 0.947199 , 0.959667 , 0.887163 , 0.81466 , 0.826703 , 0.838746 , 0.780345 , 0.780345 , 0 , 0 , 0 , 0 , 0 , 0 , 0 , 0 , 0 , 0 , 0 , 0 , 0 , 0 , 0 , 0 , 0 , 0 , 0 , 0 , 
1e+100 , 1.10169 , 1.10169 , 1.0286 , 0.955502 , 0.957633 , 0.959764 , 0.895188 , 0.830613 , 0.837902 , 0.845191 , 0.78679 , 0.728389 , 0.728389 , 0 , 0 , 0 , 0 , 0 , 0 , 0 , 0 , 0 , 0 , 0 , 0 , 0 , 0 , 0 , 0 , 0 , 0 , 0 , 
1e+100 , 1.11042 , 1.11042 , 1.04334 , 0.97625 , 0.968072 , 0.959893 , 0.903237 , 0.84658 , 0.849114 , 0.851647 , 0.796663 , 0.74168 , 0.721227 , 0.721227 , 0 , 0 , 0 , 0 , 0 , 0 , 0 , 0 , 0 , 0 , 0 , 0 , 0 , 0 , 0 , 0 , 0 , 0 , 
1e+100 , 1.11916 , 1.11916 , 1.05808 , 0.996998 , 0.978511 , 0.960023 , 0.911285 , 0.862547 , 0.860325 , 0.858104 , 0.806537 , 0.75497 , 0.734518 , 0.714065 , 0.714065 , 0 , 0 , 0 , 0 , 0 , 0 , 0 , 0 , 0 , 0 , 0 , 0 , 0 , 0 , 0 , 0 , 0 , 
1e+100 , 1.12809 , 1.12809 , 1.07292 , 1.01775 , 0.988978 , 0.960207 , 0.919379 , 0.87855 , 0.871571 , 0.864592 , 0.816431 , 0.768271 , 0.744281 , 0.720292 , 0.719968 , 0.719968 , 0 , 0 , 0 , 0 , 0 , 0 , 0 , 0 , 0 , 0 , 0 , 0 , 0 , 0 , 0 , 0 , 
1e+100 , 1.13702 , 1.13702 , 1.08776 , 1.0385 , 0.999446 , 0.960392 , 0.927472 , 0.894553 , 0.882816 , 0.87108 , 0.826326 , 0.781571 , 0.754045 , 0.72652 , 0.726196 , 0.725871 , 0.725871 , 0 , 0 , 0 , 0 , 0 , 0 , 0 , 0 , 0 , 0 , 0 , 0 , 0 , 0 , 0 , 
1e+100 , 1.14614 , 1.14614 , 1.10272 , 1.05929 , 1.00997 , 0.960658 , 0.935637 , 0.910616 , 0.894119 , 0.877622 , 0.836261 , 0.794899 , 0.763828 , 0.732756 , 0.727851 , 0.722947 , 0.709321 , 0.709321 , 0 , 0 , 0 , 0 , 0 , 0 , 0 , 0 , 0 , 0 , 0 , 0 , 0 , 0 , 
1e+100 , 1.15526 , 1.15526 , 1.11767 , 1.08008 , 1.0205 , 0.960924 , 0.943802 , 0.92668 , 0.905422 , 0.884164 , 0.846196 , 0.808227 , 0.77361 , 0.738992 , 0.729507 , 0.720022 , 0.706396 , 0.69277 , 0.69277 , 0 , 0 , 0 , 0 , 0 , 0 , 0 , 0 , 0 , 0 , 0 , 0 , 0 , 
1e+100 , 1.16456 , 1.16456 , 1.13275 , 1.10094 , 1.03111 , 0.96128 , 0.952047 , 0.942813 , 0.916791 , 0.890769 , 0.856181 , 0.821593 , 0.783419 , 0.745246 , 0.731173 , 0.717101 , 0.698698 , 0.680294 , 0.65969 , 0.65969 , 0 , 0 , 0 , 0 , 0 , 0 , 0 , 0 , 0 , 0 , 0 , 0 , 
1e+100 , 1.17387 , 1.17387 , 1.14784 , 1.1218 , 1.04172 , 0.961637 , 0.960292 , 0.958947 , 0.928161 , 0.897375 , 0.866167 , 0.834958 , 0.793229 , 0.751499 , 0.73284 , 0.71418 , 0.690999 , 0.667818 , 0.647213 , 0.626609 , 0.626609 , 0 , 0 , 0 , 0 , 0 , 0 , 0 , 0 , 0 , 0 , 0 , 
1e+100 , 1.18332 , 1.18332 , 1.16302 , 1.14273 , 1.0524 , 0.962074 , 0.968609 , 0.975144 , 0.93959 , 0.904037 , 0.876199 , 0.848362 , 0.803067 , 0.757773 , 0.734519 , 0.711266 , 0.683304 , 0.655343 , 0.634231 , 0.613118 , 0.676504 , 0.676504 , 0 , 0 , 0 , 0 , 0 , 0 , 0 , 0 , 0 , 0 , 
1e+100 , 1.19277 , 1.19277 , 1.17821 , 1.16365 , 1.06308 , 0.962511 , 0.976926 , 0.991341 , 0.95102 , 0.910699 , 0.886232 , 0.861765 , 0.812906 , 0.764047 , 0.736199 , 0.708351 , 0.67561 , 0.642868 , 0.621248 , 0.599628 , 0.663013 , 0.726398 , 0.726398 , 0 , 0 , 0 , 0 , 0 , 0 , 0 , 0 , 0 , 
1e+100 , 1.20232 , 1.20232 , 1.19347 , 1.18463 , 1.07382 , 0.963005 , 0.985294 , 1.00758 , 0.962492 , 0.917402 , 0.896299 , 0.875195 , 0.822766 , 0.770338 , 0.737891 , 0.705444 , 0.667919 , 0.630394 , 0.608265 , 0.586136 , 0.647403 , 0.708669 , 0.655428 , 0.655428 , 0 , 0 , 0 , 0 , 0 , 0 , 0 , 0 , 
1e+100 , 1.21187 , 1.21187 , 1.20873 , 1.2056 , 1.08455 , 0.963498 , 0.993661 , 1.02382 , 0.973965 , 0.924105 , 0.906365 , 0.888626 , 0.832627 , 0.776628 , 0.739582 , 0.702537 , 0.660229 , 0.617921 , 0.595283 , 0.572645 , 0.631793 , 0.69094 , 0.637699 , 0.584457 , 0.584457 , 0 , 0 , 0 , 0 , 0 , 0 , 0 , 
1e+100 , 1.22146 , 1.22146 , 1.22403 , 1.2266 , 1.09531 , 0.964022 , 1.00206 , 1.04009 , 0.98546 , 0.93083 , 0.916451 , 0.902072 , 0.8425 , 0.782928 , 0.741281 , 0.699633 , 0.65254 , 0.605448 , 0.5823 , 0.559153 , 0.616182 , 0.673211 , 0.639272 , 0.605333 , 0.611265 , 0.611265 , 0 , 0 , 0 , 0 , 0 , 0 , 
1e+100 , 1.23106 , 1.23106 , 1.23933 , 1.24761 , 1.10608 , 0.964546 , 1.01045 , 1.05636 , 0.996956 , 0.937555 , 0.926536 , 0.915518 , 0.852373 , 0.789228 , 0.742979 , 0.69673 , 0.644852 , 0.592974 , 0.569318 , 0.545661 , 0.600571 , 0.655482 , 0.640846 , 0.626209 , 0.632141 , 0.638073 , 0.638073 , 0 , 0 , 0 , 0 , 0 , 
1e+100 , 1.24068 , 1.24068 , 1.25465 , 1.26862 , 1.11685 , 0.965082 , 1.01886 , 1.07263 , 1.00846 , 0.944287 , 0.936628 , 0.928968 , 0.862249 , 0.79553 , 0.744679 , 0.693827 , 0.637164 , 0.580501 , 0.556334 , 0.532167 , 0.584959 , 0.637751 , 0.642418 , 0.647085 , 0.623273 , 0.599462 , 0.629796 , 0.629796 , 0 , 0 , 0 , 0 , 
1e+100 , 1.2503 , 1.2503 , 1.26996 , 1.28963 , 1.12762 , 0.965617 , 1.02726 , 1.08891 , 1.01996 , 0.95102 , 0.94672 , 0.942419 , 0.872126 , 0.801833 , 0.746379 , 0.690925 , 0.629476 , 0.568027 , 0.54335 , 0.518673 , 0.569347 , 0.620021 , 0.643991 , 0.667961 , 0.614406 , 0.56085 , 0.591184 , 0.621519 , 0.621519 , 0 , 0 , 0 , 
1e+100 , 1.25991 , 1.25991 , 1.28528 , 1.31064 , 1.1384 , 0.966155 , 1.03567 , 1.10518 , 1.03147 , 0.957754 , 0.956812 , 0.955871 , 0.882003 , 0.808136 , 0.748079 , 0.688022 , 0.621788 , 0.555554 , 0.530366 , 0.505179 , 0.553734 , 0.60229 , 0.645563 , 0.688836 , 0.605538 , 0.522239 , 0.526165 , 0.530091 , 0.712416 , 0.712416 , 0 , 0 , 
1e+100 , 1.26953 , 1.26953 , 1.30059 , 1.33165 , 1.14917 , 0.966692 , 1.04407 , 1.12146 , 1.04297 , 0.964488 , 0.966905 , 0.969323 , 0.891881 , 0.814439 , 0.749779 , 0.68512 , 0.6141 , 0.54308 , 0.517382 , 0.491685 , 0.538122 , 0.584559 , 0.647135 , 0.709712 , 0.59667 , 0.483628 , 0.461146 , 0.438664 , 0.620989 , 0.803314 , 0.803314 , 0 , 
1e+100 , 1.26953 , 1.26953 , 1.30059 , 1.33165 , 1.14917 , 0.966692 , 1.04407 , 1.12146 , 1.04297 , 0.964488 , 0.966905 , 0.969323 , 0.891881 , 0.814439 , 0.749779 , 0.68512 , 0.6141 , 0.54308 , 0.517382 , 0.491685 , 0.538122 , 0.584559 , 0.647135 , 0.709712 , 0.59667 , 0.483628 , 0.461146 , 0.438664 , 0.620989 , 0.803314 , 0.803314 , 0.803314 , 

h ,
1e+100 , 0 , 0 , 0 , 0 , 0 , 0 , 0 , 0 , 0 , 0 , 0 , 0 , 0 , 0 , 0 , 0 , 0 , 0 , 0 , 0 , 0 , 0 , 0 , 0 , 0 , 0 , 0 , 0 , 0 , 0 , 0 , 0 , 
1e+100 , 0.120859 , 0 , 0 , 0 , 0 , 0 , 0 , 0 , 0 , 0 , 0 , 0 , 0 , 0 , 0 , 0 , 0 , 0 , 0 , 0 , 0 , 0 , 0 , 0 , 0 , 0 , 0 , 0 , 0 , 0 , 0 , 0 , 
1e+100 , 0.154783 , 0.120859 , 0 , 0 , 0 , 0 , 0 , 0 , 0 , 0 , 0 , 0 , 0 , 0 , 0 , 0 , 0 , 0 , 0 , 0 , 0 , 0 , 0 , 0 , 0 , 0 , 0 , 0 , 0 , 0 , 0 , 0 , 
1e+100 , 0.166254 , 0.154783 , 0.120859 , 0 , 0 , 0 , 0 , 0 , 0 , 0 , 0 , 0 , 0 , 0 , 0 , 0 , 0 , 0 , 0 , 0 , 0 , 0 , 0 , 0 , 0 , 0 , 0 , 0 , 0 , 0 , 0 , 0 , 
1e+100 , 0.166418 , 0.166254 , 0.154783 , 0.120859 , 0 , 0 , 0 , 0 , 0 , 0 , 0 , 0 , 0 , 0 , 0 , 0 , 0 , 0 , 0 , 0 , 0 , 0 , 0 , 0 , 0 , 0 , 0 , 0 , 0 , 0 , 0 , 0 , 
1e+100 , 0.161502 , 0.166418 , 0.166254 , 0.154783 , 0.120859 , 0 , 0 , 0 , 0 , 0 , 0 , 0 , 0 , 0 , 0 , 0 , 0 , 0 , 0 , 0 , 0 , 0 , 0 , 0 , 0 , 0 , 0 , 0 , 0 , 0 , 0 , 0 , 
1e+100 , 0.154851 , 0.161502 , 0.166418 , 0.166254 , 0.154783 , 0.120859 , 0 , 0 , 0 , 0 , 0 , 0 , 0 , 0 , 0 , 0 , 0 , 0 , 0 , 0 , 0 , 0 , 0 , 0 , 0 , 0 , 0 , 0 , 0 , 0 , 0 , 0 , 
1e+100 , 0.148151 , 0.154851 , 0.161502 , 0.166418 , 0.166254 , 0.154783 , 0.120859 , 0 , 0 , 0 , 0 , 0 , 0 , 0 , 0 , 0 , 0 , 0 , 0 , 0 , 0 , 0 , 0 , 0 , 0 , 0 , 0 , 0 , 0 , 0 , 0 , 0 , 
1e+100 , 0.142163 , 0.148151 , 0.154851 , 0.161502 , 0.166418 , 0.166254 , 0.154783 , 0.120859 , 0 , 0 , 0 , 0 , 0 , 0 , 0 , 0 , 0 , 0 , 0 , 0 , 0 , 0 , 0 , 0 , 0 , 0 , 0 , 0 , 0 , 0 , 0 , 0 , 
1e+100 , 0.137149 , 0.142163 , 0.148151 , 0.154851 , 0.161502 , 0.166418 , 0.166254 , 0.154783 , 0.120859 , 0 , 0 , 0 , 0 , 0 , 0 , 0 , 0 , 0 , 0 , 0 , 0 , 0 , 0 , 0 , 0 , 0 , 0 , 0 , 0 , 0 , 0 , 0 , 
1e+100 , 0.133121 , 0.137149 , 0.142163 , 0.148151 , 0.154851 , 0.161502 , 0.166418 , 0.166254 , 0.154783 , 0.120859 , 0 , 0 , 0 , 0 , 0 , 0 , 0 , 0 , 0 , 0 , 0 , 0 , 0 , 0 , 0 , 0 , 0 , 0 , 0 , 0 , 0 , 0 , 
1e+100 , 0.129975 , 0.133121 , 0.137149 , 0.142163 , 0.148151 , 0.154851 , 0.161502 , 0.166418 , 0.166254 , 0.154783 , 0.120859 , 0 , 0 , 0 , 0 , 0 , 0 , 0 , 0 , 0 , 0 , 0 , 0 , 0 , 0 , 0 , 0 , 0 , 0 , 0 , 0 , 0 , 
1e+100 , 0.127568 , 0.129975 , 0.133121 , 0.137149 , 0.142163 , 0.148151 , 0.154851 , 0.161502 , 0.166418 , 0.166254 , 0.154783 , 0.120859 , 0 , 0 , 0 , 0 , 0 , 0 , 0 , 0 , 0 , 0 , 0 , 0 , 0 , 0 , 0 , 0 , 0 , 0 , 0 , 0 , 
1e+100 , 0.125756 , 0.127568 , 0.129975 , 0.133121 , 0.137149 , 0.142163 , 0.148151 , 0.154851 , 0.161502 , 0.166418 , 0.166254 , 0.154783 , 0.120859 , 0 , 0 , 0 , 0 , 0 , 0 , 0 , 0 , 0 , 0 , 0 , 0 , 0 , 0 , 0 , 0 , 0 , 0 , 0 , 
1e+100 , 0.124409 , 0.125756 , 0.127568 , 0.129975 , 0.133121 , 0.137149 , 0.142163 , 0.148151 , 0.154851 , 0.161502 , 0.166418 , 0.166254 , 0.154783 , 0.120859 , 0 , 0 , 0 , 0 , 0 , 0 , 0 , 0 , 0 , 0 , 0 , 0 , 0 , 0 , 0 , 0 , 0 , 0 , 
1e+100 , 0.123417 , 0.124409 , 0.125756 , 0.127568 , 0.129975 , 0.133121 , 0.137149 , 0.142163 , 0.148151 , 0.154851 , 0.161502 , 0.166418 , 0.166254 , 0.154783 , 0.120859 , 0 , 0 , 0 , 0 , 0 , 0 , 0 , 0 , 0 , 0 , 0 , 0 , 0 , 0 , 0 , 0 , 0 , 
1e+100 , 0.122693 , 0.123417 , 0.124409 , 0.125756 , 0.127568 , 0.129975 , 0.133121 , 0.137149 , 0.142163 , 0.148151 , 0.154851 , 0.161502 , 0.166418 , 0.166254 , 0.154783 , 0.120859 , 0 , 0 , 0 , 0 , 0 , 0 , 0 , 0 , 0 , 0 , 0 , 0 , 0 , 0 , 0 , 0 , 
1e+100 , 0.122168 , 0.122693 , 0.123417 , 0.124409 , 0.125756 , 0.127568 , 0.129975 , 0.133121 , 0.137149 , 0.142163 , 0.148151 , 0.154851 , 0.161502 , 0.166418 , 0.166254 , 0.154783 , 0.120859 , 0 , 0 , 0 , 0 , 0 , 0 , 0 , 0 , 0 , 0 , 0 , 0 , 0 , 0 , 0 , 
1e+100 , 0.12179 , 0.122168 , 0.122693 , 0.123417 , 0.124409 , 0.125756 , 0.127568 , 0.129975 , 0.133121 , 0.137149 , 0.142163 , 0.148151 , 0.154851 , 0.161502 , 0.166418 , 0.166254 , 0.154783 , 0.120859 , 0 , 0 , 0 , 0 , 0 , 0 , 0 , 0 , 0 , 0 , 0 , 0 , 0 , 0 , 
1e+100 , 0.121518 , 0.12179 , 0.122168 , 0.122693 , 0.123417 , 0.124409 , 0.125756 , 0.127568 , 0.129975 , 0.133121 , 0.137149 , 0.142163 , 0.148151 , 0.154851 , 0.161502 , 0.166418 , 0.166254 , 0.154783 , 0.120859 , 0 , 0 , 0 , 0 , 0 , 0 , 0 , 0 , 0 , 0 , 0 , 0 , 0 , 
1e+100 , 0.121325 , 0.121518 , 0.12179 , 0.122168 , 0.122693 , 0.123417 , 0.124409 , 0.125756 , 0.127568 , 0.129975 , 0.133121 , 0.137149 , 0.142163 , 0.148151 , 0.154851 , 0.161502 , 0.166418 , 0.166254 , 0.154783 , 0.120859 , 0 , 0 , 0 , 0 , 0 , 0 , 0 , 0 , 0 , 0 , 0 , 0 , 
1e+100 , 0.121187 , 0.121325 , 0.121518 , 0.12179 , 0.122168 , 0.122693 , 0.123417 , 0.124409 , 0.125756 , 0.127568 , 0.129975 , 0.133121 , 0.137149 , 0.142163 , 0.148151 , 0.154851 , 0.161502 , 0.166418 , 0.166254 , 0.154783 , 0.120859 , 0 , 0 , 0 , 0 , 0 , 0 , 0 , 0 , 0 , 0 , 0 , 
1e+100 , 0.12109 , 0.121187 , 0.121325 , 0.121518 , 0.12179 , 0.122168 , 0.122693 , 0.123417 , 0.124409 , 0.125756 , 0.127568 , 0.129975 , 0.133121 , 0.137149 , 0.142163 , 0.148151 , 0.154851 , 0.161502 , 0.166418 , 0.166254 , 0.154783 , 0.120859 , 0 , 0 , 0 , 0 , 0 , 0 , 0 , 0 , 0 , 0 , 
1e+100 , 0.121021 , 0.12109 , 0.121187 , 0.121325 , 0.121518 , 0.12179 , 0.122168 , 0.122693 , 0.123417 , 0.124409 , 0.125756 , 0.127568 , 0.129975 , 0.133121 , 0.137149 , 0.142163 , 0.148151 , 0.154851 , 0.161502 , 0.166418 , 0.166254 , 0.154783 , 0.120859 , 0 , 0 , 0 , 0 , 0 , 0 , 0 , 0 , 0 , 
1e+100 , 0.120972 , 0.121021 , 0.12109 , 0.121187 , 0.121325 , 0.121518 , 0.12179 , 0.122168 , 0.122693 , 0.123417 , 0.124409 , 0.125756 , 0.127568 , 0.129975 , 0.133121 , 0.137149 , 0.142163 , 0.148151 , 0.154851 , 0.161502 , 0.166418 , 0.166254 , 0.154783 , 0.120859 , 0 , 0 , 0 , 0 , 0 , 0 , 0 , 0 , 
1e+100 , 0.120938 , 0.120972 , 0.121021 , 0.12109 , 0.121187 , 0.121325 , 0.121518 , 0.12179 , 0.122168 , 0.122693 , 0.123417 , 0.124409 , 0.125756 , 0.127568 , 0.129975 , 0.133121 , 0.137149 , 0.142163 , 0.148151 , 0.154851 , 0.161502 , 0.166418 , 0.166254 , 0.154783 , 0.120859 , 0 , 0 , 0 , 0 , 0 , 0 , 0 , 
1e+100 , 0.120914 , 0.120938 , 0.120972 , 0.121021 , 0.12109 , 0.121187 , 0.121325 , 0.121518 , 0.12179 , 0.122168 , 0.122693 , 0.123417 , 0.124409 , 0.125756 , 0.127568 , 0.129975 , 0.133121 , 0.137149 , 0.142163 , 0.148151 , 0.154851 , 0.161502 , 0.166418 , 0.166254 , 0.154783 , 0.120859 , 0 , 0 , 0 , 0 , 0 , 0 , 
1e+100 , 0.120898 , 0.120914 , 0.120938 , 0.120972 , 0.121021 , 0.12109 , 0.121187 , 0.121325 , 0.121518 , 0.12179 , 0.122168 , 0.122693 , 0.123417 , 0.124409 , 0.125756 , 0.127568 , 0.129975 , 0.133121 , 0.137149 , 0.142163 , 0.148151 , 0.154851 , 0.161502 , 0.166418 , 0.166254 , 0.154783 , 0.120859 , 0 , 0 , 0 , 0 , 0 , 
1e+100 , 0.120886 , 0.120898 , 0.120914 , 0.120938 , 0.120972 , 0.121021 , 0.12109 , 0.121187 , 0.121325 , 0.121518 , 0.12179 , 0.122168 , 0.122693 , 0.123417 , 0.124409 , 0.125756 , 0.127568 , 0.129975 , 0.133121 , 0.137149 , 0.142163 , 0.148151 , 0.154851 , 0.161502 , 0.166418 , 0.166254 , 0.154783 , 0.120859 , 0 , 0 , 0 , 0 , 
1e+100 , 0.120878 , 0.120886 , 0.120898 , 0.120914 , 0.120938 , 0.120972 , 0.121021 , 0.12109 , 0.121187 , 0.121325 , 0.121518 , 0.12179 , 0.122168 , 0.122693 , 0.123417 , 0.124409 , 0.125756 , 0.127568 , 0.129975 , 0.133121 , 0.137149 , 0.142163 , 0.148151 , 0.154851 , 0.161502 , 0.166418 , 0.166254 , 0.154783 , 0.120859 , 0 , 0 , 0 , 
1e+100 , 0.120872 , 0.120878 , 0.120886 , 0.120898 , 0.120914 , 0.120938 , 0.120972 , 0.121021 , 0.12109 , 0.121187 , 0.121325 , 0.121518 , 0.12179 , 0.122168 , 0.122693 , 0.123417 , 0.124409 , 0.125756 , 0.127568 , 0.129975 , 0.133121 , 0.137149 , 0.142163 , 0.148151 , 0.154851 , 0.161502 , 0.166418 , 0.166254 , 0.154783 , 0.120859 , 0 , 0 , 
1e+100 , 0.120868 , 0.120872 , 0.120878 , 0.120886 , 0.120898 , 0.120914 , 0.120938 , 0.120972 , 0.121021 , 0.12109 , 0.121187 , 0.121325 , 0.121518 , 0.12179 , 0.122168 , 0.122693 , 0.123417 , 0.124409 , 0.125756 , 0.127568 , 0.129975 , 0.133121 , 0.137149 , 0.142163 , 0.148151 , 0.154851 , 0.161502 , 0.166418 , 0.166254 , 0.154783 , 0.120859 , 0 , 
1e+100 , 0.120866 , 0.120868 , 0.120872 , 0.120878 , 0.120886 , 0.120898 , 0.120914 , 0.120938 , 0.120972 , 0.121021 , 0.12109 , 0.121187 , 0.121325 , 0.121518 , 0.12179 , 0.122168 , 0.122693 , 0.123417 , 0.124409 , 0.125756 , 0.127568 , 0.129975 , 0.133121 , 0.137149 , 0.142163 , 0.148151 , 0.154851 , 0.161502 , 0.166418 , 0.166254 , 0.154783 , 0.120859 , 

h*g ,
1e+200 , 0 , 0 , 0 , 0 , 0 , 0 , 0 , 0 , 0 , 0 , 0 , 0 , 0 , 0 , 0 , 0 , 0 , 0 , 0 , 0 , 0 , 0 , 0 , 0 , 0 , 0 , 0 , 0 , 0 , 0 , 0 , 0 , 
1e+200 , 0.123895 , 0 , 0 , 0 , 0 , 0 , 0 , 0 , 0 , 0 , 0 , 0 , 0 , 0 , 0 , 0 , 0 , 0 , 0 , 0 , 0 , 0 , 0 , 0 , 0 , 0 , 0 , 0 , 0 , 0 , 0 , 0 , 
1e+200 , 0.15867 , 0.123895 , 0 , 0 , 0 , 0 , 0 , 0 , 0 , 0 , 0 , 0 , 0 , 0 , 0 , 0 , 0 , 0 , 0 , 0 , 0 , 0 , 0 , 0 , 0 , 0 , 0 , 0 , 0 , 0 , 0 , 0 , 
1e+200 , 0.17043 , 0.15867 , 0.123895 , 0 , 0 , 0 , 0 , 0 , 0 , 0 , 0 , 0 , 0 , 0 , 0 , 0 , 0 , 0 , 0 , 0 , 0 , 0 , 0 , 0 , 0 , 0 , 0 , 0 , 0 , 0 , 0 , 0 , 
1e+200 , 0.171713 , 0.171544 , 0.140415 , 0.10964 , 0 , 0 , 0 , 0 , 0 , 0 , 0 , 0 , 0 , 0 , 0 , 0 , 0 , 0 , 0 , 0 , 0 , 0 , 0 , 0 , 0 , 0 , 0 , 0 , 0 , 0 , 0 , 0 , 
1e+200 , 0.167723 , 0.172828 , 0.151935 , 0.122159 , 0.0953853 , 0 , 0 , 0 , 0 , 0 , 0 , 0 , 0 , 0 , 0 , 0 , 0 , 0 , 0 , 0 , 0 , 0 , 0 , 0 , 0 , 0 , 0 , 0 , 0 , 0 , 0 , 0 , 
1e+200 , 0.161925 , 0.168881 , 0.154411 , 0.134668 , 0.135321 , 0.105663 , 0 , 0 , 0 , 0 , 0 , 0 , 0 , 0 , 0 , 0 , 0 , 0 , 0 , 0 , 0 , 0 , 0 , 0 , 0 , 0 , 0 , 0 , 0 , 0 , 0 , 0 , 
1e+200 , 0.155981 , 0.163035 , 0.152107 , 0.138259 , 0.148805 , 0.148483 , 0.11594 , 0 , 0 , 0 , 0 , 0 , 0 , 0 , 0 , 0 , 0 , 0 , 0 , 0 , 0 , 0 , 0 , 0 , 0 , 0 , 0 , 0 , 0 , 0 , 0 , 0 , 
1e+200 , 0.150774 , 0.157125 , 0.14805 , 0.137533 , 0.150687 , 0.159497 , 0.133586 , 0.104308 , 0 , 0 , 0 , 0 , 0 , 0 , 0 , 0 , 0 , 0 , 0 , 0 , 0 , 0 , 0 , 0 , 0 , 0 , 0 , 0 , 0 , 0 , 0 , 0 , 
1e+200 , 0.146516 , 0.151872 , 0.143756 , 0.135088 , 0.147919 , 0.159664 , 0.143496 , 0.118688 , 0.0926756 , 0 , 0 , 0 , 0 , 0 , 0 , 0 , 0 , 0 , 0 , 0 , 0 , 0 , 0 , 0 , 0 , 0 , 0 , 0 , 0 , 0 , 0 , 0 , 
1e+200 , 0.143302 , 0.147639 , 0.140005 , 0.132323 , 0.143443 , 0.15496 , 0.144971 , 0.130137 , 0.123757 , 0.0966335 , 0 , 0 , 0 , 0 , 0 , 0 , 0 , 0 , 0 , 0 , 0 , 0 , 0 , 0 , 0 , 0 , 0 , 0 , 0 , 0 , 0 , 0 , 
1e+200 , 0.14098 , 0.144392 , 0.137055 , 0.129931 , 0.138782 , 0.14859 , 0.141983 , 0.13292 , 0.135581 , 0.128826 , 0.100591 , 0 , 0 , 0 , 0 , 0 , 0 , 0 , 0 , 0 , 0 , 0 , 0 , 0 , 0 , 0 , 0 , 0 , 0 , 0 , 0 , 0 , 
1e+200 , 0.139455 , 0.142086 , 0.134979 , 0.128197 , 0.134656 , 0.142175 , 0.137378 , 0.13157 , 0.137578 , 0.139445 , 0.120784 , 0.094312 , 0 , 0 , 0 , 0 , 0 , 0 , 0 , 0 , 0 , 0 , 0 , 0 , 0 , 0 , 0 , 0 , 0 , 0 , 0 , 0 , 
1e+200 , 0.138544 , 0.14054 , 0.133691 , 0.127197 , 0.131338 , 0.136443 , 0.132623 , 0.128621 , 0.135323 , 0.140655 , 0.130807 , 0.112742 , 0.0880326 , 0 , 0 , 0 , 0 , 0 , 0 , 0 , 0 , 0 , 0 , 0 , 0 , 0 , 0 , 0 , 0 , 0 , 0 , 0 , 
1e+200 , 0.138146 , 0.139643 , 0.133097 , 0.126888 , 0.12887 , 0.131649 , 0.128407 , 0.125421 , 0.131486 , 0.137543 , 0.132579 , 0.123307 , 0.111634 , 0.087167 , 0 , 0 , 0 , 0 , 0 , 0 , 0 , 0 , 0 , 0 , 0 , 0 , 0 , 0 , 0 , 0 , 0 , 0 , 
1e+200 , 0.138123 , 0.139233 , 0.13306 , 0.127185 , 0.127182 , 0.127799 , 0.124982 , 0.122622 , 0.127458 , 0.132878 , 0.130258 , 0.125641 , 0.122117 , 0.110525 , 0.0863014 , 0 , 0 , 0 , 0 , 0 , 0 , 0 , 0 , 0 , 0 , 0 , 0 , 0 , 0 , 0 , 0 , 0 , 
1e+200 , 0.138408 , 0.139225 , 0.13348 , 0.127988 , 0.126162 , 0.124803 , 0.122388 , 0.120492 , 0.123905 , 0.12809 , 0.126425 , 0.124078 , 0.123862 , 0.119752 , 0.111439 , 0.0870149 , 0 , 0 , 0 , 0 , 0 , 0 , 0 , 0 , 0 , 0 , 0 , 0 , 0 , 0 , 0 , 0 , 
1e+200 , 0.138907 , 0.139504 , 0.134248 , 0.129198 , 0.125686 , 0.122515 , 0.120548 , 0.119084 , 0.121077 , 0.123835 , 0.122421 , 0.121027 , 0.12178 , 0.120906 , 0.120733 , 0.112353 , 0.0877284 , 0 , 0 , 0 , 0 , 0 , 0 , 0 , 0 , 0 , 0 , 0 , 0 , 0 , 0 , 0 , 
1e+200 , 0.139588 , 0.140021 , 0.135295 , 0.130734 , 0.12565 , 0.120809 , 0.119357 , 0.118357 , 0.119026 , 0.120365 , 0.118885 , 0.117765 , 0.118279 , 0.118342 , 0.121128 , 0.120193 , 0.109791 , 0.0857281 , 0 , 0 , 0 , 0 , 0 , 0 , 0 , 0 , 0 , 0 , 0 , 0 , 0 , 0 , 
1e+200 , 0.140385 , 0.140699 , 0.136544 , 0.132519 , 0.125947 , 0.119547 , 0.118689 , 0.118215 , 0.117682 , 0.117701 , 0.116055 , 0.1149 , 0.114611 , 0.114434 , 0.117817 , 0.119825 , 0.117441 , 0.107229 , 0.0837278 , 0 , 0 , 0 , 0 , 0 , 0 , 0 , 0 , 0 , 0 , 0 , 0 , 0 , 
1e+200 , 0.141291 , 0.141516 , 0.137958 , 0.1345 , 0.12651 , 0.118638 , 0.118443 , 0.118565 , 0.116953 , 0.115777 , 0.113975 , 0.112681 , 0.111373 , 0.110409 , 0.113223 , 0.115814 , 0.116276 , 0.113102 , 0.102109 , 0.0797297 , 0 , 0 , 0 , 0 , 0 , 0 , 0 , 0 , 0 , 0 , 0 , 0 , 
1e+200 , 0.142258 , 0.142419 , 0.139483 , 0.136624 , 0.127265 , 0.117986 , 0.118516 , 0.119301 , 0.116722 , 0.114476 , 0.11258 , 0.11115 , 0.108791 , 0.106835 , 0.108571 , 0.110591 , 0.111598 , 0.111137 , 0.107602 , 0.0969885 , 0.0757316 , 0 , 0 , 0 , 0 , 0 , 0 , 0 , 0 , 0 , 0 , 0 , 
1e+200 , 0.143288 , 0.143403 , 0.141104 , 0.138862 , 0.128171 , 0.117534 , 0.118841 , 0.120349 , 0.116893 , 0.113688 , 0.111775 , 0.110266 , 0.106905 , 0.103928 , 0.104421 , 0.105375 , 0.10581 , 0.105839 , 0.105548 , 0.101934 , 0.104711 , 0.0817618 , 0 , 0 , 0 , 0 , 0 , 0 , 0 , 0 , 0 , 0 , 
1e+200 , 0.14435 , 0.144432 , 0.142784 , 0.14118 , 0.129184 , 0.117224 , 0.119349 , 0.12163 , 0.117372 , 0.113299 , 0.111449 , 0.109934 , 0.105657 , 0.101711 , 0.100969 , 0.100701 , 0.100092 , 0.0995486 , 0.100333 , 0.099789 , 0.110229 , 0.112434 , 0.0877921 , 0 , 0 , 0 , 0 , 0 , 0 , 0 , 0 , 0 , 
1e+200 , 0.145447 , 0.145505 , 0.144517 , 0.143562 , 0.130281 , 0.117023 , 0.119998 , 0.123094 , 0.118091 , 0.113223 , 0.111507 , 0.110061 , 0.104959 , 0.100124 , 0.0982286 , 0.096751 , 0.0949532 , 0.0933934 , 0.0941904 , 0.0946624 , 0.10774 , 0.117819 , 0.101449 , 0.0792146 , 0 , 0 , 0 , 0 , 0 , 0 , 0 , 0 , 
1e+200 , 0.146561 , 0.146602 , 0.146282 , 0.145986 , 0.131434 , 0.116896 , 0.120748 , 0.124691 , 0.118987 , 0.113381 , 0.111861 , 0.110553 , 0.104708 , 0.099073 , 0.096127 , 0.0935222 , 0.0905497 , 0.0878453 , 0.0881916 , 0.0886746 , 0.102036 , 0.114985 , 0.10602 , 0.0904642 , 0.0706372 , 0 , 0 , 0 , 0 , 0 , 0 , 0 , 
1e+200 , 0.147693 , 0.147722 , 0.148074 , 0.148445 , 0.132631 , 0.116827 , 0.121574 , 0.12639 , 0.120019 , 0.113717 , 0.112442 , 0.111331 , 0.104814 , 0.0984579 , 0.0945637 , 0.0909346 , 0.0868667 , 0.0830366 , 0.0827814 , 0.0828389 , 0.0954163 , 0.108725 , 0.106387 , 0.100639 , 0.0946136 , 0.0738772 , 0 , 0 , 0 , 0 , 0 , 0 , 
1e+200 , 0.148833 , 0.148853 , 0.149883 , 0.150926 , 0.133858 , 0.116797 , 0.122454 , 0.128162 , 0.121148 , 0.114184 , 0.113193 , 0.112327 , 0.105197 , 0.0981868 , 0.0934341 , 0.0888805 , 0.0838145 , 0.0789372 , 0.0780814 , 0.0775726 , 0.0889751 , 0.101502 , 0.103498 , 0.104213 , 0.105096 , 0.098763 , 0.0771172 , 0 , 0 , 0 , 0 , 0 , 
1e+200 , 0.149981 , 0.149995 , 0.151705 , 0.153424 , 0.135108 , 0.116795 , 0.123373 , 0.129989 , 0.122351 , 0.114748 , 0.114071 , 0.11349 , 0.105792 , 0.0981818 , 0.0926445 , 0.087253 , 0.0812818 , 0.0754504 , 0.0740596 , 0.0729862 , 0.0831593 , 0.0944833 , 0.099479 , 0.104506 , 0.103724 , 0.0996631 , 0.0974818 , 0.0761168 , 0 , 0 , 0 , 0 , 
1e+200 , 0.151133 , 0.151143 , 0.153535 , 0.155934 , 0.136373 , 0.116813 , 0.12432 , 0.131855 , 0.123606 , 0.115382 , 0.115044 , 0.114777 , 0.106546 , 0.0983791 , 0.0921157 , 0.085957 , 0.0791604 , 0.0724622 , 0.0706218 , 0.0690462 , 0.0780854 , 0.0881438 , 0.0954077 , 0.103434 , 0.099228 , 0.0933357 , 0.098287 , 0.0962006 , 0.0751164 , 0 , 0 , 0 , 
1e+200 , 0.152289 , 0.152296 , 0.155372 , 0.158453 , 0.137649 , 0.116845 , 0.125287 , 0.13375 , 0.1249 , 0.116067 , 0.116085 , 0.116156 , 0.107419 , 0.0987282 , 0.0917839 , 0.0849135 , 0.0773558 , 0.0698643 , 0.0676578 , 0.0656605 , 0.0737135 , 0.0826035 , 0.091775 , 0.102052 , 0.093768 , 0.0843429 , 0.0875635 , 0.08813 , 0.11027 , 0.0861022 , 0 , 0 , 
1e+200 , 0.153446 , 0.153451 , 0.157213 , 0.160978 , 0.138932 , 0.116887 , 0.126269 , 0.135665 , 0.126221 , 0.11679 , 0.117177 , 0.117603 , 0.10838 , 0.0991902 , 0.0915989 , 0.0840592 , 0.0757902 , 0.0675639 , 0.065064 , 0.0627233 , 0.0699422 , 0.0778169 , 0.088754 , 0.100895 , 0.0883971 , 0.0748902 , 0.0744762 , 0.0730018 , 0.103242 , 0.124339 , 0.0970881 , 0 , 
1e+200 , 0.153443 , 0.153446 , 0.157205 , 0.160967 , 0.138919 , 0.116871 , 0.126244 , 0.135627 , 0.126171 , 0.116723 , 0.117082 , 0.117469 , 0.108207 , 0.0989693 , 0.0913153 , 0.0836996 , 0.0753456 , 0.0670252 , 0.0643669 , 0.0618324 , 0.0686472 , 0.0759778 , 0.0861472 , 0.0973364 , 0.0848242 , 0.0716498 , 0.0714089 , 0.0708454 , 0.103344 , 0.133554 , 0.124339 , 0.0970881 , 

shifts ,
0 , 0 , 0 , 0 , 0 , 0 , 0 , 0 , 0 , 0 , 0 , 0 , 0 , 0 , 0 , 0 , 0 , 0 , 0 , 0 , 0 , 0 , 0 , 0 , 0 , 0 , 0 , 0 , 0 , 0 , 0 , 0 , 0 , 
0 , 0 , 0 , 0 , 0 , 0 , 0 , 0 , 0 , 0 , 0 , 0 , 0 , 0 , 0 , 0 , 0 , 0 , 0 , 0 , 0 , 0 , 0 , 0 , 0 , 0 , 0 , 0 , 0 , 0 , 0 , 0 , 0 , 
0 , 0 , 0 , 0 , 0 , 0 , 0 , 0 , 0 , 0 , 0 , 0 , 0 , 0 , 0 , 0 , 0 , 0 , 0 , 0 , 0 , 0 , 0 , 0 , 0 , 0 , 0 , 0 , 0 , 0 , 0 , 0 , 0 , 
0 , 0 , 0 , 0 , 0 , 0 , 0 , 0 , 0 , 0 , 0 , 0 , 0 , 0 , 0 , 0 , 0 , 0 , 0 , 0 , 0 , 0 , 0 , 0 , 0 , 0 , 0 , 0 , 0 , 0 , 0 , 0 , 0 , 
0 , 0 , 0 , 0 , 0 , 0 , 0 , 0 , 0 , 0 , 0 , 0 , 0 , 0 , 0 , 0 , 0 , 0 , 0 , 0 , 0 , 0 , 0 , 0 , 0 , 0 , 0 , 0 , 0 , 0 , 0 , 0 , 0 , 
0 , 0 , 0 , 0 , 0 , 0 , 0 , 0 , 0 , 0 , 0 , 0 , 0 , 0 , 0 , 0 , 0 , 0 , 0 , 0 , 0 , 0 , 0 , 0 , 0 , 0 , 0 , 0 , 0 , 0 , 0 , 0 , 0 , 
0 , 0 , 0 , 0 , 0 , 0 , 0 , 0 , 0 , 0 , 0 , 0 , 0 , 0 , 0 , 0 , 0 , 0 , 0 , 0 , 0 , 0 , 0 , 0 , 0 , 0 , 0 , 0 , 0 , 0 , 0 , 0 , 0 , 
0 , 0 , 0 , 0 , 0 , 0 , 0 , 0 , 0 , 0 , 0 , 0 , 0 , 0 , 0 , 0 , 0 , 0 , 0 , 0 , 0 , 0 , 0 , 0 , 0 , 0 , 0 , 0 , 0 , 0 , 0 , 0 , 0 , 
0 , 0 , 0 , 0 , 0 , 0 , 0 , 0 , 0 , 0 , 0 , 0 , 0 , 0 , 0 , 0 , 0 , 0 , 0 , 0 , 0 , 0 , 0 , 0 , 0 , 0 , 0 , 0 , 0 , 0 , 0 , 0 , 0 , 
0 , 0 , 0 , 0 , 0 , 0 , 0 , 0 , 0 , 0 , 0 , 0 , 0 , 0 , 0 , 0 , 0 , 0 , 0 , 0 , 0 , 0 , 0 , 0 , 0 , 0 , 0 , 0 , 0 , 0 , 0 , 0 , 0 , 
0 , 0 , 0 , 0 , 0 , 0 , 0 , 0 , 0 , 0 , 0 , 0 , 0 , 0 , 0 , 0 , 0 , 0 , 0 , 0 , 0 , 0 , 0 , 0 , 0 , 0 , 0 , 0 , 0 , 0 , 0 , 0 , 0 , 
0 , 0 , 0 , 0 , 0 , 0 , 0 , 0 , 0 , 0 , 0 , 0 , 0 , 0 , 0 , 0 , 0 , 0 , 0 , 0 , 0 , 0 , 0 , 0 , 0 , 0 , 0 , 0 , 0 , 0 , 0 , 0 , 0 , 
0 , 0 , 0 , 0 , 0 , 0 , 0 , 0 , 0 , 0 , 0 , 0 , 0 , 0 , 0 , 0 , 0 , 0 , 0 , 0 , 0 , 0 , 0 , 0 , 0 , 0 , 0 , 0 , 0 , 0 , 0 , 0 , 0 , 
0 , 0 , 0 , 0 , 0 , 0 , 0 , 0 , 0 , 0 , 0 , 0 , 0 , 0 , 0 , 0 , 0 , 0 , 0 , 0 , 0 , 0 , 0 , 0 , 0 , 0 , 0 , 0 , 0 , 0 , 0 , 0 , 0 , 
0 , 0 , 0 , 0 , 0 , 0 , 0 , 0 , 0 , 0 , 0 , 0 , 0 , 0 , 0 , 0 , 0 , 0 , 0 , 0 , 0 , 0 , 0 , 0 , 0 , 0 , 0 , 0 , 0 , 0 , 0 , 0 , 0 , 
0 , 0 , 0 , 0 , 0 , 0 , 0 , 0 , 0 , 0 , 0 , 0 , 0 , 0 , 0 , 0 , 0 , 0 , 0 , 0 , 0 , 0 , 0 , 0 , 0 , 0 , 0 , 0 , 0 , 0 , 0 , 0 , 0 , 
0 , 0 , 0 , 0 , 0 , 0 , 0 , 0 , 0 , 0 , 0 , 0 , 0 , 0 , 0 , 0 , 0 , 0 , 0 , 0 , 0 , 0 , 0 , 0 , 0 , 0 , 0 , 0 , 0 , 0 , 0 , 0 , 0 , 
0 , 0 , 0 , 0 , 0 , 0 , 0 , 0 , 0 , 0 , 0 , 0 , 0 , 0 , 0 , 0 , 0 , 0 , 0 , 0 , 0 , 0 , 0 , 0 , 0 , 0 , 0 , 0 , 0 , 0 , 0 , 0 , 0 , 
0 , 0 , 0 , 0 , 0 , 0 , 0 , 0 , 0 , 0 , 0 , 0 , 0 , 0 , 0 , 0 , 0 , 0 , 0 , 0 , 0 , 0 , 0 , 0 , 0 , 0 , 0 , 0 , 0 , 0 , 0 , 0 , 0 , 
0 , 0 , 0 , 0 , 0 , 0 , 0 , 0 , 0 , 0 , 0 , 0 , 0 , 0 , 0 , 0 , 0 , 0 , 0 , 0 , 0 , 0 , 0 , 0 , 0 , 0 , 0 , 0 , 0 , 0 , 0 , 0 , 0 , 
0 , 0 , 0 , 0 , 0 , 0 , 0 , 0 , 0 , 0 , 0 , 0 , 0 , 0 , 0 , 0 , 0 , 0 , 0 , 0 , 0 , 0 , 0 , 0 , 0 , 0 , 0 , 0 , 0 , 0 , 0 , 0 , 0 , 
0 , 0 , 0 , 0 , 0 , 0 , 0 , 0 , 0 , 0 , 0 , 0 , 0 , 0 , 0 , 0 , 0 , 0 , 0 , 0 , 0 , 0 , 0 , 0 , 0 , 0 , 0 , 0 , 0 , 0 , 0 , 0 , 0 , 
0 , 0 , 0 , 0 , 0 , 0 , 0 , 0 , 0 , 0 , 0 , 0 , 0 , 0 , 0 , 0 , 0 , 0 , 0 , 0 , 0 , 0 , 0 , 0 , 0 , 0 , 0 , 0 , 0 , 0 , 0 , 0 , 0 , 
0 , 0 , 0 , 0 , 0 , 0 , 0 , 0 , 0 , 0 , 0 , 0 , 0 , 0 , 0 , 0 , 0 , 0 , 0 , 0 , 0 , 0 , 0 , 0 , 0 , 0 , 0 , 0 , 0 , 0 , 0 , 0 , 0 , 
0 , 0 , 0 , 0 , 0 , 0 , 0 , 0 , 0 , 0 , 0 , 0 , 0 , 0 , 0 , 0 , 0 , 0 , 0 , 0 , 0 , 0 , 0 , 0 , 0 , 0 , 0 , 0 , 0 , 0 , 0 , 0 , 0 , 
0 , 0 , 0 , 0 , 0 , 0 , 0 , 0 , 0 , 0 , 0 , 0 , 0 , 0 , 0 , 0 , 0 , 0 , 0 , 0 , 0 , 0 , 0 , 0 , 0 , 0 , 0 , 0 , 0 , 0 , 0 , 0 , 0 , 
0 , 0 , 0 , 0 , 0 , 0 , 0 , 0 , 0 , 0 , 0 , 0 , 0 , 0 , 0 , 0 , 0 , 0 , 0 , 0 , 0 , 0 , 0 , 0 , 0 , 0 , 0 , 0 , 0 , 0 , 0 , 0 , 0 , 
0 , 0 , 0 , 0 , 0 , 0 , 0 , 0 , 0 , 0 , 0 , 0 , 0 , 0 , 0 , 0 , 0 , 0 , 0 , 0 , 0 , 0 , 0 , 0 , 0 , 0 , 0 , 0 , 0 , 0 , 0 , 0 , 0 , 
0 , 0 , 0 , 0 , 0 , 0 , 0 , 0 , 0 , 0 , 0 , 0 , 0 , 0 , 0 , 0 , 0 , 0 , 0 , 0 , 0 , 0 , 0 , 0 , 0 , 0 , 0 , 0 , 0 , 0 , 0 , 0 , 0 , 
0 , 0 , 0 , 0 , 0 , 0 , 0 , 0 , 0 , 0 , 0 , 0 , 0 , 0 , 0 , 0 , 0 , 0 , 0 , 0 , 0 , 0 , 0 , 0 , 0 , 0 , 0 , 0 , 0 , 0 , 0 , 0 , 0 , 
0 , 0 , 0 , 0 , 0 , 0 , 0 , 0 , 0 , 0 , 0 , 0 , 0 , 0 , 0 , 0 , 0 , 0 , 0 , 0 , 0 , 0 , 0 , 0 , 0 , 0 , 0 , 0 , 0 , 0 , 0 , 0 , 0 , 
0 , 0 , 0 , 0 , 0 , 0 , 0 , 0 , 0 , 0 , 0 , 0 , 0 , 0 , 0 , 0 , 0 , 0 , 0 , 0 , 0 , 0 , 0 , 0 , 0 , 0 , 0 , 0 , 0 , 0 , 0 , 0 , 0 , 
0 , 0 , 0 , 0 , 0 , 0 , 0 , 0 , 0 , 0 , 0 , 0 , 0 , 0 , 0 , 0 , 0 , 0 , 0 , 0 , 0 , 0 , 0 , 0 , 0 , 0 , 0 , 0 , 0 , 0 , 0 , 0 , 0 , 

