g ,
1e+100 , 0 , 0 , 0 , 0 , 0 , 0 , 0 , 0 , 0 , 0 , 0 , 0 , 0 , 0 , 0 , 0 , 0 , 0 , 0 , 0 , 0 , 0 , 0 , 0 , 0 , 0 , 0 , 0 , 0 , 0 , 0 , 0 , 
1e+100 , 1.03394 , 0 , 0 , 0 , 0 , 0 , 0 , 0 , 0 , 0 , 0 , 0 , 0 , 0 , 0 , 0 , 0 , 0 , 0 , 0 , 0 , 0 , 0 , 0 , 0 , 0 , 0 , 0 , 0 , 0 , 0 , 0 , 
1e+100 , 1.03394 , 1.03394 , 0 , 0 , 0 , 0 , 0 , 0 , 0 , 0 , 0 , 0 , 0 , 0 , 0 , 0 , 0 , 0 , 0 , 0 , 0 , 0 , 0 , 0 , 0 , 0 , 0 , 0 , 0 , 0 , 0 , 0 , 
1e+100 , 1.03394 , 1.03394 , 1.03394 , 0 , 0 , 0 , 0 , 0 , 0 , 0 , 0 , 0 , 0 , 0 , 0 , 0 , 0 , 0 , 0 , 0 , 0 , 0 , 0 , 0 , 0 , 0 , 0 , 0 , 0 , 0 , 0 , 0 , 
1e+100 , 1.03184 , 1.03184 , 0.928788 , 0.928788 , 0 , 0 , 0 , 0 , 0 , 0 , 0 , 0 , 0 , 0 , 0 , 0 , 0 , 0 , 0 , 0 , 0 , 0 , 0 , 0 , 0 , 0 , 0 , 0 , 0 , 0 , 0 , 0 , 
1e+100 , 1.02974 , 1.02974 , 0.926687 , 0.823637 , 0.823637 , 0 , 0 , 0 , 0 , 0 , 0 , 0 , 0 , 0 , 0 , 0 , 0 , 0 , 0 , 0 , 0 , 0 , 0 , 0 , 0 , 0 , 0 , 0 , 0 , 0 , 0 , 0 , 
1e+100 , 1.03335 , 1.03335 , 0.93799 , 0.842632 , 0.872063 , 0.872063 , 0 , 0 , 0 , 0 , 0 , 0 , 0 , 0 , 0 , 0 , 0 , 0 , 0 , 0 , 0 , 0 , 0 , 0 , 0 , 0 , 0 , 0 , 0 , 0 , 0 , 0 , 
1e+100 , 1.03696 , 1.03696 , 0.949293 , 0.861626 , 0.891058 , 0.92049 , 0.92049 , 0 , 0 , 0 , 0 , 0 , 0 , 0 , 0 , 0 , 0 , 0 , 0 , 0 , 0 , 0 , 0 , 0 , 0 , 0 , 0 , 0 , 0 , 0 , 0 , 0 , 
1e+100 , 1.04553 , 1.04553 , 0.962838 , 0.88015 , 0.901888 , 0.923625 , 0.867932 , 0.867932 , 0 , 0 , 0 , 0 , 0 , 0 , 0 , 0 , 0 , 0 , 0 , 0 , 0 , 0 , 0 , 0 , 0 , 0 , 0 , 0 , 0 , 0 , 0 , 0 , 
1e+100 , 1.05409 , 1.05409 , 0.976383 , 0.898674 , 0.912717 , 0.92676 , 0.871067 , 0.815375 , 0.815375 , 0 , 0 , 0 , 0 , 0 , 0 , 0 , 0 , 0 , 0 , 0 , 0 , 0 , 0 , 0 , 0 , 0 , 0 , 0 , 0 , 0 , 0 , 0 , 
1e+100 , 1.06535 , 1.06535 , 0.99093 , 0.916512 , 0.92346 , 0.930408 , 0.877687 , 0.824967 , 0.809018 , 0.809018 , 0 , 0 , 0 , 0 , 0 , 0 , 0 , 0 , 0 , 0 , 0 , 0 , 0 , 0 , 0 , 0 , 0 , 0 , 0 , 0 , 0 , 0 , 
1e+100 , 1.0766 , 1.0766 , 1.00548 , 0.93435 , 0.934203 , 0.934056 , 0.884307 , 0.834559 , 0.81861 , 0.80266 , 0.80266 , 0 , 0 , 0 , 0 , 0 , 0 , 0 , 0 , 0 , 0 , 0 , 0 , 0 , 0 , 0 , 0 , 0 , 0 , 0 , 0 , 0 , 
1e+100 , 1.08823 , 1.08823 , 1.01962 , 0.951021 , 0.944739 , 0.938458 , 0.891311 , 0.844163 , 0.827157 , 0.810151 , 0.782897 , 0.782897 , 0 , 0 , 0 , 0 , 0 , 0 , 0 , 0 , 0 , 0 , 0 , 0 , 0 , 0 , 0 , 0 , 0 , 0 , 0 , 0 , 
1e+100 , 1.09985 , 1.09985 , 1.03377 , 0.967691 , 0.955276 , 0.94286 , 0.898314 , 0.853767 , 0.835705 , 0.817642 , 0.790388 , 0.763134 , 0.763134 , 0 , 0 , 0 , 0 , 0 , 0 , 0 , 0 , 0 , 0 , 0 , 0 , 0 , 0 , 0 , 0 , 0 , 0 , 0 , 
1e+100 , 1.1108 , 1.1108 , 1.04697 , 0.983134 , 0.965709 , 0.948284 , 0.905897 , 0.86351 , 0.844391 , 0.825272 , 0.797598 , 0.769925 , 0.748474 , 0.748474 , 0 , 0 , 0 , 0 , 0 , 0 , 0 , 0 , 0 , 0 , 0 , 0 , 0 , 0 , 0 , 0 , 0 , 0 , 
1e+100 , 1.12175 , 1.12175 , 1.06017 , 0.998577 , 0.976142 , 0.953707 , 0.913479 , 0.873252 , 0.853077 , 0.832902 , 0.804809 , 0.776717 , 0.755265 , 0.733814 , 0.733814 , 0 , 0 , 0 , 0 , 0 , 0 , 0 , 0 , 0 , 0 , 0 , 0 , 0 , 0 , 0 , 0 , 0 , 
1e+100 , 1.1321 , 1.1321 , 1.07266 , 1.01321 , 0.986845 , 0.960483 , 0.921932 , 0.883382 , 0.862148 , 0.840913 , 0.812274 , 0.783634 , 0.760685 , 0.737736 , 0.728476 , 0.728476 , 0 , 0 , 0 , 0 , 0 , 0 , 0 , 0 , 0 , 0 , 0 , 0 , 0 , 0 , 0 , 0 , 
1e+100 , 1.14245 , 1.14245 , 1.08515 , 1.02784 , 0.997549 , 0.96726 , 0.930386 , 0.893511 , 0.871218 , 0.848925 , 0.819738 , 0.790551 , 0.766104 , 0.741657 , 0.732398 , 0.723138 , 0.723138 , 0 , 0 , 0 , 0 , 0 , 0 , 0 , 0 , 0 , 0 , 0 , 0 , 0 , 0 , 0 , 
1e+100 , 1.15275 , 1.15275 , 1.09749 , 1.04223 , 1.00893 , 0.97564 , 0.939951 , 0.904262 , 0.880896 , 0.857529 , 0.82764 , 0.797751 , 0.771694 , 0.745637 , 0.73341 , 0.721184 , 0.702541 , 0.702541 , 0 , 0 , 0 , 0 , 0 , 0 , 0 , 0 , 0 , 0 , 0 , 0 , 0 , 0 , 
1e+100 , 1.16304 , 1.16304 , 1.10983 , 1.05662 , 1.02032 , 0.984019 , 0.949516 , 0.915013 , 0.890573 , 0.866133 , 0.835542 , 0.804951 , 0.777284 , 0.749617 , 0.734423 , 0.719229 , 0.700587 , 0.681945 , 0.681945 , 0 , 0 , 0 , 0 , 0 , 0 , 0 , 0 , 0 , 0 , 0 , 0 , 0 , 
1e+100 , 1.17368 , 1.17368 , 1.12242 , 1.07117 , 1.03257 , 0.993983 , 0.960214 , 0.926444 , 0.900906 , 0.875368 , 0.843931 , 0.812495 , 0.783103 , 0.75371 , 0.735516 , 0.717322 , 0.697287 , 0.677251 , 0.663307 , 0.663307 , 0 , 0 , 0 , 0 , 0 , 0 , 0 , 0 , 0 , 0 , 0 , 0 , 
1e+100 , 1.18432 , 1.18432 , 1.13502 , 1.08571 , 1.04483 , 1.00395 , 0.970911 , 0.937875 , 0.911239 , 0.884602 , 0.85232 , 0.820039 , 0.788921 , 0.757803 , 0.736609 , 0.715416 , 0.693987 , 0.672558 , 0.658614 , 0.644669 , 0.644669 , 0 , 0 , 0 , 0 , 0 , 0 , 0 , 0 , 0 , 0 , 0 , 
1e+100 , 1.19544 , 1.19544 , 1.14801 , 1.10058 , 1.05792 , 1.01526 , 0.982591 , 0.949921 , 0.922165 , 0.894409 , 0.86118 , 0.82795 , 0.795025 , 0.762099 , 0.737885 , 0.713671 , 0.690801 , 0.667931 , 0.653338 , 0.638745 , 0.642684 , 0.642684 , 0 , 0 , 0 , 0 , 0 , 0 , 0 , 0 , 0 , 0 , 
1e+100 , 1.20655 , 1.20655 , 1.161 , 1.11545 , 1.07101 , 1.02658 , 0.994272 , 0.961967 , 0.933092 , 0.904216 , 0.870039 , 0.835861 , 0.801129 , 0.766396 , 0.739161 , 0.711927 , 0.687615 , 0.663304 , 0.648063 , 0.632821 , 0.63676 , 0.640698 , 0.640698 , 0 , 0 , 0 , 0 , 0 , 0 , 0 , 0 , 0 , 
1e+100 , 1.21798 , 1.21798 , 1.17428 , 1.13058 , 1.08471 , 1.03885 , 1.00664 , 0.974438 , 0.944437 , 0.914436 , 0.879252 , 0.844068 , 0.807487 , 0.770906 , 0.740652 , 0.710397 , 0.68459 , 0.658783 , 0.642842 , 0.626901 , 0.628989 , 0.631077 , 0.632976 , 0.632976 , 0 , 0 , 0 , 0 , 0 , 0 , 0 , 0 , 
1e+100 , 1.22941 , 1.22941 , 1.18756 , 1.1457 , 1.09841 , 1.05112 , 1.01901 , 0.986909 , 0.955782 , 0.924655 , 0.888465 , 0.852274 , 0.813846 , 0.775417 , 0.742142 , 0.708867 , 0.681564 , 0.654261 , 0.637621 , 0.620981 , 0.621219 , 0.621456 , 0.623355 , 0.625254 , 0.625254 , 0 , 0 , 0 , 0 , 0 , 0 , 0 , 
1e+100 , 1.24094 , 1.24094 , 1.20096 , 1.16097 , 1.11246 , 1.06395 , 1.03178 , 0.999611 , 0.967362 , 0.935113 , 0.897894 , 0.860675 , 0.82039 , 0.780104 , 0.743822 , 0.707539 , 0.678697 , 0.649856 , 0.632466 , 0.615076 , 0.613461 , 0.611845 , 0.61329 , 0.614735 , 0.617804 , 0.617804 , 0 , 0 , 0 , 0 , 0 , 0 , 
1e+100 , 1.25248 , 1.25248 , 1.21436 , 1.17624 , 1.12651 , 1.07678 , 1.04455 , 1.01231 , 0.978943 , 0.945572 , 0.907324 , 0.869075 , 0.826934 , 0.784792 , 0.745501 , 0.706211 , 0.67583 , 0.64545 , 0.627311 , 0.609172 , 0.605703 , 0.602234 , 0.603225 , 0.604216 , 0.607285 , 0.610353 , 0.610353 , 0 , 0 , 0 , 0 , 0 , 
1e+100 , 1.26399 , 1.26399 , 1.22778 , 1.19156 , 1.14071 , 1.08986 , 1.05749 , 1.02511 , 0.990628 , 0.956144 , 0.916866 , 0.877587 , 0.833597 , 0.789606 , 0.74732 , 0.705033 , 0.673087 , 0.641142 , 0.622217 , 0.603293 , 0.597963 , 0.592633 , 0.593166 , 0.593699 , 0.596223 , 0.598747 , 0.605525 , 0.605525 , 0 , 0 , 0 , 0 , 
1e+100 , 1.27551 , 1.27551 , 1.24119 , 1.20688 , 1.15491 , 1.10295 , 1.07043 , 1.03791 , 1.00231 , 0.966716 , 0.926408 , 0.8861 , 0.84026 , 0.79442 , 0.749138 , 0.703856 , 0.670344 , 0.636833 , 0.617123 , 0.597414 , 0.590223 , 0.583033 , 0.583107 , 0.583182 , 0.585161 , 0.587141 , 0.593919 , 0.600697 , 0.600697 , 0 , 0 , 0 , 
1e+100 , 1.287 , 1.287 , 1.25461 , 1.22223 , 1.16917 , 1.11612 , 1.08343 , 1.05075 , 1.01404 , 0.97734 , 0.936008 , 0.894676 , 0.846996 , 0.799316 , 0.751041 , 0.702767 , 0.667677 , 0.632588 , 0.612076 , 0.591565 , 0.582506 , 0.573448 , 0.573061 , 0.572674 , 0.574108 , 0.575542 , 0.581644 , 0.587746 , 0.600921 , 0.600921 , 0 , 0 , 
1e+100 , 1.29849 , 1.29849 , 1.26804 , 1.23758 , 1.18343 , 1.12929 , 1.09644 , 1.06359 , 1.02578 , 0.987965 , 0.945609 , 0.903253 , 0.853732 , 0.804211 , 0.752945 , 0.701679 , 0.66501 , 0.628342 , 0.607029 , 0.585716 , 0.57479 , 0.563863 , 0.563014 , 0.562166 , 0.563055 , 0.563943 , 0.569369 , 0.574794 , 0.58797 , 0.601145 , 0.601145 , 0 , 
1e+100 , 1.29849 , 1.29849 , 1.26804 , 1.23758 , 1.18343 , 1.12929 , 1.09644 , 1.06359 , 1.02578 , 0.987965 , 0.945609 , 0.903253 , 0.853732 , 0.804211 , 0.752945 , 0.701679 , 0.66501 , 0.628342 , 0.607029 , 0.585716 , 0.57479 , 0.563863 , 0.563014 , 0.562166 , 0.563055 , 0.563943 , 0.569369 , 0.574794 , 0.58797 , 0.601145 , 0.601145 , 0.601145 , 

h ,
1e+100 , 0 , 0 , 0 , 0 , 0 , 0 , 0 , 0 , 0 , 0 , 0 , 0 , 0 , 0 , 0 , 0 , 0 , 0 , 0 , 0 , 0 , 0 , 0 , 0 , 0 , 0 , 0 , 0 , 0 , 0 , 0 , 0 , 
1e+100 , 0.120859 , 0 , 0 , 0 , 0 , 0 , 0 , 0 , 0 , 0 , 0 , 0 , 0 , 0 , 0 , 0 , 0 , 0 , 0 , 0 , 0 , 0 , 0 , 0 , 0 , 0 , 0 , 0 , 0 , 0 , 0 , 0 , 
1e+100 , 0.154783 , 0.120859 , 0 , 0 , 0 , 0 , 0 , 0 , 0 , 0 , 0 , 0 , 0 , 0 , 0 , 0 , 0 , 0 , 0 , 0 , 0 , 0 , 0 , 0 , 0 , 0 , 0 , 0 , 0 , 0 , 0 , 0 , 
1e+100 , 0.166254 , 0.154783 , 0.120859 , 0 , 0 , 0 , 0 , 0 , 0 , 0 , 0 , 0 , 0 , 0 , 0 , 0 , 0 , 0 , 0 , 0 , 0 , 0 , 0 , 0 , 0 , 0 , 0 , 0 , 0 , 0 , 0 , 0 , 
1e+100 , 0.166418 , 0.166254 , 0.154783 , 0.120859 , 0 , 0 , 0 , 0 , 0 , 0 , 0 , 0 , 0 , 0 , 0 , 0 , 0 , 0 , 0 , 0 , 0 , 0 , 0 , 0 , 0 , 0 , 0 , 0 , 0 , 0 , 0 , 0 , 
1e+100 , 0.161502 , 0.166418 , 0.166254 , 0.154783 , 0.120859 , 0 , 0 , 0 , 0 , 0 , 0 , 0 , 0 , 0 , 0 , 0 , 0 , 0 , 0 , 0 , 0 , 0 , 0 , 0 , 0 , 0 , 0 , 0 , 0 , 0 , 0 , 0 , 
1e+100 , 0.154851 , 0.161502 , 0.166418 , 0.166254 , 0.154783 , 0.120859 , 0 , 0 , 0 , 0 , 0 , 0 , 0 , 0 , 0 , 0 , 0 , 0 , 0 , 0 , 0 , 0 , 0 , 0 , 0 , 0 , 0 , 0 , 0 , 0 , 0 , 0 , 
1e+100 , 0.148151 , 0.154851 , 0.161502 , 0.166418 , 0.166254 , 0.154783 , 0.120859 , 0 , 0 , 0 , 0 , 0 , 0 , 0 , 0 , 0 , 0 , 0 , 0 , 0 , 0 , 0 , 0 , 0 , 0 , 0 , 0 , 0 , 0 , 0 , 0 , 0 , 
1e+100 , 0.142163 , 0.148151 , 0.154851 , 0.161502 , 0.166418 , 0.166254 , 0.154783 , 0.120859 , 0 , 0 , 0 , 0 , 0 , 0 , 0 , 0 , 0 , 0 , 0 , 0 , 0 , 0 , 0 , 0 , 0 , 0 , 0 , 0 , 0 , 0 , 0 , 0 , 
1e+100 , 0.137149 , 0.142163 , 0.148151 , 0.154851 , 0.161502 , 0.166418 , 0.166254 , 0.154783 , 0.120859 , 0 , 0 , 0 , 0 , 0 , 0 , 0 , 0 , 0 , 0 , 0 , 0 , 0 , 0 , 0 , 0 , 0 , 0 , 0 , 0 , 0 , 0 , 0 , 
1e+100 , 0.133121 , 0.137149 , 0.142163 , 0.148151 , 0.154851 , 0.161502 , 0.166418 , 0.166254 , 0.154783 , 0.120859 , 0 , 0 , 0 , 0 , 0 , 0 , 0 , 0 , 0 , 0 , 0 , 0 , 0 , 0 , 0 , 0 , 0 , 0 , 0 , 0 , 0 , 0 , 
1e+100 , 0.129975 , 0.133121 , 0.137149 , 0.142163 , 0.148151 , 0.154851 , 0.161502 , 0.166418 , 0.166254 , 0.154783 , 0.120859 , 0 , 0 , 0 , 0 , 0 , 0 , 0 , 0 , 0 , 0 , 0 , 0 , 0 , 0 , 0 , 0 , 0 , 0 , 0 , 0 , 0 , 
1e+100 , 0.127568 , 0.129975 , 0.133121 , 0.137149 , 0.142163 , 0.148151 , 0.154851 , 0.161502 , 0.166418 , 0.166254 , 0.154783 , 0.120859 , 0 , 0 , 0 , 0 , 0 , 0 , 0 , 0 , 0 , 0 , 0 , 0 , 0 , 0 , 0 , 0 , 0 , 0 , 0 , 0 , 
1e+100 , 0.125756 , 0.127568 , 0.129975 , 0.133121 , 0.137149 , 0.142163 , 0.148151 , 0.154851 , 0.161502 , 0.166418 , 0.166254 , 0.154783 , 0.120859 , 0 , 0 , 0 , 0 , 0 , 0 , 0 , 0 , 0 , 0 , 0 , 0 , 0 , 0 , 0 , 0 , 0 , 0 , 0 , 
1e+100 , 0.124409 , 0.125756 , 0.127568 , 0.129975 , 0.133121 , 0.137149 , 0.142163 , 0.148151 , 0.154851 , 0.161502 , 0.166418 , 0.166254 , 0.154783 , 0.120859 , 0 , 0 , 0 , 0 , 0 , 0 , 0 , 0 , 0 , 0 , 0 , 0 , 0 , 0 , 0 , 0 , 0 , 0 , 
1e+100 , 0.123417 , 0.124409 , 0.125756 , 0.127568 , 0.129975 , 0.133121 , 0.137149 , 0.142163 , 0.148151 , 0.154851 , 0.161502 , 0.166418 , 0.166254 , 0.154783 , 0.120859 , 0 , 0 , 0 , 0 , 0 , 0 , 0 , 0 , 0 , 0 , 0 , 0 , 0 , 0 , 0 , 0 , 0 , 
1e+100 , 0.122693 , 0.123417 , 0.124409 , 0.125756 , 0.127568 , 0.129975 , 0.133121 , 0.137149 , 0.142163 , 0.148151 , 0.154851 , 0.161502 , 0.166418 , 0.166254 , 0.154783 , 0.120859 , 0 , 0 , 0 , 0 , 0 , 0 , 0 , 0 , 0 , 0 , 0 , 0 , 0 , 0 , 0 , 0 , 
1e+100 , 0.122168 , 0.122693 , 0.123417 , 0.124409 , 0.125756 , 0.127568 , 0.129975 , 0.133121 , 0.137149 , 0.142163 , 0.148151 , 0.154851 , 0.161502 , 0.166418 , 0.166254 , 0.154783 , 0.120859 , 0 , 0 , 0 , 0 , 0 , 0 , 0 , 0 , 0 , 0 , 0 , 0 , 0 , 0 , 0 , 
1e+100 , 0.12179 , 0.122168 , 0.122693 , 0.123417 , 0.124409 , 0.125756 , 0.127568 , 0.129975 , 0.133121 , 0.137149 , 0.142163 , 0.148151 , 0.154851 , 0.161502 , 0.166418 , 0.166254 , 0.154783 , 0.120859 , 0 , 0 , 0 , 0 , 0 , 0 , 0 , 0 , 0 , 0 , 0 , 0 , 0 , 0 , 
1e+100 , 0.121518 , 0.12179 , 0.122168 , 0.122693 , 0.123417 , 0.124409 , 0.125756 , 0.127568 , 0.129975 , 0.133121 , 0.137149 , 0.142163 , 0.148151 , 0.154851 , 0.161502 , 0.166418 , 0.166254 , 0.154783 , 0.120859 , 0 , 0 , 0 , 0 , 0 , 0 , 0 , 0 , 0 , 0 , 0 , 0 , 0 , 
1e+100 , 0.121325 , 0.121518 , 0.12179 , 0.122168 , 0.122693 , 0.123417 , 0.124409 , 0.125756 , 0.127568 , 0.129975 , 0.133121 , 0.137149 , 0.142163 , 0.148151 , 0.154851 , 0.161502 , 0.166418 , 0.166254 , 0.154783 , 0.120859 , 0 , 0 , 0 , 0 , 0 , 0 , 0 , 0 , 0 , 0 , 0 , 0 , 
1e+100 , 0.121187 , 0.121325 , 0.121518 , 0.12179 , 0.122168 , 0.122693 , 0.123417 , 0.124409 , 0.125756 , 0.127568 , 0.129975 , 0.133121 , 0.137149 , 0.142163 , 0.148151 , 0.154851 , 0.161502 , 0.166418 , 0.166254 , 0.154783 , 0.120859 , 0 , 0 , 0 , 0 , 0 , 0 , 0 , 0 , 0 , 0 , 0 , 
1e+100 , 0.12109 , 0.121187 , 0.121325 , 0.121518 , 0.12179 , 0.122168 , 0.122693 , 0.123417 , 0.124409 , 0.125756 , 0.127568 , 0.129975 , 0.133121 , 0.137149 , 0.142163 , 0.148151 , 0.154851 , 0.161502 , 0.166418 , 0.166254 , 0.154783 , 0.120859 , 0 , 0 , 0 , 0 , 0 , 0 , 0 , 0 , 0 , 0 , 
1e+100 , 0.121021 , 0.12109 , 0.121187 , 0.121325 , 0.121518 , 0.12179 , 0.122168 , 0.122693 , 0.123417 , 0.124409 , 0.125756 , 0.127568 , 0.129975 , 0.133121 , 0.137149 , 0.142163 , 0.148151 , 0.154851 , 0.161502 , 0.166418 , 0.166254 , 0.154783 , 0.120859 , 0 , 0 , 0 , 0 , 0 , 0 , 0 , 0 , 0 , 
1e+100 , 0.120972 , 0.121021 , 0.12109 , 0.121187 , 0.121325 , 0.121518 , 0.12179 , 0.122168 , 0.122693 , 0.123417 , 0.124409 , 0.125756 , 0.127568 , 0.129975 , 0.133121 , 0.137149 , 0.142163 , 0.148151 , 0.154851 , 0.161502 , 0.166418 , 0.166254 , 0.154783 , 0.120859 , 0 , 0 , 0 , 0 , 0 , 0 , 0 , 0 , 
1e+100 , 0.120938 , 0.120972 , 0.121021 , 0.12109 , 0.121187 , 0.121325 , 0.121518 , 0.12179 , 0.122168 , 0.122693 , 0.123417 , 0.124409 , 0.125756 , 0.127568 , 0.129975 , 0.133121 , 0.137149 , 0.142163 , 0.148151 , 0.154851 , 0.161502 , 0.166418 , 0.166254 , 0.154783 , 0.120859 , 0 , 0 , 0 , 0 , 0 , 0 , 0 , 
1e+100 , 0.120914 , 0.120938 , 0.120972 , 0.121021 , 0.12109 , 0.121187 , 0.121325 , 0.121518 , 0.12179 , 0.122168 , 0.122693 , 0.123417 , 0.124409 , 0.125756 , 0.127568 , 0.129975 , 0.133121 , 0.137149 , 0.142163 , 0.148151 , 0.154851 , 0.161502 , 0.166418 , 0.166254 , 0.154783 , 0.120859 , 0 , 0 , 0 , 0 , 0 , 0 , 
1e+100 , 0.120898 , 0.120914 , 0.120938 , 0.120972 , 0.121021 , 0.12109 , 0.121187 , 0.121325 , 0.121518 , 0.12179 , 0.122168 , 0.122693 , 0.123417 , 0.124409 , 0.125756 , 0.127568 , 0.129975 , 0.133121 , 0.137149 , 0.142163 , 0.148151 , 0.154851 , 0.161502 , 0.166418 , 0.166254 , 0.154783 , 0.120859 , 0 , 0 , 0 , 0 , 0 , 
1e+100 , 0.120886 , 0.120898 , 0.120914 , 0.120938 , 0.120972 , 0.121021 , 0.12109 , 0.121187 , 0.121325 , 0.121518 , 0.12179 , 0.122168 , 0.122693 , 0.123417 , 0.124409 , 0.125756 , 0.127568 , 0.129975 , 0.133121 , 0.137149 , 0.142163 , 0.148151 , 0.154851 , 0.161502 , 0.166418 , 0.166254 , 0.154783 , 0.120859 , 0 , 0 , 0 , 0 , 
1e+100 , 0.120878 , 0.120886 , 0.120898 , 0.120914 , 0.120938 , 0.120972 , 0.121021 , 0.12109 , 0.121187 , 0.121325 , 0.121518 , 0.12179 , 0.122168 , 0.122693 , 0.123417 , 0.124409 , 0.125756 , 0.127568 , 0.129975 , 0.133121 , 0.137149 , 0.142163 , 0.148151 , 0.154851 , 0.161502 , 0.166418 , 0.166254 , 0.154783 , 0.120859 , 0 , 0 , 0 , 
1e+100 , 0.120872 , 0.120878 , 0.120886 , 0.120898 , 0.120914 , 0.120938 , 0.120972 , 0.121021 , 0.12109 , 0.121187 , 0.121325 , 0.121518 , 0.12179 , 0.122168 , 0.122693 , 0.123417 , 0.124409 , 0.125756 , 0.127568 , 0.129975 , 0.133121 , 0.137149 , 0.142163 , 0.148151 , 0.154851 , 0.161502 , 0.166418 , 0.166254 , 0.154783 , 0.120859 , 0 , 0 , 
1e+100 , 0.120868 , 0.120872 , 0.120878 , 0.120886 , 0.120898 , 0.120914 , 0.120938 , 0.120972 , 0.121021 , 0.12109 , 0.121187 , 0.121325 , 0.121518 , 0.12179 , 0.122168 , 0.122693 , 0.123417 , 0.124409 , 0.125756 , 0.127568 , 0.129975 , 0.133121 , 0.137149 , 0.142163 , 0.148151 , 0.154851 , 0.161502 , 0.166418 , 0.166254 , 0.154783 , 0.120859 , 0 , 
1e+100 , 0.120866 , 0.120868 , 0.120872 , 0.120878 , 0.120886 , 0.120898 , 0.120914 , 0.120938 , 0.120972 , 0.121021 , 0.12109 , 0.121187 , 0.121325 , 0.121518 , 0.12179 , 0.122168 , 0.122693 , 0.123417 , 0.124409 , 0.125756 , 0.127568 , 0.129975 , 0.133121 , 0.137149 , 0.142163 , 0.148151 , 0.154851 , 0.161502 , 0.166418 , 0.166254 , 0.154783 , 0.120859 , 

h*g ,
1e+200 , 0 , 0 , 0 , 0 , 0 , 0 , 0 , 0 , 0 , 0 , 0 , 0 , 0 , 0 , 0 , 0 , 0 , 0 , 0 , 0 , 0 , 0 , 0 , 0 , 0 , 0 , 0 , 0 , 0 , 0 , 0 , 0 , 
1e+200 , 0.124961 , 0 , 0 , 0 , 0 , 0 , 0 , 0 , 0 , 0 , 0 , 0 , 0 , 0 , 0 , 0 , 0 , 0 , 0 , 0 , 0 , 0 , 0 , 0 , 0 , 0 , 0 , 0 , 0 , 0 , 0 , 0 , 
1e+200 , 0.160036 , 0.124961 , 0 , 0 , 0 , 0 , 0 , 0 , 0 , 0 , 0 , 0 , 0 , 0 , 0 , 0 , 0 , 0 , 0 , 0 , 0 , 0 , 0 , 0 , 0 , 0 , 0 , 0 , 0 , 0 , 0 , 0 , 
1e+200 , 0.171897 , 0.160036 , 0.124961 , 0 , 0 , 0 , 0 , 0 , 0 , 0 , 0 , 0 , 0 , 0 , 0 , 0 , 0 , 0 , 0 , 0 , 0 , 0 , 0 , 0 , 0 , 0 , 0 , 0 , 0 , 0 , 0 , 0 , 
1e+200 , 0.171717 , 0.171548 , 0.143761 , 0.112253 , 0 , 0 , 0 , 0 , 0 , 0 , 0 , 0 , 0 , 0 , 0 , 0 , 0 , 0 , 0 , 0 , 0 , 0 , 0 , 0 , 0 , 0 , 0 , 0 , 0 , 0 , 0 , 0 , 
1e+200 , 0.166305 , 0.171367 , 0.154066 , 0.127485 , 0.0995443 , 0 , 0 , 0 , 0 , 0 , 0 , 0 , 0 , 0 , 0 , 0 , 0 , 0 , 0 , 0 , 0 , 0 , 0 , 0 , 0 , 0 , 0 , 0 , 0 , 0 , 0 , 0 , 
1e+200 , 0.160015 , 0.166888 , 0.156099 , 0.140091 , 0.134981 , 0.105397 , 0 , 0 , 0 , 0 , 0 , 0 , 0 , 0 , 0 , 0 , 0 , 0 , 0 , 0 , 0 , 0 , 0 , 0 , 0 , 0 , 0 , 0 , 0 , 0 , 0 , 0 , 
1e+200 , 0.153626 , 0.160574 , 0.153313 , 0.14339 , 0.148142 , 0.142476 , 0.11125 , 0 , 0 , 0 , 0 , 0 , 0 , 0 , 0 , 0 , 0 , 0 , 0 , 0 , 0 , 0 , 0 , 0 , 0 , 0 , 0 , 0 , 0 , 0 , 0 , 0 , 
1e+200 , 0.148635 , 0.154895 , 0.149096 , 0.142146 , 0.150091 , 0.153557 , 0.134341 , 0.104898 , 0 , 0 , 0 , 0 , 0 , 0 , 0 , 0 , 0 , 0 , 0 , 0 , 0 , 0 , 0 , 0 , 0 , 0 , 0 , 0 , 0 , 0 , 0 , 0 , 
1e+200 , 0.144568 , 0.149852 , 0.144652 , 0.139161 , 0.147406 , 0.15423 , 0.144819 , 0.126206 , 0.0985457 , 0 , 0 , 0 , 0 , 0 , 0 , 0 , 0 , 0 , 0 , 0 , 0 , 0 , 0 , 0 , 0 , 0 , 0 , 0 , 0 , 0 , 0 , 0 , 
1e+200 , 0.14182 , 0.146111 , 0.140873 , 0.135782 , 0.142999 , 0.150263 , 0.146063 , 0.137154 , 0.125222 , 0.0977774 , 0 , 0 , 0 , 0 , 0 , 0 , 0 , 0 , 0 , 0 , 0 , 0 , 0 , 0 , 0 , 0 , 0 , 0 , 0 , 0 , 0 , 0 , 
1e+200 , 0.139931 , 0.143318 , 0.1379 , 0.13283 , 0.138403 , 0.144639 , 0.142818 , 0.138886 , 0.136097 , 0.124238 , 0.0970091 , 0 , 0 , 0 , 0 , 0 , 0 , 0 , 0 , 0 , 0 , 0 , 0 , 0 , 0 , 0 , 0 , 0 , 0 , 0 , 0 , 0 , 
1e+200 , 0.138823 , 0.141442 , 0.135733 , 0.130432 , 0.134307 , 0.139033 , 0.13802 , 0.136334 , 0.137654 , 0.134691 , 0.121179 , 0.0946205 , 0 , 0 , 0 , 0 , 0 , 0 , 0 , 0 , 0 , 0 , 0 , 0 , 0 , 0 , 0 , 0 , 0 , 0 , 0 , 0 , 
1e+200 , 0.138313 , 0.140306 , 0.134364 , 0.12882 , 0.131015 , 0.13404 , 0.133086 , 0.132207 , 0.134968 , 0.136071 , 0.131405 , 0.11812 , 0.0922319 , 0 , 0 , 0 , 0 , 0 , 0 , 0 , 0 , 0 , 0 , 0 , 0 , 0 , 0 , 0 , 0 , 0 , 0 , 0 , 
1e+200 , 0.138194 , 0.13969 , 0.13356 , 0.127783 , 0.128556 , 0.130056 , 0.128785 , 0.12793 , 0.130755 , 0.133283 , 0.132735 , 0.128003 , 0.115851 , 0.0904601 , 0 , 0 , 0 , 0 , 0 , 0 , 0 , 0 , 0 , 0 , 0 , 0 , 0 , 0 , 0 , 0 , 0 , 0 , 
1e+200 , 0.138443 , 0.139556 , 0.133322 , 0.127387 , 0.126874 , 0.126958 , 0.125283 , 0.124144 , 0.126384 , 0.128976 , 0.129979 , 0.12926 , 0.125566 , 0.113582 , 0.0886883 , 0 , 0 , 0 , 0 , 0 , 0 , 0 , 0 , 0 , 0 , 0 , 0 , 0 , 0 , 0 , 0 , 0 , 
1e+200 , 0.138901 , 0.139721 , 0.133448 , 0.127417 , 0.12589 , 0.124839 , 0.122728 , 0.121155 , 0.122565 , 0.124582 , 0.125781 , 0.126559 , 0.126592 , 0.122652 , 0.112756 , 0.0880432 , 0 , 0 , 0 , 0 , 0 , 0 , 0 , 0 , 0 , 0 , 0 , 0 , 0 , 0 , 0 , 0 , 
1e+200 , 0.139571 , 0.140171 , 0.133925 , 0.127872 , 0.125448 , 0.123392 , 0.120927 , 0.118945 , 0.119487 , 0.120685 , 0.121445 , 0.122418 , 0.123728 , 0.123425 , 0.121764 , 0.111929 , 0.087398 , 0 , 0 , 0 , 0 , 0 , 0 , 0 , 0 , 0 , 0 , 0 , 0 , 0 , 0 , 0 , 
1e+200 , 0.140392 , 0.140828 , 0.134654 , 0.128629 , 0.12552 , 0.122693 , 0.119908 , 0.117531 , 0.117266 , 0.117609 , 0.11766 , 0.118187 , 0.119498 , 0.120422 , 0.122053 , 0.1199 , 0.108742 , 0.0849087 , 0 , 0 , 0 , 0 , 0 , 0 , 0 , 0 , 0 , 0 , 0 , 0 , 0 , 0 , 
1e+200 , 0.14133 , 0.141646 , 0.135585 , 0.12964 , 0.125925 , 0.122421 , 0.119407 , 0.116727 , 0.115752 , 0.1153 , 0.114594 , 0.114434 , 0.115155 , 0.116079 , 0.118611 , 0.119693 , 0.116476 , 0.105554 , 0.0824194 , 0 , 0 , 0 , 0 , 0 , 0 , 0 , 0 , 0 , 0 , 0 , 0 , 0 , 
1e+200 , 0.142396 , 0.142624 , 0.136699 , 0.130862 , 0.126689 , 0.122674 , 0.119459 , 0.116506 , 0.114927 , 0.113776 , 0.112345 , 0.111433 , 0.111328 , 0.111663 , 0.113895 , 0.115849 , 0.116041 , 0.112596 , 0.102669 , 0.0801669 , 0 , 0 , 0 , 0 , 0 , 0 , 0 , 0 , 0 , 0 , 0 , 0 , 
1e+200 , 0.143524 , 0.143687 , 0.137925 , 0.132228 , 0.127644 , 0.123177 , 0.119827 , 0.11668 , 0.114594 , 0.112847 , 0.11078 , 0.109164 , 0.1082 , 0.107731 , 0.109129 , 0.110783 , 0.112081 , 0.111926 , 0.109497 , 0.0997839 , 0.0779144 , 0 , 0 , 0 , 0 , 0 , 0 , 0 , 0 , 0 , 0 , 0 , 
1e+200 , 0.144755 , 0.144872 , 0.139282 , 0.133741 , 0.128844 , 0.124032 , 0.120557 , 0.117236 , 0.114725 , 0.112477 , 0.109859 , 0.107613 , 0.105834 , 0.104521 , 0.1049 , 0.105731 , 0.106971 , 0.107872 , 0.108727 , 0.106194 , 0.0994766 , 0.0776744 , 0 , 0 , 0 , 0 , 0 , 0 , 0 , 0 , 0 , 0 , 
1e+200 , 0.146018 , 0.146101 , 0.140698 , 0.135331 , 0.130148 , 0.125026 , 0.121468 , 0.118026 , 0.115159 , 0.112492 , 0.109413 , 0.106629 , 0.104126 , 0.102023 , 0.101375 , 0.101209 , 0.101871 , 0.102713 , 0.104664 , 0.105313 , 0.105864 , 0.0991693 , 0.0774344 , 0 , 0 , 0 , 0 , 0 , 0 , 0 , 0 , 0 , 
1e+200 , 0.147342 , 0.147401 , 0.142193 , 0.137011 , 0.131602 , 0.126239 , 0.122599 , 0.119045 , 0.115876 , 0.112857 , 0.109387 , 0.106147 , 0.10301 , 0.100198 , 0.0985962 , 0.0974304 , 0.0973231 , 0.0975991 , 0.0995446 , 0.101246 , 0.104675 , 0.104919 , 0.0979741 , 0.0765012 , 0 , 0 , 0 , 0 , 0 , 0 , 0 , 0 , 
1e+200 , 0.148683 , 0.148725 , 0.143719 , 0.138733 , 0.133113 , 0.127527 , 0.123829 , 0.120195 , 0.116766 , 0.113448 , 0.109651 , 0.10603 , 0.102346 , 0.0989185 , 0.0964597 , 0.094365 , 0.0934759 , 0.0930115 , 0.094464 , 0.0961594 , 0.100328 , 0.103422 , 0.103636 , 0.0967788 , 0.0755679 , 0 , 0 , 0 , 0 , 0 , 0 , 0 , 
1e+200 , 0.150048 , 0.150078 , 0.145283 , 0.140502 , 0.134707 , 0.128937 , 0.12518 , 0.121471 , 0.117815 , 0.114241 , 0.110165 , 0.106222 , 0.102064 , 0.0981029 , 0.0948879 , 0.0919622 , 0.0903487 , 0.0891271 , 0.0899131 , 0.091124 , 0.0949949 , 0.0988145 , 0.102063 , 0.102202 , 0.0956256 , 0.0746674 , 0 , 0 , 0 , 0 , 0 , 0 , 
1e+200 , 0.151422 , 0.151443 , 0.146862 , 0.142292 , 0.136331 , 0.130387 , 0.126586 , 0.122819 , 0.11896 , 0.115161 , 0.110846 , 0.106629 , 0.102057 , 0.0976349 , 0.0937513 , 0.0900899 , 0.0878408 , 0.0859228 , 0.0860351 , 0.0866015 , 0.0897354 , 0.0932565 , 0.0974223 , 0.100553 , 0.100964 , 0.0944724 , 0.0737669 , 0 , 0 , 0 , 0 , 0 , 
1e+200 , 0.152799 , 0.152814 , 0.148456 , 0.144105 , 0.137994 , 0.131896 , 0.128051 , 0.12423 , 0.120188 , 0.116189 , 0.111665 , 0.107213 , 0.102276 , 0.0974507 , 0.092973 , 0.0886622 , 0.0858645 , 0.0833322 , 0.08283 , 0.0827411 , 0.085008 , 0.0877991 , 0.0918523 , 0.0958838 , 0.0992224 , 0.0995443 , 0.0937251 , 0.0731834 , 0 , 0 , 0 , 0 , 
1e+200 , 0.154181 , 0.154191 , 0.150057 , 0.145929 , 0.139673 , 0.133426 , 0.129544 , 0.12568 , 0.121468 , 0.117287 , 0.112576 , 0.107918 , 0.102653 , 0.0974696 , 0.0924562 , 0.0875658 , 0.0842999 , 0.0812396 , 0.0802104 , 0.0795282 , 0.0809486 , 0.0828855 , 0.0863878 , 0.0903062 , 0.094505 , 0.097711 , 0.0987416 , 0.0929778 , 0.0725999 , 0 , 0 , 0 , 
1e+200 , 0.155563 , 0.15557 , 0.151665 , 0.147765 , 0.14137 , 0.134981 , 0.131065 , 0.127162 , 0.12279 , 0.118441 , 0.113561 , 0.10872 , 0.103155 , 0.0976506 , 0.0921473 , 0.0867333 , 0.0830649 , 0.0795517 , 0.0780814 , 0.0768885 , 0.0775437 , 0.0786478 , 0.0814679 , 0.0848421 , 0.0889011 , 0.0929514 , 0.0967962 , 0.0977153 , 0.0930125 , 0.072627 , 0 , 0 , 
1e+200 , 0.156947 , 0.156952 , 0.153277 , 0.149606 , 0.143074 , 0.136547 , 0.132601 , 0.128664 , 0.12414 , 0.119632 , 0.114596 , 0.109587 , 0.103744 , 0.0979445 , 0.0919856 , 0.0860908 , 0.0820734 , 0.0781712 , 0.0763376 , 0.0747187 , 0.0747081 , 0.0750618 , 0.0772169 , 0.0799191 , 0.083417 , 0.0873271 , 0.0919544 , 0.0956562 , 0.0977525 , 0.0930472 , 0.0726541 , 0 , 
1e+200 , 0.156943 , 0.156947 , 0.15327 , 0.149596 , 0.143061 , 0.136529 , 0.132575 , 0.128628 , 0.12409 , 0.119564 , 0.114504 , 0.109463 , 0.103579 , 0.0977264 , 0.0917008 , 0.0857225 , 0.0815919 , 0.077548 , 0.0755197 , 0.0736574 , 0.0733248 , 0.0732879 , 0.0749489 , 0.0771006 , 0.0800454 , 0.0835486 , 0.0881672 , 0.0928306 , 0.0978489 , 0.099943 , 0.0930472 , 0.0726541 , 

shifts ,
0 , 0 , 0 , 0 , 0 , 0 , 0 , 0 , 0 , 0 , 0 , 0 , 0 , 0 , 0 , 0 , 0 , 0 , 0 , 0 , 0 , 0 , 0 , 0 , 0 , 0 , 0 , 0 , 0 , 0 , 0 , 0 , 0 , 
0 , 0 , 0 , 0 , 0 , 0 , 0 , 0 , 0 , 0 , 0 , 0 , 0 , 0 , 0 , 0 , 0 , 0 , 0 , 0 , 0 , 0 , 0 , 0 , 0 , 0 , 0 , 0 , 0 , 0 , 0 , 0 , 0 , 
0 , 0 , 0 , 0 , 0 , 0 , 0 , 0 , 0 , 0 , 0 , 0 , 0 , 0 , 0 , 0 , 0 , 0 , 0 , 0 , 0 , 0 , 0 , 0 , 0 , 0 , 0 , 0 , 0 , 0 , 0 , 0 , 0 , 
0 , 0 , 0 , 0 , 0 , 0 , 0 , 0 , 0 , 0 , 0 , 0 , 0 , 0 , 0 , 0 , 0 , 0 , 0 , 0 , 0 , 0 , 0 , 0 , 0 , 0 , 0 , 0 , 0 , 0 , 0 , 0 , 0 , 
0 , 0 , 0 , 0 , 0 , 0 , 0 , 0 , 0 , 0 , 0 , 0 , 0 , 0 , 0 , 0 , 0 , 0 , 0 , 0 , 0 , 0 , 0 , 0 , 0 , 0 , 0 , 0 , 0 , 0 , 0 , 0 , 0 , 
0 , 0 , 0 , 0 , 0 , 0 , 0 , 0 , 0 , 0 , 0 , 0 , 0 , 0 , 0 , 0 , 0 , 0 , 0 , 0 , 0 , 0 , 0 , 0 , 0 , 0 , 0 , 0 , 0 , 0 , 0 , 0 , 0 , 
0 , 0 , 0 , 0 , 0 , 0 , 0 , 0 , 0 , 0 , 0 , 0 , 0 , 0 , 0 , 0 , 0 , 0 , 0 , 0 , 0 , 0 , 0 , 0 , 0 , 0 , 0 , 0 , 0 , 0 , 0 , 0 , 0 , 
0 , 0 , 0 , 0 , 0 , 0 , 0 , 0 , 0 , 0 , 0 , 0 , 0 , 0 , 0 , 0 , 0 , 0 , 0 , 0 , 0 , 0 , 0 , 0 , 0 , 0 , 0 , 0 , 0 , 0 , 0 , 0 , 0 , 
0 , 0 , 0 , 0 , 0 , 0 , 0 , 0 , 0 , 0 , 0 , 0 , 0 , 0 , 0 , 0 , 0 , 0 , 0 , 0 , 0 , 0 , 0 , 0 , 0 , 0 , 0 , 0 , 0 , 0 , 0 , 0 , 0 , 
0 , 0 , 0 , 0 , 0 , 0 , 0 , 0 , 0 , 0 , 0 , 0 , 0 , 0 , 0 , 0 , 0 , 0 , 0 , 0 , 0 , 0 , 0 , 0 , 0 , 0 , 0 , 0 , 0 , 0 , 0 , 0 , 0 , 
0 , 0 , 0 , 0 , 0 , 0 , 0 , 0 , 0 , 0 , 0 , 0 , 0 , 0 , 0 , 0 , 0 , 0 , 0 , 0 , 0 , 0 , 0 , 0 , 0 , 0 , 0 , 0 , 0 , 0 , 0 , 0 , 0 , 
0 , 0 , 0 , 0 , 0 , 0 , 0 , 0 , 0 , 0 , 0 , 0 , 0 , 0 , 0 , 0 , 0 , 0 , 0 , 0 , 0 , 0 , 0 , 0 , 0 , 0 , 0 , 0 , 0 , 0 , 0 , 0 , 0 , 
0 , 0 , 0 , 0 , 0 , 0 , 0 , 0 , 0 , 0 , 0 , 0 , 0 , 0 , 0 , 0 , 0 , 0 , 0 , 0 , 0 , 0 , 0 , 0 , 0 , 0 , 0 , 0 , 0 , 0 , 0 , 0 , 0 , 
0 , 0 , 0 , 0 , 0 , 0 , 0 , 0 , 0 , 0 , 0 , 0 , 0 , 0 , 0 , 0 , 0 , 0 , 0 , 0 , 0 , 0 , 0 , 0 , 0 , 0 , 0 , 0 , 0 , 0 , 0 , 0 , 0 , 
0 , 0 , 0 , 0 , 0 , 0 , 0 , 0 , 0 , 0 , 0 , 0 , 0 , 0 , 0 , 0 , 0 , 0 , 0 , 0 , 0 , 0 , 0 , 0 , 0 , 0 , 0 , 0 , 0 , 0 , 0 , 0 , 0 , 
0 , 0 , 0 , 0 , 0 , 0 , 0 , 0 , 0 , 0 , 0 , 0 , 0 , 0 , 0 , 0 , 0 , 0 , 0 , 0 , 0 , 0 , 0 , 0 , 0 , 0 , 0 , 0 , 0 , 0 , 0 , 0 , 0 , 
0 , 0 , 0 , 0 , 0 , 0 , 0 , 0 , 0 , 0 , 0 , 0 , 0 , 0 , 0 , 0 , 0 , 0 , 0 , 0 , 0 , 0 , 0 , 0 , 0 , 0 , 0 , 0 , 0 , 0 , 0 , 0 , 0 , 
0 , 0 , 0 , 0 , 0 , 0 , 0 , 0 , 0 , 0 , 0 , 0 , 0 , 0 , 0 , 0 , 0 , 0 , 0 , 0 , 0 , 0 , 0 , 0 , 0 , 0 , 0 , 0 , 0 , 0 , 0 , 0 , 0 , 
0 , 0 , 0 , 0 , 0 , 0 , 0 , 0 , 0 , 0 , 0 , 0 , 0 , 0 , 0 , 0 , 0 , 0 , 0 , 0 , 0 , 0 , 0 , 0 , 0 , 0 , 0 , 0 , 0 , 0 , 0 , 0 , 0 , 
0 , 0 , 0 , 0 , 0 , 0 , 0 , 0 , 0 , 0 , 0 , 0 , 0 , 0 , 0 , 0 , 0 , 0 , 0 , 0 , 0 , 0 , 0 , 0 , 0 , 0 , 0 , 0 , 0 , 0 , 0 , 0 , 0 , 
0 , 0 , 0 , 0 , 0 , 0 , 0 , 0 , 0 , 0 , 0 , 0 , 0 , 0 , 0 , 0 , 0 , 0 , 0 , 0 , 0 , 0 , 0 , 0 , 0 , 0 , 0 , 0 , 0 , 0 , 0 , 0 , 0 , 
0 , 0 , 0 , 0 , 0 , 0 , 0 , 0 , 0 , 0 , 0 , 0 , 0 , 0 , 0 , 0 , 0 , 0 , 0 , 0 , 0 , 0 , 0 , 0 , 0 , 0 , 0 , 0 , 0 , 0 , 0 , 0 , 0 , 
0 , 0 , 0 , 0 , 0 , 0 , 0 , 0 , 0 , 0 , 0 , 0 , 0 , 0 , 0 , 0 , 0 , 0 , 0 , 0 , 0 , 0 , 0 , 0 , 0 , 0 , 0 , 0 , 0 , 0 , 0 , 0 , 0 , 
0 , 0 , 0 , 0 , 0 , 0 , 0 , 0 , 0 , 0 , 0 , 0 , 0 , 0 , 0 , 0 , 0 , 0 , 0 , 0 , 0 , 0 , 0 , 0 , 0 , 0 , 0 , 0 , 0 , 0 , 0 , 0 , 0 , 
0 , 0 , 0 , 0 , 0 , 0 , 0 , 0 , 0 , 0 , 0 , 0 , 0 , 0 , 0 , 0 , 0 , 0 , 0 , 0 , 0 , 0 , 0 , 0 , 0 , 0 , 0 , 0 , 0 , 0 , 0 , 0 , 0 , 
0 , 0 , 0 , 0 , 0 , 0 , 0 , 0 , 0 , 0 , 0 , 0 , 0 , 0 , 0 , 0 , 0 , 0 , 0 , 0 , 0 , 0 , 0 , 0 , 0 , 0 , 0 , 0 , 0 , 0 , 0 , 0 , 0 , 
0 , 0 , 0 , 0 , 0 , 0 , 0 , 0 , 0 , 0 , 0 , 0 , 0 , 0 , 0 , 0 , 0 , 0 , 0 , 0 , 0 , 0 , 0 , 0 , 0 , 0 , 0 , 0 , 0 , 0 , 0 , 0 , 0 , 
0 , 0 , 0 , 0 , 0 , 0 , 0 , 0 , 0 , 0 , 0 , 0 , 0 , 0 , 0 , 0 , 0 , 0 , 0 , 0 , 0 , 0 , 0 , 0 , 0 , 0 , 0 , 0 , 0 , 0 , 0 , 0 , 0 , 
0 , 0 , 0 , 0 , 0 , 0 , 0 , 0 , 0 , 0 , 0 , 0 , 0 , 0 , 0 , 0 , 0 , 0 , 0 , 0 , 0 , 0 , 0 , 0 , 0 , 0 , 0 , 0 , 0 , 0 , 0 , 0 , 0 , 
0 , 0 , 0 , 0 , 0 , 0 , 0 , 0 , 0 , 0 , 0 , 0 , 0 , 0 , 0 , 0 , 0 , 0 , 0 , 0 , 0 , 0 , 0 , 0 , 0 , 0 , 0 , 0 , 0 , 0 , 0 , 0 , 0 , 
0 , 0 , 0 , 0 , 0 , 0 , 0 , 0 , 0 , 0 , 0 , 0 , 0 , 0 , 0 , 0 , 0 , 0 , 0 , 0 , 0 , 0 , 0 , 0 , 0 , 0 , 0 , 0 , 0 , 0 , 0 , 0 , 0 , 
0 , 0 , 0 , 0 , 0 , 0 , 0 , 0 , 0 , 0 , 0 , 0 , 0 , 0 , 0 , 0 , 0 , 0 , 0 , 0 , 0 , 0 , 0 , 0 , 0 , 0 , 0 , 0 , 0 , 0 , 0 , 0 , 0 , 
0 , 0 , 0 , 0 , 0 , 0 , 0 , 0 , 0 , 0 , 0 , 0 , 0 , 0 , 0 , 0 , 0 , 0 , 0 , 0 , 0 , 0 , 0 , 0 , 0 , 0 , 0 , 0 , 0 , 0 , 0 , 0 , 0 , 

