g ,
1e+100 , 0 , 0 , 0 , 0 , 0 , 0 , 0 , 0 , 0 , 0 , 0 , 0 , 0 , 0 , 0 , 0 , 0 , 0 , 0 , 0 , 0 , 0 , 0 , 0 , 0 , 0 , 0 , 0 , 0 , 0 , 0 , 0 , 
1e+100 , 1.08049 , 0 , 0 , 0 , 0 , 0 , 0 , 0 , 0 , 0 , 0 , 0 , 0 , 0 , 0 , 0 , 0 , 0 , 0 , 0 , 0 , 0 , 0 , 0 , 0 , 0 , 0 , 0 , 0 , 0 , 0 , 0 , 
1e+100 , 1.08049 , 1.08049 , 0 , 0 , 0 , 0 , 0 , 0 , 0 , 0 , 0 , 0 , 0 , 0 , 0 , 0 , 0 , 0 , 0 , 0 , 0 , 0 , 0 , 0 , 0 , 0 , 0 , 0 , 0 , 0 , 0 , 0 , 
1e+100 , 1.08049 , 1.08049 , 1.08049 , 0 , 0 , 0 , 0 , 0 , 0 , 0 , 0 , 0 , 0 , 0 , 0 , 0 , 0 , 0 , 0 , 0 , 0 , 0 , 0 , 0 , 0 , 0 , 0 , 0 , 0 , 0 , 0 , 0 , 
1e+100 , 0.990664 , 0.990664 , 1.04266 , 1.04266 , 0 , 0 , 0 , 0 , 0 , 0 , 0 , 0 , 0 , 0 , 0 , 0 , 0 , 0 , 0 , 0 , 0 , 0 , 0 , 0 , 0 , 0 , 0 , 0 , 0 , 0 , 0 , 0 , 
1e+100 , 0.900834 , 0.900834 , 0.952832 , 1.00483 , 1.00483 , 0 , 0 , 0 , 0 , 0 , 0 , 0 , 0 , 0 , 0 , 0 , 0 , 0 , 0 , 0 , 0 , 0 , 0 , 0 , 0 , 0 , 0 , 0 , 0 , 0 , 0 , 0 , 
1e+100 , 0.97309 , 0.97309 , 0.930137 , 0.887185 , 1.02544 , 1.02544 , 0 , 0 , 0 , 0 , 0 , 0 , 0 , 0 , 0 , 0 , 0 , 0 , 0 , 0 , 0 , 0 , 0 , 0 , 0 , 0 , 0 , 0 , 0 , 0 , 0 , 0 , 
1e+100 , 1.04535 , 1.04535 , 0.907443 , 0.769541 , 0.907792 , 1.04604 , 1.04604 , 0 , 0 , 0 , 0 , 0 , 0 , 0 , 0 , 0 , 0 , 0 , 0 , 0 , 0 , 0 , 0 , 0 , 0 , 0 , 0 , 0 , 0 , 0 , 0 , 0 , 
1e+100 , 1.08096 , 1.08096 , 0.911047 , 0.741133 , 0.864304 , 0.987475 , 0.969226 , 0.969226 , 0 , 0 , 0 , 0 , 0 , 0 , 0 , 0 , 0 , 0 , 0 , 0 , 0 , 0 , 0 , 0 , 0 , 0 , 0 , 0 , 0 , 0 , 0 , 0 , 
1e+100 , 1.11658 , 1.11658 , 0.914652 , 0.712726 , 0.820817 , 0.928907 , 0.910658 , 0.892408 , 0.892408 , 0 , 0 , 0 , 0 , 0 , 0 , 0 , 0 , 0 , 0 , 0 , 0 , 0 , 0 , 0 , 0 , 0 , 0 , 0 , 0 , 0 , 0 , 0 , 
1e+100 , 1.1352 , 1.1352 , 0.976451 , 0.817699 , 0.867725 , 0.917752 , 0.86621 , 0.814668 , 0.888624 , 0.888624 , 0 , 0 , 0 , 0 , 0 , 0 , 0 , 0 , 0 , 0 , 0 , 0 , 0 , 0 , 0 , 0 , 0 , 0 , 0 , 0 , 0 , 0 , 
1e+100 , 1.15383 , 1.15383 , 1.03825 , 0.922671 , 0.914634 , 0.906597 , 0.821762 , 0.736928 , 0.810884 , 0.884841 , 0.884841 , 0 , 0 , 0 , 0 , 0 , 0 , 0 , 0 , 0 , 0 , 0 , 0 , 0 , 0 , 0 , 0 , 0 , 0 , 0 , 0 , 0 , 
1e+100 , 1.1235 , 1.1235 , 1.08408 , 1.04467 , 0.95372 , 0.862769 , 0.819505 , 0.776241 , 0.804048 , 0.831855 , 0.837172 , 0.837172 , 0 , 0 , 0 , 0 , 0 , 0 , 0 , 0 , 0 , 0 , 0 , 0 , 0 , 0 , 0 , 0 , 0 , 0 , 0 , 0 , 
1e+100 , 1.09317 , 1.09317 , 1.12992 , 1.16667 , 0.992807 , 0.81894 , 0.817247 , 0.815554 , 0.797211 , 0.778869 , 0.784186 , 0.789503 , 0.789503 , 0 , 0 , 0 , 0 , 0 , 0 , 0 , 0 , 0 , 0 , 0 , 0 , 0 , 0 , 0 , 0 , 0 , 0 , 0 , 
1e+100 , 1.10394 , 1.10394 , 1.11042 , 1.1169 , 1.00185 , 0.886808 , 0.872756 , 0.858705 , 0.811124 , 0.763544 , 0.77805 , 0.792557 , 0.780003 , 0.780003 , 0 , 0 , 0 , 0 , 0 , 0 , 0 , 0 , 0 , 0 , 0 , 0 , 0 , 0 , 0 , 0 , 0 , 0 , 
1e+100 , 1.11472 , 1.11472 , 1.09092 , 1.06713 , 1.0109 , 0.954675 , 0.928266 , 0.901857 , 0.825038 , 0.748218 , 0.771914 , 0.795611 , 0.783056 , 0.770502 , 0.770502 , 0 , 0 , 0 , 0 , 0 , 0 , 0 , 0 , 0 , 0 , 0 , 0 , 0 , 0 , 0 , 0 , 0 , 
1e+100 , 1.12384 , 1.12384 , 1.08102 , 1.0382 , 0.993936 , 0.949673 , 0.941921 , 0.934168 , 0.849262 , 0.764356 , 0.772752 , 0.781149 , 0.769717 , 0.758285 , 0.782582 , 0.782582 , 0 , 0 , 0 , 0 , 0 , 0 , 0 , 0 , 0 , 0 , 0 , 0 , 0 , 0 , 0 , 0 , 
1e+100 , 1.13297 , 1.13297 , 1.07112 , 1.00927 , 0.976971 , 0.944671 , 0.955575 , 0.966479 , 0.873486 , 0.780493 , 0.77359 , 0.766687 , 0.756378 , 0.746068 , 0.770365 , 0.794661 , 0.794661 , 0 , 0 , 0 , 0 , 0 , 0 , 0 , 0 , 0 , 0 , 0 , 0 , 0 , 0 , 0 , 
1e+100 , 1.12794 , 1.12794 , 1.05975 , 0.991567 , 0.957055 , 0.922543 , 0.938029 , 0.953514 , 0.896378 , 0.839243 , 0.8188 , 0.798358 , 0.784578 , 0.770798 , 0.786482 , 0.802166 , 0.734874 , 0.734874 , 0 , 0 , 0 , 0 , 0 , 0 , 0 , 0 , 0 , 0 , 0 , 0 , 0 , 0 , 
1e+100 , 1.12291 , 1.12291 , 1.04839 , 0.973864 , 0.93714 , 0.900415 , 0.920482 , 0.94055 , 0.919271 , 0.897992 , 0.86401 , 0.830028 , 0.812778 , 0.795528 , 0.8026 , 0.809672 , 0.742379 , 0.675086 , 0.675086 , 0 , 0 , 0 , 0 , 0 , 0 , 0 , 0 , 0 , 0 , 0 , 0 , 0 , 
1e+100 , 1.13161 , 1.13161 , 1.05443 , 0.977259 , 0.995686 , 1.01411 , 0.950535 , 0.886956 , 0.924372 , 0.961789 , 0.866165 , 0.770541 , 0.758724 , 0.746907 , 0.790831 , 0.834755 , 0.761058 , 0.687362 , 0.636996 , 0.636996 , 0 , 0 , 0 , 0 , 0 , 0 , 0 , 0 , 0 , 0 , 0 , 0 , 
1e+100 , 1.14031 , 1.14031 , 1.06048 , 0.980653 , 1.05423 , 1.12781 , 0.980587 , 0.833363 , 0.929474 , 1.02559 , 0.86832 , 0.711054 , 0.70467 , 0.698287 , 0.779062 , 0.859838 , 0.779738 , 0.699638 , 0.649272 , 0.598905 , 0.598905 , 0 , 0 , 0 , 0 , 0 , 0 , 0 , 0 , 0 , 0 , 0 , 
1e+100 , 1.20869 , 1.20869 , 1.1157 , 1.02272 , 1.05827 , 1.09381 , 1.01237 , 0.930935 , 0.950639 , 0.970343 , 0.871008 , 0.771673 , 0.703968 , 0.636262 , 0.676901 , 0.717541 , 0.739218 , 0.760896 , 0.668878 , 0.576859 , 0.673977 , 0.673977 , 0 , 0 , 0 , 0 , 0 , 0 , 0 , 0 , 0 , 0 , 
1e+100 , 1.27706 , 1.27706 , 1.17093 , 1.06479 , 1.0623 , 1.05981 , 1.04416 , 1.02851 , 0.971803 , 0.9151 , 0.873696 , 0.832292 , 0.703265 , 0.574238 , 0.574741 , 0.575244 , 0.698699 , 0.822154 , 0.688483 , 0.554813 , 0.651931 , 0.749049 , 0.749049 , 0 , 0 , 0 , 0 , 0 , 0 , 0 , 0 , 0 , 
1e+100 , 1.25313 , 1.25313 , 1.17976 , 1.1064 , 1.08265 , 1.05889 , 1.0256 , 0.992301 , 0.995437 , 0.998572 , 0.947231 , 0.89589 , 0.779029 , 0.662168 , 0.589785 , 0.517402 , 0.623519 , 0.729637 , 0.695968 , 0.6623 , 0.621805 , 0.58131 , 0.678487 , 0.678487 , 0 , 0 , 0 , 0 , 0 , 0 , 0 , 0 , 
1e+100 , 1.22919 , 1.22919 , 1.1886 , 1.14801 , 1.103 , 1.05798 , 1.00704 , 0.956097 , 1.01907 , 1.08204 , 1.02077 , 0.959488 , 0.854793 , 0.750098 , 0.604829 , 0.459561 , 0.54834 , 0.63712 , 0.703454 , 0.769787 , 0.591679 , 0.413571 , 0.510747 , 0.607924 , 0.607924 , 0 , 0 , 0 , 0 , 0 , 0 , 0 , 
1e+100 , 1.2622 , 1.2622 , 1.21363 , 1.16505 , 1.13214 , 1.09923 , 1.02395 , 0.948671 , 1.0101 , 1.07152 , 1.02795 , 0.98438 , 0.90196 , 0.81954 , 0.664564 , 0.509589 , 0.469425 , 0.429261 , 0.571152 , 0.713043 , 0.666565 , 0.620087 , 0.540695 , 0.461303 , 0.608033 , 0.608033 , 0 , 0 , 0 , 0 , 0 , 0 , 
1e+100 , 1.29521 , 1.29521 , 1.23865 , 1.18209 , 1.16129 , 1.14049 , 1.04087 , 0.941246 , 1.00112 , 1.061 , 1.03513 , 1.00927 , 0.949128 , 0.888982 , 0.7243 , 0.559617 , 0.39051 , 0.221403 , 0.438851 , 0.656299 , 0.741451 , 0.826602 , 0.570642 , 0.314682 , 0.461412 , 0.608142 , 0.608142 , 0 , 0 , 0 , 0 , 0 , 
1e+100 , 1.29305 , 1.29305 , 1.25289 , 1.21273 , 1.19675 , 1.18077 , 1.09359 , 1.00641 , 1.01715 , 1.02788 , 0.996779 , 0.965675 , 0.912848 , 0.860021 , 0.756155 , 0.652289 , 0.454946 , 0.257602 , 0.293223 , 0.328844 , 0.578509 , 0.828174 , 0.704244 , 0.580314 , 0.49538 , 0.410447 , 0.586799 , 0.586799 , 0 , 0 , 0 , 0 , 
1e+100 , 1.2909 , 1.2909 , 1.26714 , 1.24337 , 1.23221 , 1.22105 , 1.14631 , 1.07157 , 1.03317 , 0.99477 , 0.958423 , 0.922076 , 0.876568 , 0.831059 , 0.78801 , 0.744962 , 0.519381 , 0.2938 , 0.147595 , 0.00138956 , 0.415567 , 0.829745 , 0.837845 , 0.845946 , 0.529349 , 0.212752 , 0.389104 , 0.565456 , 0.565456 , 0 , 0 , 0 , 
1e+100 , 1.20537 , 1.20537 , 1.2156 , 1.22583 , 1.22613 , 1.22643 , 1.1684 , 1.11037 , 1.06985 , 1.02933 , 0.983173 , 0.937017 , 0.890438 , 0.843859 , 0.796994 , 0.750129 , 0.621306 , 0.492483 , 0.29714 , 0.101798 , 0.263583 , 0.425368 , 0.669932 , 0.914495 , 0.729136 , 0.543777 , 0.443501 , 0.343225 , 0.574835 , 0.574835 , 0 , 0 , 
1e+100 , 1.11984 , 1.11984 , 1.16406 , 1.20828 , 1.22005 , 1.23182 , 1.1905 , 1.14917 , 1.10653 , 1.06389 , 1.00792 , 0.951958 , 0.904308 , 0.856658 , 0.805977 , 0.755296 , 0.723231 , 0.691165 , 0.446686 , 0.202206 , 0.111599 , 0.020992 , 0.502018 , 0.983045 , 0.928924 , 0.874803 , 0.497899 , 0.120994 , 0.352604 , 0.584213 , 0.584213 , 0 , 
1e+100 , 1.11984 , 1.11984 , 1.16406 , 1.20828 , 1.22005 , 1.23182 , 1.1905 , 1.14917 , 1.10653 , 1.06389 , 1.00792 , 0.951958 , 0.904308 , 0.856658 , 0.805977 , 0.755296 , 0.723231 , 0.691165 , 0.446686 , 0.202206 , 0.111599 , 0.020992 , 0.502018 , 0.983045 , 0.928924 , 0.874803 , 0.497899 , 0.120994 , 0.352604 , 0.584213 , 0.584213 , 0.584213 , 

h ,
1e+100 , 0 , 0 , 0 , 0 , 0 , 0 , 0 , 0 , 0 , 0 , 0 , 0 , 0 , 0 , 0 , 0 , 0 , 0 , 0 , 0 , 0 , 0 , 0 , 0 , 0 , 0 , 0 , 0 , 0 , 0 , 0 , 0 , 
1e+100 , 0.120859 , 0 , 0 , 0 , 0 , 0 , 0 , 0 , 0 , 0 , 0 , 0 , 0 , 0 , 0 , 0 , 0 , 0 , 0 , 0 , 0 , 0 , 0 , 0 , 0 , 0 , 0 , 0 , 0 , 0 , 0 , 0 , 
1e+100 , 0.154783 , 0.120859 , 0 , 0 , 0 , 0 , 0 , 0 , 0 , 0 , 0 , 0 , 0 , 0 , 0 , 0 , 0 , 0 , 0 , 0 , 0 , 0 , 0 , 0 , 0 , 0 , 0 , 0 , 0 , 0 , 0 , 0 , 
1e+100 , 0.166254 , 0.154783 , 0.120859 , 0 , 0 , 0 , 0 , 0 , 0 , 0 , 0 , 0 , 0 , 0 , 0 , 0 , 0 , 0 , 0 , 0 , 0 , 0 , 0 , 0 , 0 , 0 , 0 , 0 , 0 , 0 , 0 , 0 , 
1e+100 , 0.166418 , 0.166254 , 0.154783 , 0.120859 , 0 , 0 , 0 , 0 , 0 , 0 , 0 , 0 , 0 , 0 , 0 , 0 , 0 , 0 , 0 , 0 , 0 , 0 , 0 , 0 , 0 , 0 , 0 , 0 , 0 , 0 , 0 , 0 , 
1e+100 , 0.161502 , 0.166418 , 0.166254 , 0.154783 , 0.120859 , 0 , 0 , 0 , 0 , 0 , 0 , 0 , 0 , 0 , 0 , 0 , 0 , 0 , 0 , 0 , 0 , 0 , 0 , 0 , 0 , 0 , 0 , 0 , 0 , 0 , 0 , 0 , 
1e+100 , 0.154851 , 0.161502 , 0.166418 , 0.166254 , 0.154783 , 0.120859 , 0 , 0 , 0 , 0 , 0 , 0 , 0 , 0 , 0 , 0 , 0 , 0 , 0 , 0 , 0 , 0 , 0 , 0 , 0 , 0 , 0 , 0 , 0 , 0 , 0 , 0 , 
1e+100 , 0.148151 , 0.154851 , 0.161502 , 0.166418 , 0.166254 , 0.154783 , 0.120859 , 0 , 0 , 0 , 0 , 0 , 0 , 0 , 0 , 0 , 0 , 0 , 0 , 0 , 0 , 0 , 0 , 0 , 0 , 0 , 0 , 0 , 0 , 0 , 0 , 0 , 
1e+100 , 0.142163 , 0.148151 , 0.154851 , 0.161502 , 0.166418 , 0.166254 , 0.154783 , 0.120859 , 0 , 0 , 0 , 0 , 0 , 0 , 0 , 0 , 0 , 0 , 0 , 0 , 0 , 0 , 0 , 0 , 0 , 0 , 0 , 0 , 0 , 0 , 0 , 0 , 
1e+100 , 0.137149 , 0.142163 , 0.148151 , 0.154851 , 0.161502 , 0.166418 , 0.166254 , 0.154783 , 0.120859 , 0 , 0 , 0 , 0 , 0 , 0 , 0 , 0 , 0 , 0 , 0 , 0 , 0 , 0 , 0 , 0 , 0 , 0 , 0 , 0 , 0 , 0 , 0 , 
1e+100 , 0.133121 , 0.137149 , 0.142163 , 0.148151 , 0.154851 , 0.161502 , 0.166418 , 0.166254 , 0.154783 , 0.120859 , 0 , 0 , 0 , 0 , 0 , 0 , 0 , 0 , 0 , 0 , 0 , 0 , 0 , 0 , 0 , 0 , 0 , 0 , 0 , 0 , 0 , 0 , 
1e+100 , 0.129975 , 0.133121 , 0.137149 , 0.142163 , 0.148151 , 0.154851 , 0.161502 , 0.166418 , 0.166254 , 0.154783 , 0.120859 , 0 , 0 , 0 , 0 , 0 , 0 , 0 , 0 , 0 , 0 , 0 , 0 , 0 , 0 , 0 , 0 , 0 , 0 , 0 , 0 , 0 , 
1e+100 , 0.127568 , 0.129975 , 0.133121 , 0.137149 , 0.142163 , 0.148151 , 0.154851 , 0.161502 , 0.166418 , 0.166254 , 0.154783 , 0.120859 , 0 , 0 , 0 , 0 , 0 , 0 , 0 , 0 , 0 , 0 , 0 , 0 , 0 , 0 , 0 , 0 , 0 , 0 , 0 , 0 , 
1e+100 , 0.125756 , 0.127568 , 0.129975 , 0.133121 , 0.137149 , 0.142163 , 0.148151 , 0.154851 , 0.161502 , 0.166418 , 0.166254 , 0.154783 , 0.120859 , 0 , 0 , 0 , 0 , 0 , 0 , 0 , 0 , 0 , 0 , 0 , 0 , 0 , 0 , 0 , 0 , 0 , 0 , 0 , 
1e+100 , 0.124409 , 0.125756 , 0.127568 , 0.129975 , 0.133121 , 0.137149 , 0.142163 , 0.148151 , 0.154851 , 0.161502 , 0.166418 , 0.166254 , 0.154783 , 0.120859 , 0 , 0 , 0 , 0 , 0 , 0 , 0 , 0 , 0 , 0 , 0 , 0 , 0 , 0 , 0 , 0 , 0 , 0 , 
1e+100 , 0.123417 , 0.124409 , 0.125756 , 0.127568 , 0.129975 , 0.133121 , 0.137149 , 0.142163 , 0.148151 , 0.154851 , 0.161502 , 0.166418 , 0.166254 , 0.154783 , 0.120859 , 0 , 0 , 0 , 0 , 0 , 0 , 0 , 0 , 0 , 0 , 0 , 0 , 0 , 0 , 0 , 0 , 0 , 
1e+100 , 0.122693 , 0.123417 , 0.124409 , 0.125756 , 0.127568 , 0.129975 , 0.133121 , 0.137149 , 0.142163 , 0.148151 , 0.154851 , 0.161502 , 0.166418 , 0.166254 , 0.154783 , 0.120859 , 0 , 0 , 0 , 0 , 0 , 0 , 0 , 0 , 0 , 0 , 0 , 0 , 0 , 0 , 0 , 0 , 
1e+100 , 0.122168 , 0.122693 , 0.123417 , 0.124409 , 0.125756 , 0.127568 , 0.129975 , 0.133121 , 0.137149 , 0.142163 , 0.148151 , 0.154851 , 0.161502 , 0.166418 , 0.166254 , 0.154783 , 0.120859 , 0 , 0 , 0 , 0 , 0 , 0 , 0 , 0 , 0 , 0 , 0 , 0 , 0 , 0 , 0 , 
1e+100 , 0.12179 , 0.122168 , 0.122693 , 0.123417 , 0.124409 , 0.125756 , 0.127568 , 0.129975 , 0.133121 , 0.137149 , 0.142163 , 0.148151 , 0.154851 , 0.161502 , 0.166418 , 0.166254 , 0.154783 , 0.120859 , 0 , 0 , 0 , 0 , 0 , 0 , 0 , 0 , 0 , 0 , 0 , 0 , 0 , 0 , 
1e+100 , 0.121518 , 0.12179 , 0.122168 , 0.122693 , 0.123417 , 0.124409 , 0.125756 , 0.127568 , 0.129975 , 0.133121 , 0.137149 , 0.142163 , 0.148151 , 0.154851 , 0.161502 , 0.166418 , 0.166254 , 0.154783 , 0.120859 , 0 , 0 , 0 , 0 , 0 , 0 , 0 , 0 , 0 , 0 , 0 , 0 , 0 , 
1e+100 , 0.121325 , 0.121518 , 0.12179 , 0.122168 , 0.122693 , 0.123417 , 0.124409 , 0.125756 , 0.127568 , 0.129975 , 0.133121 , 0.137149 , 0.142163 , 0.148151 , 0.154851 , 0.161502 , 0.166418 , 0.166254 , 0.154783 , 0.120859 , 0 , 0 , 0 , 0 , 0 , 0 , 0 , 0 , 0 , 0 , 0 , 0 , 
1e+100 , 0.121187 , 0.121325 , 0.121518 , 0.12179 , 0.122168 , 0.122693 , 0.123417 , 0.124409 , 0.125756 , 0.127568 , 0.129975 , 0.133121 , 0.137149 , 0.142163 , 0.148151 , 0.154851 , 0.161502 , 0.166418 , 0.166254 , 0.154783 , 0.120859 , 0 , 0 , 0 , 0 , 0 , 0 , 0 , 0 , 0 , 0 , 0 , 
1e+100 , 0.12109 , 0.121187 , 0.121325 , 0.121518 , 0.12179 , 0.122168 , 0.122693 , 0.123417 , 0.124409 , 0.125756 , 0.127568 , 0.129975 , 0.133121 , 0.137149 , 0.142163 , 0.148151 , 0.154851 , 0.161502 , 0.166418 , 0.166254 , 0.154783 , 0.120859 , 0 , 0 , 0 , 0 , 0 , 0 , 0 , 0 , 0 , 0 , 
1e+100 , 0.121021 , 0.12109 , 0.121187 , 0.121325 , 0.121518 , 0.12179 , 0.122168 , 0.122693 , 0.123417 , 0.124409 , 0.125756 , 0.127568 , 0.129975 , 0.133121 , 0.137149 , 0.142163 , 0.148151 , 0.154851 , 0.161502 , 0.166418 , 0.166254 , 0.154783 , 0.120859 , 0 , 0 , 0 , 0 , 0 , 0 , 0 , 0 , 0 , 
1e+100 , 0.120972 , 0.121021 , 0.12109 , 0.121187 , 0.121325 , 0.121518 , 0.12179 , 0.122168 , 0.122693 , 0.123417 , 0.124409 , 0.125756 , 0.127568 , 0.129975 , 0.133121 , 0.137149 , 0.142163 , 0.148151 , 0.154851 , 0.161502 , 0.166418 , 0.166254 , 0.154783 , 0.120859 , 0 , 0 , 0 , 0 , 0 , 0 , 0 , 0 , 
1e+100 , 0.120938 , 0.120972 , 0.121021 , 0.12109 , 0.121187 , 0.121325 , 0.121518 , 0.12179 , 0.122168 , 0.122693 , 0.123417 , 0.124409 , 0.125756 , 0.127568 , 0.129975 , 0.133121 , 0.137149 , 0.142163 , 0.148151 , 0.154851 , 0.161502 , 0.166418 , 0.166254 , 0.154783 , 0.120859 , 0 , 0 , 0 , 0 , 0 , 0 , 0 , 
1e+100 , 0.120914 , 0.120938 , 0.120972 , 0.121021 , 0.12109 , 0.121187 , 0.121325 , 0.121518 , 0.12179 , 0.122168 , 0.122693 , 0.123417 , 0.124409 , 0.125756 , 0.127568 , 0.129975 , 0.133121 , 0.137149 , 0.142163 , 0.148151 , 0.154851 , 0.161502 , 0.166418 , 0.166254 , 0.154783 , 0.120859 , 0 , 0 , 0 , 0 , 0 , 0 , 
1e+100 , 0.120898 , 0.120914 , 0.120938 , 0.120972 , 0.121021 , 0.12109 , 0.121187 , 0.121325 , 0.121518 , 0.12179 , 0.122168 , 0.122693 , 0.123417 , 0.124409 , 0.125756 , 0.127568 , 0.129975 , 0.133121 , 0.137149 , 0.142163 , 0.148151 , 0.154851 , 0.161502 , 0.166418 , 0.166254 , 0.154783 , 0.120859 , 0 , 0 , 0 , 0 , 0 , 
1e+100 , 0.120886 , 0.120898 , 0.120914 , 0.120938 , 0.120972 , 0.121021 , 0.12109 , 0.121187 , 0.121325 , 0.121518 , 0.12179 , 0.122168 , 0.122693 , 0.123417 , 0.124409 , 0.125756 , 0.127568 , 0.129975 , 0.133121 , 0.137149 , 0.142163 , 0.148151 , 0.154851 , 0.161502 , 0.166418 , 0.166254 , 0.154783 , 0.120859 , 0 , 0 , 0 , 0 , 
1e+100 , 0.120878 , 0.120886 , 0.120898 , 0.120914 , 0.120938 , 0.120972 , 0.121021 , 0.12109 , 0.121187 , 0.121325 , 0.121518 , 0.12179 , 0.122168 , 0.122693 , 0.123417 , 0.124409 , 0.125756 , 0.127568 , 0.129975 , 0.133121 , 0.137149 , 0.142163 , 0.148151 , 0.154851 , 0.161502 , 0.166418 , 0.166254 , 0.154783 , 0.120859 , 0 , 0 , 0 , 
1e+100 , 0.120872 , 0.120878 , 0.120886 , 0.120898 , 0.120914 , 0.120938 , 0.120972 , 0.121021 , 0.12109 , 0.121187 , 0.121325 , 0.121518 , 0.12179 , 0.122168 , 0.122693 , 0.123417 , 0.124409 , 0.125756 , 0.127568 , 0.129975 , 0.133121 , 0.137149 , 0.142163 , 0.148151 , 0.154851 , 0.161502 , 0.166418 , 0.166254 , 0.154783 , 0.120859 , 0 , 0 , 
1e+100 , 0.120868 , 0.120872 , 0.120878 , 0.120886 , 0.120898 , 0.120914 , 0.120938 , 0.120972 , 0.121021 , 0.12109 , 0.121187 , 0.121325 , 0.121518 , 0.12179 , 0.122168 , 0.122693 , 0.123417 , 0.124409 , 0.125756 , 0.127568 , 0.129975 , 0.133121 , 0.137149 , 0.142163 , 0.148151 , 0.154851 , 0.161502 , 0.166418 , 0.166254 , 0.154783 , 0.120859 , 0 , 
1e+100 , 0.120866 , 0.120868 , 0.120872 , 0.120878 , 0.120886 , 0.120898 , 0.120914 , 0.120938 , 0.120972 , 0.121021 , 0.12109 , 0.121187 , 0.121325 , 0.121518 , 0.12179 , 0.122168 , 0.122693 , 0.123417 , 0.124409 , 0.125756 , 0.127568 , 0.129975 , 0.133121 , 0.137149 , 0.142163 , 0.148151 , 0.154851 , 0.161502 , 0.166418 , 0.166254 , 0.154783 , 0.120859 , 

h*g ,
1e+200 , 0 , 0 , 0 , 0 , 0 , 0 , 0 , 0 , 0 , 0 , 0 , 0 , 0 , 0 , 0 , 0 , 0 , 0 , 0 , 0 , 0 , 0 , 0 , 0 , 0 , 0 , 0 , 0 , 0 , 0 , 0 , 0 , 
1e+200 , 0.130588 , 0 , 0 , 0 , 0 , 0 , 0 , 0 , 0 , 0 , 0 , 0 , 0 , 0 , 0 , 0 , 0 , 0 , 0 , 0 , 0 , 0 , 0 , 0 , 0 , 0 , 0 , 0 , 0 , 0 , 0 , 0 , 
1e+200 , 0.167242 , 0.130588 , 0 , 0 , 0 , 0 , 0 , 0 , 0 , 0 , 0 , 0 , 0 , 0 , 0 , 0 , 0 , 0 , 0 , 0 , 0 , 0 , 0 , 0 , 0 , 0 , 0 , 0 , 0 , 0 , 0 , 0 , 
1e+200 , 0.179637 , 0.167242 , 0.130588 , 0 , 0 , 0 , 0 , 0 , 0 , 0 , 0 , 0 , 0 , 0 , 0 , 0 , 0 , 0 , 0 , 0 , 0 , 0 , 0 , 0 , 0 , 0 , 0 , 0 , 0 , 0 , 0 , 0 , 
1e+200 , 0.164865 , 0.164702 , 0.161386 , 0.126015 , 0 , 0 , 0 , 0 , 0 , 0 , 0 , 0 , 0 , 0 , 0 , 0 , 0 , 0 , 0 , 0 , 0 , 0 , 0 , 0 , 0 , 0 , 0 , 0 , 0 , 0 , 0 , 0 , 
1e+200 , 0.145487 , 0.149915 , 0.158412 , 0.155531 , 0.121443 , 0 , 0 , 0 , 0 , 0 , 0 , 0 , 0 , 0 , 0 , 0 , 0 , 0 , 0 , 0 , 0 , 0 , 0 , 0 , 0 , 0 , 0 , 0 , 0 , 0 , 0 , 0 , 
1e+200 , 0.150684 , 0.157156 , 0.154792 , 0.147498 , 0.15872 , 0.123934 , 0 , 0 , 0 , 0 , 0 , 0 , 0 , 0 , 0 , 0 , 0 , 0 , 0 , 0 , 0 , 0 , 0 , 0 , 0 , 0 , 0 , 0 , 0 , 0 , 0 , 0 , 
1e+200 , 0.154869 , 0.161873 , 0.146554 , 0.128066 , 0.150924 , 0.16191 , 0.126424 , 0 , 0 , 0 , 0 , 0 , 0 , 0 , 0 , 0 , 0 , 0 , 0 , 0 , 0 , 0 , 0 , 0 , 0 , 0 , 0 , 0 , 0 , 0 , 0 , 0 , 
1e+200 , 0.153672 , 0.160145 , 0.141076 , 0.119695 , 0.143836 , 0.164172 , 0.15002 , 0.11714 , 0 , 0 , 0 , 0 , 0 , 0 , 0 , 0 , 0 , 0 , 0 , 0 , 0 , 0 , 0 , 0 , 0 , 0 , 0 , 0 , 0 , 0 , 0 , 0 , 
1e+200 , 0.153138 , 0.158736 , 0.135506 , 0.110366 , 0.132564 , 0.154587 , 0.151401 , 0.13813 , 0.107856 , 0 , 0 , 0 , 0 , 0 , 0 , 0 , 0 , 0 , 0 , 0 , 0 , 0 , 0 , 0 , 0 , 0 , 0 , 0 , 0 , 0 , 0 , 0 , 
1e+200 , 0.151119 , 0.155692 , 0.138815 , 0.121143 , 0.134368 , 0.148219 , 0.144153 , 0.135442 , 0.137544 , 0.107399 , 0 , 0 , 0 , 0 , 0 , 0 , 0 , 0 , 0 , 0 , 0 , 0 , 0 , 0 , 0 , 0 , 0 , 0 , 0 , 0 , 0 , 0 , 
1e+200 , 0.149969 , 0.153599 , 0.142395 , 0.131169 , 0.135504 , 0.140387 , 0.132717 , 0.122638 , 0.134813 , 0.136958 , 0.106941 , 0 , 0 , 0 , 0 , 0 , 0 , 0 , 0 , 0 , 0 , 0 , 0 , 0 , 0 , 0 , 0 , 0 , 0 , 0 , 0 , 0 , 
1e+200 , 0.143322 , 0.146026 , 0.144314 , 0.143276 , 0.135583 , 0.12782 , 0.126901 , 0.125365 , 0.133808 , 0.138299 , 0.12958 , 0.10118 , 0 , 0 , 0 , 0 , 0 , 0 , 0 , 0 , 0 , 0 , 0 , 0 , 0 , 0 , 0 , 0 , 0 , 0 , 0 , 0 , 
1e+200 , 0.137472 , 0.139453 , 0.146861 , 0.155309 , 0.136163 , 0.116423 , 0.121076 , 0.126289 , 0.128752 , 0.129618 , 0.130374 , 0.122202 , 0.0954189 , 0 , 0 , 0 , 0 , 0 , 0 , 0 , 0 , 0 , 0 , 0 , 0 , 0 , 0 , 0 , 0 , 0 , 0 , 0 , 
1e+200 , 0.13734 , 0.138827 , 0.141654 , 0.145169 , 0.133368 , 0.121625 , 0.124073 , 0.127218 , 0.125603 , 0.123314 , 0.129482 , 0.131766 , 0.120731 , 0.0942707 , 0 , 0 , 0 , 0 , 0 , 0 , 0 , 0 , 0 , 0 , 0 , 0 , 0 , 0 , 0 , 0 , 0 , 0 , 
1e+200 , 0.137575 , 0.13868 , 0.13719 , 0.136132 , 0.131392 , 0.127087 , 0.127311 , 0.12821 , 0.12223 , 0.115862 , 0.124666 , 0.132404 , 0.130187 , 0.119261 , 0.0931225 , 0 , 0 , 0 , 0 , 0 , 0 , 0 , 0 , 0 , 0 , 0 , 0 , 0 , 0 , 0 , 0 , 0 , 
1e+200 , 0.137887 , 0.138701 , 0.134488 , 0.13056 , 0.126795 , 0.123433 , 0.125389 , 0.12812 , 0.120733 , 0.11324 , 0.119661 , 0.126157 , 0.128095 , 0.126068 , 0.12113 , 0.0945824 , 0 , 0 , 0 , 0 , 0 , 0 , 0 , 0 , 0 , 0 , 0 , 0 , 0 , 0 , 0 , 0 , 
1e+200 , 0.138413 , 0.139007 , 0.132194 , 0.125562 , 0.12286 , 0.12051 , 0.124201 , 0.128658 , 0.119798 , 0.110957 , 0.114608 , 0.118722 , 0.122157 , 0.124159 , 0.128076 , 0.123 , 0.0960423 , 0 , 0 , 0 , 0 , 0 , 0 , 0 , 0 , 0 , 0 , 0 , 0 , 0 , 0 , 0 , 
1e+200 , 0.137371 , 0.137798 , 0.130024 , 0.122376 , 0.119066 , 0.116015 , 0.119663 , 0.123933 , 0.119327 , 0.115101 , 0.116403 , 0.118277 , 0.121493 , 0.124486 , 0.130885 , 0.133364 , 0.113746 , 0.0888164 , 0 , 0 , 0 , 0 , 0 , 0 , 0 , 0 , 0 , 0 , 0 , 0 , 0 , 0 , 
1e+200 , 0.136454 , 0.136758 , 0.128079 , 0.119486 , 0.115659 , 0.112019 , 0.115756 , 0.119984 , 0.119482 , 0.119541 , 0.118498 , 0.117999 , 0.120414 , 0.123188 , 0.129622 , 0.134744 , 0.123424 , 0.104492 , 0.0815905 , 0 , 0 , 0 , 0 , 0 , 0 , 0 , 0 , 0 , 0 , 0 , 0 , 0 , 
1e+200 , 0.137292 , 0.137511 , 0.128419 , 0.11939 , 0.122163 , 0.125159 , 0.118255 , 0.11154 , 0.11792 , 0.125008 , 0.115305 , 0.105679 , 0.107862 , 0.110655 , 0.122461 , 0.134815 , 0.126654 , 0.114277 , 0.0985962 , 0.0769869 , 0 , 0 , 0 , 0 , 0 , 0 , 0 , 0 , 0 , 0 , 0 , 0 , 
1e+200 , 0.138191 , 0.138348 , 0.128868 , 0.119433 , 0.128793 , 0.138374 , 0.121021 , 0.103678 , 0.116887 , 0.130832 , 0.11286 , 0.0946561 , 0.0966449 , 0.0992703 , 0.115419 , 0.133147 , 0.12593 , 0.116433 , 0.107944 , 0.0927004 , 0.0723833 , 0 , 0 , 0 , 0 , 0 , 0 , 0 , 0 , 0 , 0 , 0 , 
1e+200 , 0.146359 , 0.146477 , 0.135363 , 0.124279 , 0.128886 , 0.133628 , 0.124211 , 0.114893 , 0.118268 , 0.122027 , 0.111113 , 0.100298 , 0.0937127 , 0.0872628 , 0.0962301 , 0.106304 , 0.114469 , 0.122887 , 0.111313 , 0.0959054 , 0.10432 , 0.0814565 , 0 , 0 , 0 , 0 , 0 , 0 , 0 , 0 , 0 , 0 , 
1e+200 , 0.154551 , 0.154639 , 0.141901 , 0.129185 , 0.129089 , 0.129073 , 0.127562 , 0.12619 , 0.119937 , 0.113846 , 0.109873 , 0.106174 , 0.0914066 , 0.076443 , 0.0788251 , 0.0817782 , 0.103513 , 0.127311 , 0.111192 , 0.092331 , 0.108386 , 0.11594 , 0.0905297 , 0 , 0 , 0 , 0 , 0 , 0 , 0 , 0 , 0 , 
1e+200 , 0.151593 , 0.151654 , 0.142857 , 0.134082 , 0.131352 , 0.128675 , 0.124907 , 0.121227 , 0.122133 , 0.123241 , 0.117844 , 0.112664 , 0.0993792 , 0.086065 , 0.0785126 , 0.0709612 , 0.0886412 , 0.108096 , 0.107771 , 0.106963 , 0.10348 , 0.0966454 , 0.105018 , 0.0820015 , 0 , 0 , 0 , 0 , 0 , 0 , 0 , 0 , 
1e+200 , 0.148656 , 0.148698 , 0.143845 , 0.139012 , 0.133669 , 0.128359 , 0.122374 , 0.116443 , 0.124498 , 0.132759 , 0.12598 , 0.119369 , 0.107495 , 0.0956885 , 0.0786125 , 0.0611771 , 0.0752043 , 0.0905746 , 0.104217 , 0.119202 , 0.0955576 , 0.0688258 , 0.084914 , 0.0940963 , 0.0734733 , 0 , 0 , 0 , 0 , 0 , 0 , 0 , 
1e+200 , 0.152618 , 0.152648 , 0.146815 , 0.140996 , 0.137091 , 0.133213 , 0.124231 , 0.115281 , 0.123019 , 0.130905 , 0.126122 , 0.121489 , 0.112212 , 0.103062 , 0.0847772 , 0.0662337 , 0.0624902 , 0.0588728 , 0.0811965 , 0.105638 , 0.103218 , 0.100145 , 0.0899815 , 0.0766936 , 0.0941132 , 0.0734865 , 0 , 0 , 0 , 0 , 0 , 0 , 
1e+200 , 0.156588 , 0.156609 , 0.1498 , 0.143001 , 0.14054 , 0.138101 , 0.12614 , 0.114196 , 0.121655 , 0.129218 , 0.12646 , 0.12383 , 0.117138 , 0.110597 , 0.0910851 , 0.0713893 , 0.0507564 , 0.0294733 , 0.060188 , 0.0933012 , 0.109846 , 0.128 , 0.0921601 , 0.0523688 , 0.0767118 , 0.0941301 , 0.0734997 , 0 , 0 , 0 , 0 , 0 , 
1e+200 , 0.156312 , 0.156327 , 0.151493 , 0.146666 , 0.144774 , 0.142897 , 0.132422 , 0.121964 , 0.123405 , 0.124907 , 0.121397 , 0.117974 , 0.112 , 0.106141 , 0.0940722 , 0.0820294 , 0.0580365 , 0.0334817 , 0.0390341 , 0.0451007 , 0.0822424 , 0.122695 , 0.109053 , 0.0937221 , 0.0824404 , 0.0682386 , 0.0908266 , 0.0709202 , 0 , 0 , 0 , 0 , 
1e+200 , 0.156041 , 0.156052 , 0.153194 , 0.150342 , 0.149021 , 0.147713 , 0.138727 , 0.129756 , 0.125207 , 0.12069 , 0.116466 , 0.112299 , 0.107088 , 0.101965 , 0.0972537 , 0.0926797 , 0.0653153 , 0.0374796 , 0.0191836 , 0.00018498 , 0.0569947 , 0.117959 , 0.124127 , 0.130995 , 0.0854911 , 0.0354058 , 0.0646902 , 0.0875231 , 0.0683407 , 0 , 0 , 0 , 
1e+200 , 0.145696 , 0.145703 , 0.146949 , 0.1482 , 0.148257 , 0.148323 , 0.141344 , 0.134378 , 0.129548 , 0.124741 , 0.119283 , 0.113865 , 0.108446 , 0.103092 , 0.0977853 , 0.0925785 , 0.0772958 , 0.0619327 , 0.0379056 , 0.0132312 , 0.0350884 , 0.0583389 , 0.0952393 , 0.135483 , 0.112907 , 0.0878214 , 0.0738067 , 0.0570627 , 0.0889747 , 0.0694742 , 0 , 0 , 
1e+200 , 0.135354 , 0.135358 , 0.140709 , 0.146064 , 0.147501 , 0.148945 , 0.143977 , 0.139018 , 0.133913 , 0.128826 , 0.122147 , 0.115496 , 0.10989 , 0.104332 , 0.0984645 , 0.0926693 , 0.0892588 , 0.0859869 , 0.0561735 , 0.0257951 , 0.0145051 , 0.00279447 , 0.0688513 , 0.139752 , 0.137621 , 0.135464 , 0.0804118 , 0.0201357 , 0.0586219 , 0.0904264 , 0.0706077 , 0 , 
1e+200 , 0.135351 , 0.135354 , 0.140703 , 0.146055 , 0.147487 , 0.148924 , 0.143948 , 0.138979 , 0.133859 , 0.128753 , 0.122049 , 0.115365 , 0.109715 , 0.1041 , 0.0981596 , 0.0922729 , 0.0887351 , 0.0853014 , 0.0555716 , 0.0254287 , 0.0142365 , 0.00272842 , 0.0668291 , 0.134824 , 0.132058 , 0.129603 , 0.0771 , 0.0195409 , 0.0586797 , 0.097128 , 0.0904264 , 0.0706077 , 

shifts ,
0 , 0 , 0 , 0 , 0 , 0 , 0 , 0 , 0 , 0 , 0 , 0 , 0 , 0 , 0 , 0 , 0 , 0 , 0 , 0 , 0 , 0 , 0 , 0 , 0 , 0 , 0 , 0 , 0 , 0 , 0 , 0 , 0 , 
0 , 0 , 0 , 0 , 0 , 0 , 0 , 0 , 0 , 0 , 0 , 0 , 0 , 0 , 0 , 0 , 0 , 0 , 0 , 0 , 0 , 0 , 0 , 0 , 0 , 0 , 0 , 0 , 0 , 0 , 0 , 0 , 0 , 
0 , 0 , 0 , 0 , 0 , 0 , 0 , 0 , 0 , 0 , 0 , 0 , 0 , 0 , 0 , 0 , 0 , 0 , 0 , 0 , 0 , 0 , 0 , 0 , 0 , 0 , 0 , 0 , 0 , 0 , 0 , 0 , 0 , 
0 , 0 , 0 , 0 , 0 , 0 , 0 , 0 , 0 , 0 , 0 , 0 , 0 , 0 , 0 , 0 , 0 , 0 , 0 , 0 , 0 , 0 , 0 , 0 , 0 , 0 , 0 , 0 , 0 , 0 , 0 , 0 , 0 , 
0 , 0 , 0 , 0 , 0 , 0 , 0 , 0 , 0 , 0 , 0 , 0 , 0 , 0 , 0 , 0 , 0 , 0 , 0 , 0 , 0 , 0 , 0 , 0 , 0 , 0 , 0 , 0 , 0 , 0 , 0 , 0 , 0 , 
0 , 0 , 0 , 0 , 0 , 0 , 0 , 0 , 0 , 0 , 0 , 0 , 0 , 0 , 0 , 0 , 0 , 0 , 0 , 0 , 0 , 0 , 0 , 0 , 0 , 0 , 0 , 0 , 0 , 0 , 0 , 0 , 0 , 
0 , 0 , 0 , 0 , 0 , 0 , 0 , 0 , 0 , 0 , 0 , 0 , 0 , 0 , 0 , 0 , 0 , 0 , 0 , 0 , 0 , 0 , 0 , 0 , 0 , 0 , 0 , 0 , 0 , 0 , 0 , 0 , 0 , 
0 , 0 , 0 , 0 , 0 , 0 , 0 , 0 , 0 , 0 , 0 , 0 , 0 , 0 , 0 , 0 , 0 , 0 , 0 , 0 , 0 , 0 , 0 , 0 , 0 , 0 , 0 , 0 , 0 , 0 , 0 , 0 , 0 , 
0 , 0 , 0 , 0 , 0 , 0 , 0 , 0 , 0 , 0 , 0 , 0 , 0 , 0 , 0 , 0 , 0 , 0 , 0 , 0 , 0 , 0 , 0 , 0 , 0 , 0 , 0 , 0 , 0 , 0 , 0 , 0 , 0 , 
0 , 0 , 0 , 0 , 0 , 0 , 0 , 0 , 0 , 0 , 0 , 0 , 0 , 0 , 0 , 0 , 0 , 0 , 0 , 0 , 0 , 0 , 0 , 0 , 0 , 0 , 0 , 0 , 0 , 0 , 0 , 0 , 0 , 
0 , 0 , 0 , 0 , 0 , 0 , 0 , 0 , 0 , 0 , 0 , 0 , 0 , 0 , 0 , 0 , 0 , 0 , 0 , 0 , 0 , 0 , 0 , 0 , 0 , 0 , 0 , 0 , 0 , 0 , 0 , 0 , 0 , 
0 , 0 , 0 , 0 , 0 , 0 , 0 , 0 , 0 , 0 , 0 , 0 , 0 , 0 , 0 , 0 , 0 , 0 , 0 , 0 , 0 , 0 , 0 , 0 , 0 , 0 , 0 , 0 , 0 , 0 , 0 , 0 , 0 , 
0 , 0 , 0 , 0 , 0 , 0 , 0 , 0 , 0 , 0 , 0 , 0 , 0 , 0 , 0 , 0 , 0 , 0 , 0 , 0 , 0 , 0 , 0 , 0 , 0 , 0 , 0 , 0 , 0 , 0 , 0 , 0 , 0 , 
0 , 0 , 0 , 0 , 0 , 0 , 0 , 0 , 0 , 0 , 0 , 0 , 0 , 0 , 0 , 0 , 0 , 0 , 0 , 0 , 0 , 0 , 0 , 0 , 0 , 0 , 0 , 0 , 0 , 0 , 0 , 0 , 0 , 
0 , 0 , 0 , 0 , 0 , 0 , 0 , 0 , 0 , 0 , 0 , 0 , 0 , 0 , 0 , 0 , 0 , 0 , 0 , 0 , 0 , 0 , 0 , 0 , 0 , 0 , 0 , 0 , 0 , 0 , 0 , 0 , 0 , 
0 , 0 , 0 , 0 , 0 , 0 , 0 , 0 , 0 , 0 , 0 , 0 , 0 , 0 , 0 , 0 , 0 , 0 , 0 , 0 , 0 , 0 , 0 , 0 , 0 , 0 , 0 , 0 , 0 , 0 , 0 , 0 , 0 , 
0 , 0 , 0 , 0 , 0 , 0 , 0 , 0 , 0 , 0 , 0 , 0 , 0 , 0 , 0 , 0 , 0 , 0 , 0 , 0 , 0 , 0 , 0 , 0 , 0 , 0 , 0 , 0 , 0 , 0 , 0 , 0 , 0 , 
0 , 0 , 0 , 0 , 0 , 0 , 0 , 0 , 0 , 0 , 0 , 0 , 0 , 0 , 0 , 0 , 0 , 0 , 0 , 0 , 0 , 0 , 0 , 0 , 0 , 0 , 0 , 0 , 0 , 0 , 0 , 0 , 0 , 
0 , 0 , 0 , 0 , 0 , 0 , 0 , 0 , 0 , 0 , 0 , 0 , 0 , 0 , 0 , 0 , 0 , 0 , 0 , 0 , 0 , 0 , 0 , 0 , 0 , 0 , 0 , 0 , 0 , 0 , 0 , 0 , 0 , 
0 , 0 , 0 , 0 , 0 , 0 , 0 , 0 , 0 , 0 , 0 , 0 , 0 , 0 , 0 , 0 , 0 , 0 , 0 , 0 , 0 , 0 , 0 , 0 , 0 , 0 , 0 , 0 , 0 , 0 , 0 , 0 , 0 , 
0 , 0 , 0 , 0 , 0 , 0 , 0 , 0 , 0 , 0 , 0 , 0 , 0 , 0 , 0 , 0 , 0 , 0 , 0 , 0 , 0 , 0 , 0 , 0 , 0 , 0 , 0 , 0 , 0 , 0 , 0 , 0 , 0 , 
0 , 0 , 0 , 0 , 0 , 0 , 0 , 0 , 0 , 0 , 0 , 0 , 0 , 0 , 0 , 0 , 0 , 0 , 0 , 0 , 0 , 0 , 0 , 0 , 0 , 0 , 0 , 0 , 0 , 0 , 0 , 0 , 0 , 
0 , 0 , 0 , 0 , 0 , 0 , 0 , 0 , 0 , 0 , 0 , 0 , 0 , 0 , 0 , 0 , 0 , 0 , 0 , 0 , 0 , 0 , 0 , 0 , 0 , 0 , 0 , 0 , 0 , 0 , 0 , 0 , 0 , 
0 , 0 , 0 , 0 , 0 , 0 , 0 , 0 , 0 , 0 , 0 , 0 , 0 , 0 , 0 , 0 , 0 , 0 , 0 , 0 , 0 , 0 , 0 , 0 , 0 , 0 , 0 , 0 , 0 , 0 , 0 , 0 , 0 , 
0 , 0 , 0 , 0 , 0 , 0 , 0 , 0 , 0 , 0 , 0 , 0 , 0 , 0 , 0 , 0 , 0 , 0 , 0 , 0 , 0 , 0 , 0 , 0 , 0 , 0 , 0 , 0 , 0 , 0 , 0 , 0 , 0 , 
0 , 0 , 0 , 0 , 0 , 0 , 0 , 0 , 0 , 0 , 0 , 0 , 0 , 0 , 0 , 0 , 0 , 0 , 0 , 0 , 0 , 0 , 0 , 0 , 0 , 0 , 0 , 0 , 0 , 0 , 0 , 0 , 0 , 
0 , 0 , 0 , 0 , 0 , 0 , 0 , 0 , 0 , 0 , 0 , 0 , 0 , 0 , 0 , 0 , 0 , 0 , 0 , 0 , 0 , 0 , 0 , 0 , 0 , 0 , 0 , 0 , 0 , 0 , 0 , 0 , 0 , 
0 , 0 , 0 , 0 , 0 , 0 , 0 , 0 , 0 , 0 , 0 , 0 , 0 , 0 , 0 , 0 , 0 , 0 , 0 , 0 , 0 , 0 , 0 , 0 , 0 , 0 , 0 , 0 , 0 , 0 , 0 , 0 , 0 , 
0 , 0 , 0 , 0 , 0 , 0 , 0 , 0 , 0 , 0 , 0 , 0 , 0 , 0 , 0 , 0 , 0 , 0 , 0 , 0 , 0 , 0 , 0 , 0 , 0 , 0 , 0 , 0 , 0 , 0 , 0 , 0 , 0 , 
0 , 0 , 0 , 0 , 0 , 0 , 0 , 0 , 0 , 0 , 0 , 0 , 0 , 0 , 0 , 0 , 0 , 0 , 0 , 0 , 0 , 0 , 0 , 0 , 0 , 0 , 0 , 0 , 0 , 0 , 0 , 0 , 0 , 
0 , 0 , 0 , 0 , 0 , 0 , 0 , 0 , 0 , 0 , 0 , 0 , 0 , 0 , 0 , 0 , 0 , 0 , 0 , 0 , 0 , 0 , 0 , 0 , 0 , 0 , 0 , 0 , 0 , 0 , 0 , 0 , 0 , 
0 , 0 , 0 , 0 , 0 , 0 , 0 , 0 , 0 , 0 , 0 , 0 , 0 , 0 , 0 , 0 , 0 , 0 , 0 , 0 , 0 , 0 , 0 , 0 , 0 , 0 , 0 , 0 , 0 , 0 , 0 , 0 , 0 , 
0 , 0 , 0 , 0 , 0 , 0 , 0 , 0 , 0 , 0 , 0 , 0 , 0 , 0 , 0 , 0 , 0 , 0 , 0 , 0 , 0 , 0 , 0 , 0 , 0 , 0 , 0 , 0 , 0 , 0 , 0 , 0 , 0 , 

