g ,
1e+100 , 0 , 0 , 0 , 0 , 0 , 0 , 0 , 0 , 0 , 0 , 0 , 0 , 0 , 0 , 0 , 0 , 0 , 0 , 0 , 0 , 0 , 0 , 0 , 0 , 0 , 0 , 0 , 0 , 0 , 0 , 0 , 0 , 
1e+100 , 1.04418 , 0 , 0 , 0 , 0 , 0 , 0 , 0 , 0 , 0 , 0 , 0 , 0 , 0 , 0 , 0 , 0 , 0 , 0 , 0 , 0 , 0 , 0 , 0 , 0 , 0 , 0 , 0 , 0 , 0 , 0 , 0 , 
1e+100 , 1.04418 , 1.04418 , 0 , 0 , 0 , 0 , 0 , 0 , 0 , 0 , 0 , 0 , 0 , 0 , 0 , 0 , 0 , 0 , 0 , 0 , 0 , 0 , 0 , 0 , 0 , 0 , 0 , 0 , 0 , 0 , 0 , 0 , 
1e+100 , 1.04418 , 1.04418 , 1.04418 , 0 , 0 , 0 , 0 , 0 , 0 , 0 , 0 , 0 , 0 , 0 , 0 , 0 , 0 , 0 , 0 , 0 , 0 , 0 , 0 , 0 , 0 , 0 , 0 , 0 , 0 , 0 , 0 , 0 , 
1e+100 , 1.03158 , 1.03158 , 0.93321 , 0.93321 , 0 , 0 , 0 , 0 , 0 , 0 , 0 , 0 , 0 , 0 , 0 , 0 , 0 , 0 , 0 , 0 , 0 , 0 , 0 , 0 , 0 , 0 , 0 , 0 , 0 , 0 , 0 , 0 , 
1e+100 , 1.01899 , 1.01899 , 0.920612 , 0.822238 , 0.822238 , 0 , 0 , 0 , 0 , 0 , 0 , 0 , 0 , 0 , 0 , 0 , 0 , 0 , 0 , 0 , 0 , 0 , 0 , 0 , 0 , 0 , 0 , 0 , 0 , 0 , 0 , 0 , 
1e+100 , 1.0212 , 1.0212 , 0.930521 , 0.839843 , 0.893908 , 0.893908 , 0 , 0 , 0 , 0 , 0 , 0 , 0 , 0 , 0 , 0 , 0 , 0 , 0 , 0 , 0 , 0 , 0 , 0 , 0 , 0 , 0 , 0 , 0 , 0 , 0 , 0 , 
1e+100 , 1.02341 , 1.02341 , 0.940429 , 0.857448 , 0.911512 , 0.965577 , 0.965577 , 0 , 0 , 0 , 0 , 0 , 0 , 0 , 0 , 0 , 0 , 0 , 0 , 0 , 0 , 0 , 0 , 0 , 0 , 0 , 0 , 0 , 0 , 0 , 0 , 0 , 
1e+100 , 1.03676 , 1.03676 , 0.955864 , 0.874973 , 0.918086 , 0.961199 , 0.869222 , 0.869222 , 0 , 0 , 0 , 0 , 0 , 0 , 0 , 0 , 0 , 0 , 0 , 0 , 0 , 0 , 0 , 0 , 0 , 0 , 0 , 0 , 0 , 0 , 0 , 0 , 
1e+100 , 1.0501 , 1.0501 , 0.971299 , 0.892499 , 0.92466 , 0.956821 , 0.864844 , 0.772867 , 0.772867 , 0 , 0 , 0 , 0 , 0 , 0 , 0 , 0 , 0 , 0 , 0 , 0 , 0 , 0 , 0 , 0 , 0 , 0 , 0 , 0 , 0 , 0 , 0 , 
1e+100 , 1.06768 , 1.06768 , 0.988978 , 0.910275 , 0.932018 , 0.953762 , 0.870161 , 0.786561 , 0.804565 , 0.804565 , 0 , 0 , 0 , 0 , 0 , 0 , 0 , 0 , 0 , 0 , 0 , 0 , 0 , 0 , 0 , 0 , 0 , 0 , 0 , 0 , 0 , 0 , 
1e+100 , 1.08526 , 1.08526 , 1.00666 , 0.928051 , 0.939377 , 0.950702 , 0.875478 , 0.800254 , 0.818259 , 0.836263 , 0.836263 , 0 , 0 , 0 , 0 , 0 , 0 , 0 , 0 , 0 , 0 , 0 , 0 , 0 , 0 , 0 , 0 , 0 , 0 , 0 , 0 , 0 , 
1e+100 , 1.10044 , 1.10044 , 1.02245 , 0.944469 , 0.946637 , 0.948804 , 0.88132 , 0.813836 , 0.826833 , 0.839831 , 0.791159 , 0.791159 , 0 , 0 , 0 , 0 , 0 , 0 , 0 , 0 , 0 , 0 , 0 , 0 , 0 , 0 , 0 , 0 , 0 , 0 , 0 , 0 , 
1e+100 , 1.11561 , 1.11561 , 1.03825 , 0.960887 , 0.953897 , 0.946907 , 0.887162 , 0.827417 , 0.835408 , 0.843399 , 0.794726 , 0.746054 , 0.746054 , 0 , 0 , 0 , 0 , 0 , 0 , 0 , 0 , 0 , 0 , 0 , 0 , 0 , 0 , 0 , 0 , 0 , 0 , 0 , 
1e+100 , 1.12628 , 1.12628 , 1.05086 , 0.975438 , 0.960879 , 0.94632 , 0.893772 , 0.841224 , 0.844331 , 0.847437 , 0.801101 , 0.754764 , 0.743319 , 0.743319 , 0 , 0 , 0 , 0 , 0 , 0 , 0 , 0 , 0 , 0 , 0 , 0 , 0 , 0 , 0 , 0 , 0 , 0 , 
1e+100 , 1.13696 , 1.13696 , 1.06347 , 0.989988 , 0.96786 , 0.945732 , 0.900382 , 0.855032 , 0.853254 , 0.851475 , 0.807475 , 0.763475 , 0.752029 , 0.740584 , 0.740584 , 0 , 0 , 0 , 0 , 0 , 0 , 0 , 0 , 0 , 0 , 0 , 0 , 0 , 0 , 0 , 0 , 0 , 
1e+100 , 1.14439 , 1.14439 , 1.07396 , 1.00354 , 0.975279 , 0.947022 , 0.908357 , 0.869692 , 0.863169 , 0.856645 , 0.814589 , 0.772532 , 0.756797 , 0.741061 , 0.749006 , 0.749006 , 0 , 0 , 0 , 0 , 0 , 0 , 0 , 0 , 0 , 0 , 0 , 0 , 0 , 0 , 0 , 0 , 
1e+100 , 1.15182 , 1.15182 , 1.08445 , 1.01708 , 0.982697 , 0.948312 , 0.916333 , 0.884353 , 0.873084 , 0.861815 , 0.821703 , 0.78159 , 0.761564 , 0.741539 , 0.749484 , 0.757429 , 0.757429 , 0 , 0 , 0 , 0 , 0 , 0 , 0 , 0 , 0 , 0 , 0 , 0 , 0 , 0 , 0 , 
1e+100 , 1.15889 , 1.15889 , 1.0951 , 1.03132 , 0.991876 , 0.952435 , 0.926624 , 0.900812 , 0.884907 , 0.869001 , 0.830356 , 0.791711 , 0.767052 , 0.742393 , 0.745077 , 0.747761 , 0.741279 , 0.741279 , 0 , 0 , 0 , 0 , 0 , 0 , 0 , 0 , 0 , 0 , 0 , 0 , 0 , 0 , 
1e+100 , 1.16596 , 1.16596 , 1.10576 , 1.04555 , 1.00105 , 0.956558 , 0.936915 , 0.917272 , 0.896729 , 0.876187 , 0.839009 , 0.801831 , 0.772539 , 0.743246 , 0.740669 , 0.738092 , 0.731611 , 0.725129 , 0.725129 , 0 , 0 , 0 , 0 , 0 , 0 , 0 , 0 , 0 , 0 , 0 , 0 , 0 , 
1e+100 , 1.17475 , 1.17475 , 1.11817 , 1.0616 , 1.01272 , 0.963851 , 0.949893 , 0.935935 , 0.910806 , 0.885677 , 0.849518 , 0.81336 , 0.779058 , 0.744755 , 0.736634 , 0.728513 , 0.71653 , 0.704547 , 0.68937 , 0.68937 , 0 , 0 , 0 , 0 , 0 , 0 , 0 , 0 , 0 , 0 , 0 , 0 , 
1e+100 , 1.18354 , 1.18354 , 1.13059 , 1.07764 , 1.02439 , 0.971143 , 0.962871 , 0.954599 , 0.924882 , 0.895166 , 0.860028 , 0.824889 , 0.785577 , 0.746265 , 0.7326 , 0.718935 , 0.70145 , 0.683966 , 0.668789 , 0.653612 , 0.653612 , 0 , 0 , 0 , 0 , 0 , 0 , 0 , 0 , 0 , 0 , 0 , 
1e+100 , 1.19456 , 1.19456 , 1.1451 , 1.09564 , 1.0384 , 0.981166 , 0.978204 , 0.975241 , 0.940959 , 0.906677 , 0.872224 , 0.837772 , 0.793148 , 0.748525 , 0.729044 , 0.709563 , 0.686487 , 0.663411 , 0.647423 , 0.631436 , 0.698648 , 0.698648 , 0 , 0 , 0 , 0 , 0 , 0 , 0 , 0 , 0 , 0 , 
1e+100 , 1.20558 , 1.20558 , 1.15961 , 1.11364 , 1.05241 , 0.991188 , 0.993536 , 0.995884 , 0.957036 , 0.918187 , 0.884421 , 0.850654 , 0.80072 , 0.750785 , 0.725488 , 0.700191 , 0.671524 , 0.642857 , 0.626058 , 0.609259 , 0.676472 , 0.743684 , 0.743684 , 0 , 0 , 0 , 0 , 0 , 0 , 0 , 0 , 0 , 
1e+100 , 1.21816 , 1.21816 , 1.17558 , 1.133 , 1.06801 , 1.00301 , 1.01042 , 1.01783 , 0.974441 , 0.931047 , 0.897759 , 0.86447 , 0.809039 , 0.753608 , 0.722305 , 0.691001 , 0.656646 , 0.62229 , 0.60466 , 0.587029 , 0.652371 , 0.717712 , 0.669496 , 0.669496 , 0 , 0 , 0 , 0 , 0 , 0 , 0 , 0 , 
1e+100 , 1.23073 , 1.23073 , 1.19155 , 1.15237 , 1.0836 , 1.01483 , 1.02731 , 1.03978 , 0.991846 , 0.943908 , 0.911096 , 0.878285 , 0.817358 , 0.756431 , 0.719121 , 0.681812 , 0.641768 , 0.601724 , 0.583262 , 0.564799 , 0.62827 , 0.691741 , 0.643524 , 0.595308 , 0.595308 , 0 , 0 , 0 , 0 , 0 , 0 , 0 , 
1e+100 , 1.24396 , 1.24396 , 1.20816 , 1.17236 , 1.09995 , 1.02753 , 1.04494 , 1.06234 , 1.00988 , 0.957411 , 0.924971 , 0.89253 , 0.826021 , 0.759511 , 0.716098 , 0.672684 , 0.626891 , 0.581098 , 0.561782 , 0.542466 , 0.604104 , 0.665743 , 0.637047 , 0.608352 , 0.619061 , 0.619061 , 0 , 0 , 0 , 0 , 0 , 0 , 
1e+100 , 1.25718 , 1.25718 , 1.22477 , 1.19236 , 1.11629 , 1.04023 , 1.06256 , 1.0849 , 1.02791 , 0.970915 , 0.938845 , 0.906775 , 0.834683 , 0.762592 , 0.713074 , 0.663556 , 0.612014 , 0.560471 , 0.540302 , 0.520133 , 0.579939 , 0.639745 , 0.630571 , 0.621396 , 0.632106 , 0.642815 , 0.642815 , 0 , 0 , 0 , 0 , 0 , 
1e+100 , 1.27043 , 1.27043 , 1.24145 , 1.21247 , 1.13281 , 1.05315 , 1.08037 , 1.10758 , 1.04608 , 0.984571 , 0.952834 , 0.921097 , 0.8434 , 0.765702 , 0.710047 , 0.654392 , 0.597079 , 0.539766 , 0.518725 , 0.497683 , 0.555672 , 0.613661 , 0.624039 , 0.634417 , 0.615891 , 0.597366 , 0.63257 , 0.63257 , 0 , 0 , 0 , 0 , 
1e+100 , 1.28368 , 1.28368 , 1.25813 , 1.23258 , 1.14933 , 1.06608 , 1.09817 , 1.13027 , 1.06425 , 0.998228 , 0.966824 , 0.93542 , 0.852116 , 0.768812 , 0.707019 , 0.645227 , 0.582144 , 0.519061 , 0.497147 , 0.475234 , 0.531406 , 0.587578 , 0.617508 , 0.647437 , 0.599677 , 0.551917 , 0.587121 , 0.622325 , 0.622325 , 0 , 0 , 0 , 
1e+100 , 1.29686 , 1.29686 , 1.27476 , 1.25267 , 1.16585 , 1.07903 , 1.11599 , 1.15295 , 1.08242 , 1.0119 , 0.98082 , 0.949742 , 0.86083 , 0.771917 , 0.703981 , 0.636046 , 0.56719 , 0.498335 , 0.475542 , 0.452749 , 0.507104 , 0.561459 , 0.610957 , 0.660455 , 0.58347 , 0.506484 , 0.51514 , 0.523796 , 0.710413 , 0.710413 , 0 , 0 , 
1e+100 , 1.31004 , 1.31004 , 1.2914 , 1.27276 , 1.18237 , 1.09198 , 1.13381 , 1.17564 , 1.1006 , 1.02557 , 0.994815 , 0.964064 , 0.869543 , 0.775022 , 0.700943 , 0.626864 , 0.552236 , 0.477608 , 0.453936 , 0.430264 , 0.482802 , 0.53534 , 0.604406 , 0.673473 , 0.567262 , 0.461051 , 0.443158 , 0.425266 , 0.611883 , 0.7985 , 0.7985 , 0 , 
1e+100 , 1.31004 , 1.31004 , 1.2914 , 1.27276 , 1.18237 , 1.09198 , 1.13381 , 1.17564 , 1.1006 , 1.02557 , 0.994815 , 0.964064 , 0.869543 , 0.775022 , 0.700943 , 0.626864 , 0.552236 , 0.477608 , 0.453936 , 0.430264 , 0.482802 , 0.53534 , 0.604406 , 0.673473 , 0.567262 , 0.461051 , 0.443158 , 0.425266 , 0.611883 , 0.7985 , 0.7985 , 0.7985 , 

h ,
1e+100 , 0 , 0 , 0 , 0 , 0 , 0 , 0 , 0 , 0 , 0 , 0 , 0 , 0 , 0 , 0 , 0 , 0 , 0 , 0 , 0 , 0 , 0 , 0 , 0 , 0 , 0 , 0 , 0 , 0 , 0 , 0 , 0 , 
1e+100 , 0.120859 , 0 , 0 , 0 , 0 , 0 , 0 , 0 , 0 , 0 , 0 , 0 , 0 , 0 , 0 , 0 , 0 , 0 , 0 , 0 , 0 , 0 , 0 , 0 , 0 , 0 , 0 , 0 , 0 , 0 , 0 , 0 , 
1e+100 , 0.154783 , 0.120859 , 0 , 0 , 0 , 0 , 0 , 0 , 0 , 0 , 0 , 0 , 0 , 0 , 0 , 0 , 0 , 0 , 0 , 0 , 0 , 0 , 0 , 0 , 0 , 0 , 0 , 0 , 0 , 0 , 0 , 0 , 
1e+100 , 0.166254 , 0.154783 , 0.120859 , 0 , 0 , 0 , 0 , 0 , 0 , 0 , 0 , 0 , 0 , 0 , 0 , 0 , 0 , 0 , 0 , 0 , 0 , 0 , 0 , 0 , 0 , 0 , 0 , 0 , 0 , 0 , 0 , 0 , 
1e+100 , 0.166418 , 0.166254 , 0.154783 , 0.120859 , 0 , 0 , 0 , 0 , 0 , 0 , 0 , 0 , 0 , 0 , 0 , 0 , 0 , 0 , 0 , 0 , 0 , 0 , 0 , 0 , 0 , 0 , 0 , 0 , 0 , 0 , 0 , 0 , 
1e+100 , 0.161502 , 0.166418 , 0.166254 , 0.154783 , 0.120859 , 0 , 0 , 0 , 0 , 0 , 0 , 0 , 0 , 0 , 0 , 0 , 0 , 0 , 0 , 0 , 0 , 0 , 0 , 0 , 0 , 0 , 0 , 0 , 0 , 0 , 0 , 0 , 
1e+100 , 0.154851 , 0.161502 , 0.166418 , 0.166254 , 0.154783 , 0.120859 , 0 , 0 , 0 , 0 , 0 , 0 , 0 , 0 , 0 , 0 , 0 , 0 , 0 , 0 , 0 , 0 , 0 , 0 , 0 , 0 , 0 , 0 , 0 , 0 , 0 , 0 , 
1e+100 , 0.148151 , 0.154851 , 0.161502 , 0.166418 , 0.166254 , 0.154783 , 0.120859 , 0 , 0 , 0 , 0 , 0 , 0 , 0 , 0 , 0 , 0 , 0 , 0 , 0 , 0 , 0 , 0 , 0 , 0 , 0 , 0 , 0 , 0 , 0 , 0 , 0 , 
1e+100 , 0.142163 , 0.148151 , 0.154851 , 0.161502 , 0.166418 , 0.166254 , 0.154783 , 0.120859 , 0 , 0 , 0 , 0 , 0 , 0 , 0 , 0 , 0 , 0 , 0 , 0 , 0 , 0 , 0 , 0 , 0 , 0 , 0 , 0 , 0 , 0 , 0 , 0 , 
1e+100 , 0.137149 , 0.142163 , 0.148151 , 0.154851 , 0.161502 , 0.166418 , 0.166254 , 0.154783 , 0.120859 , 0 , 0 , 0 , 0 , 0 , 0 , 0 , 0 , 0 , 0 , 0 , 0 , 0 , 0 , 0 , 0 , 0 , 0 , 0 , 0 , 0 , 0 , 0 , 
1e+100 , 0.133121 , 0.137149 , 0.142163 , 0.148151 , 0.154851 , 0.161502 , 0.166418 , 0.166254 , 0.154783 , 0.120859 , 0 , 0 , 0 , 0 , 0 , 0 , 0 , 0 , 0 , 0 , 0 , 0 , 0 , 0 , 0 , 0 , 0 , 0 , 0 , 0 , 0 , 0 , 
1e+100 , 0.129975 , 0.133121 , 0.137149 , 0.142163 , 0.148151 , 0.154851 , 0.161502 , 0.166418 , 0.166254 , 0.154783 , 0.120859 , 0 , 0 , 0 , 0 , 0 , 0 , 0 , 0 , 0 , 0 , 0 , 0 , 0 , 0 , 0 , 0 , 0 , 0 , 0 , 0 , 0 , 
1e+100 , 0.127568 , 0.129975 , 0.133121 , 0.137149 , 0.142163 , 0.148151 , 0.154851 , 0.161502 , 0.166418 , 0.166254 , 0.154783 , 0.120859 , 0 , 0 , 0 , 0 , 0 , 0 , 0 , 0 , 0 , 0 , 0 , 0 , 0 , 0 , 0 , 0 , 0 , 0 , 0 , 0 , 
1e+100 , 0.125756 , 0.127568 , 0.129975 , 0.133121 , 0.137149 , 0.142163 , 0.148151 , 0.154851 , 0.161502 , 0.166418 , 0.166254 , 0.154783 , 0.120859 , 0 , 0 , 0 , 0 , 0 , 0 , 0 , 0 , 0 , 0 , 0 , 0 , 0 , 0 , 0 , 0 , 0 , 0 , 0 , 
1e+100 , 0.124409 , 0.125756 , 0.127568 , 0.129975 , 0.133121 , 0.137149 , 0.142163 , 0.148151 , 0.154851 , 0.161502 , 0.166418 , 0.166254 , 0.154783 , 0.120859 , 0 , 0 , 0 , 0 , 0 , 0 , 0 , 0 , 0 , 0 , 0 , 0 , 0 , 0 , 0 , 0 , 0 , 0 , 
1e+100 , 0.123417 , 0.124409 , 0.125756 , 0.127568 , 0.129975 , 0.133121 , 0.137149 , 0.142163 , 0.148151 , 0.154851 , 0.161502 , 0.166418 , 0.166254 , 0.154783 , 0.120859 , 0 , 0 , 0 , 0 , 0 , 0 , 0 , 0 , 0 , 0 , 0 , 0 , 0 , 0 , 0 , 0 , 0 , 
1e+100 , 0.122693 , 0.123417 , 0.124409 , 0.125756 , 0.127568 , 0.129975 , 0.133121 , 0.137149 , 0.142163 , 0.148151 , 0.154851 , 0.161502 , 0.166418 , 0.166254 , 0.154783 , 0.120859 , 0 , 0 , 0 , 0 , 0 , 0 , 0 , 0 , 0 , 0 , 0 , 0 , 0 , 0 , 0 , 0 , 
1e+100 , 0.122168 , 0.122693 , 0.123417 , 0.124409 , 0.125756 , 0.127568 , 0.129975 , 0.133121 , 0.137149 , 0.142163 , 0.148151 , 0.154851 , 0.161502 , 0.166418 , 0.166254 , 0.154783 , 0.120859 , 0 , 0 , 0 , 0 , 0 , 0 , 0 , 0 , 0 , 0 , 0 , 0 , 0 , 0 , 0 , 
1e+100 , 0.12179 , 0.122168 , 0.122693 , 0.123417 , 0.124409 , 0.125756 , 0.127568 , 0.129975 , 0.133121 , 0.137149 , 0.142163 , 0.148151 , 0.154851 , 0.161502 , 0.166418 , 0.166254 , 0.154783 , 0.120859 , 0 , 0 , 0 , 0 , 0 , 0 , 0 , 0 , 0 , 0 , 0 , 0 , 0 , 0 , 
1e+100 , 0.121518 , 0.12179 , 0.122168 , 0.122693 , 0.123417 , 0.124409 , 0.125756 , 0.127568 , 0.129975 , 0.133121 , 0.137149 , 0.142163 , 0.148151 , 0.154851 , 0.161502 , 0.166418 , 0.166254 , 0.154783 , 0.120859 , 0 , 0 , 0 , 0 , 0 , 0 , 0 , 0 , 0 , 0 , 0 , 0 , 0 , 
1e+100 , 0.121325 , 0.121518 , 0.12179 , 0.122168 , 0.122693 , 0.123417 , 0.124409 , 0.125756 , 0.127568 , 0.129975 , 0.133121 , 0.137149 , 0.142163 , 0.148151 , 0.154851 , 0.161502 , 0.166418 , 0.166254 , 0.154783 , 0.120859 , 0 , 0 , 0 , 0 , 0 , 0 , 0 , 0 , 0 , 0 , 0 , 0 , 
1e+100 , 0.121187 , 0.121325 , 0.121518 , 0.12179 , 0.122168 , 0.122693 , 0.123417 , 0.124409 , 0.125756 , 0.127568 , 0.129975 , 0.133121 , 0.137149 , 0.142163 , 0.148151 , 0.154851 , 0.161502 , 0.166418 , 0.166254 , 0.154783 , 0.120859 , 0 , 0 , 0 , 0 , 0 , 0 , 0 , 0 , 0 , 0 , 0 , 
1e+100 , 0.12109 , 0.121187 , 0.121325 , 0.121518 , 0.12179 , 0.122168 , 0.122693 , 0.123417 , 0.124409 , 0.125756 , 0.127568 , 0.129975 , 0.133121 , 0.137149 , 0.142163 , 0.148151 , 0.154851 , 0.161502 , 0.166418 , 0.166254 , 0.154783 , 0.120859 , 0 , 0 , 0 , 0 , 0 , 0 , 0 , 0 , 0 , 0 , 
1e+100 , 0.121021 , 0.12109 , 0.121187 , 0.121325 , 0.121518 , 0.12179 , 0.122168 , 0.122693 , 0.123417 , 0.124409 , 0.125756 , 0.127568 , 0.129975 , 0.133121 , 0.137149 , 0.142163 , 0.148151 , 0.154851 , 0.161502 , 0.166418 , 0.166254 , 0.154783 , 0.120859 , 0 , 0 , 0 , 0 , 0 , 0 , 0 , 0 , 0 , 
1e+100 , 0.120972 , 0.121021 , 0.12109 , 0.121187 , 0.121325 , 0.121518 , 0.12179 , 0.122168 , 0.122693 , 0.123417 , 0.124409 , 0.125756 , 0.127568 , 0.129975 , 0.133121 , 0.137149 , 0.142163 , 0.148151 , 0.154851 , 0.161502 , 0.166418 , 0.166254 , 0.154783 , 0.120859 , 0 , 0 , 0 , 0 , 0 , 0 , 0 , 0 , 
1e+100 , 0.120938 , 0.120972 , 0.121021 , 0.12109 , 0.121187 , 0.121325 , 0.121518 , 0.12179 , 0.122168 , 0.122693 , 0.123417 , 0.124409 , 0.125756 , 0.127568 , 0.129975 , 0.133121 , 0.137149 , 0.142163 , 0.148151 , 0.154851 , 0.161502 , 0.166418 , 0.166254 , 0.154783 , 0.120859 , 0 , 0 , 0 , 0 , 0 , 0 , 0 , 
1e+100 , 0.120914 , 0.120938 , 0.120972 , 0.121021 , 0.12109 , 0.121187 , 0.121325 , 0.121518 , 0.12179 , 0.122168 , 0.122693 , 0.123417 , 0.124409 , 0.125756 , 0.127568 , 0.129975 , 0.133121 , 0.137149 , 0.142163 , 0.148151 , 0.154851 , 0.161502 , 0.166418 , 0.166254 , 0.154783 , 0.120859 , 0 , 0 , 0 , 0 , 0 , 0 , 
1e+100 , 0.120898 , 0.120914 , 0.120938 , 0.120972 , 0.121021 , 0.12109 , 0.121187 , 0.121325 , 0.121518 , 0.12179 , 0.122168 , 0.122693 , 0.123417 , 0.124409 , 0.125756 , 0.127568 , 0.129975 , 0.133121 , 0.137149 , 0.142163 , 0.148151 , 0.154851 , 0.161502 , 0.166418 , 0.166254 , 0.154783 , 0.120859 , 0 , 0 , 0 , 0 , 0 , 
1e+100 , 0.120886 , 0.120898 , 0.120914 , 0.120938 , 0.120972 , 0.121021 , 0.12109 , 0.121187 , 0.121325 , 0.121518 , 0.12179 , 0.122168 , 0.122693 , 0.123417 , 0.124409 , 0.125756 , 0.127568 , 0.129975 , 0.133121 , 0.137149 , 0.142163 , 0.148151 , 0.154851 , 0.161502 , 0.166418 , 0.166254 , 0.154783 , 0.120859 , 0 , 0 , 0 , 0 , 
1e+100 , 0.120878 , 0.120886 , 0.120898 , 0.120914 , 0.120938 , 0.120972 , 0.121021 , 0.12109 , 0.121187 , 0.121325 , 0.121518 , 0.12179 , 0.122168 , 0.122693 , 0.123417 , 0.124409 , 0.125756 , 0.127568 , 0.129975 , 0.133121 , 0.137149 , 0.142163 , 0.148151 , 0.154851 , 0.161502 , 0.166418 , 0.166254 , 0.154783 , 0.120859 , 0 , 0 , 0 , 
1e+100 , 0.120872 , 0.120878 , 0.120886 , 0.120898 , 0.120914 , 0.120938 , 0.120972 , 0.121021 , 0.12109 , 0.121187 , 0.121325 , 0.121518 , 0.12179 , 0.122168 , 0.122693 , 0.123417 , 0.124409 , 0.125756 , 0.127568 , 0.129975 , 0.133121 , 0.137149 , 0.142163 , 0.148151 , 0.154851 , 0.161502 , 0.166418 , 0.166254 , 0.154783 , 0.120859 , 0 , 0 , 
1e+100 , 0.120868 , 0.120872 , 0.120878 , 0.120886 , 0.120898 , 0.120914 , 0.120938 , 0.120972 , 0.121021 , 0.12109 , 0.121187 , 0.121325 , 0.121518 , 0.12179 , 0.122168 , 0.122693 , 0.123417 , 0.124409 , 0.125756 , 0.127568 , 0.129975 , 0.133121 , 0.137149 , 0.142163 , 0.148151 , 0.154851 , 0.161502 , 0.166418 , 0.166254 , 0.154783 , 0.120859 , 0 , 
1e+100 , 0.120866 , 0.120868 , 0.120872 , 0.120878 , 0.120886 , 0.120898 , 0.120914 , 0.120938 , 0.120972 , 0.121021 , 0.12109 , 0.121187 , 0.121325 , 0.121518 , 0.12179 , 0.122168 , 0.122693 , 0.123417 , 0.124409 , 0.125756 , 0.127568 , 0.129975 , 0.133121 , 0.137149 , 0.142163 , 0.148151 , 0.154851 , 0.161502 , 0.166418 , 0.166254 , 0.154783 , 0.120859 , 

h*g ,
1e+200 , 0 , 0 , 0 , 0 , 0 , 0 , 0 , 0 , 0 , 0 , 0 , 0 , 0 , 0 , 0 , 0 , 0 , 0 , 0 , 0 , 0 , 0 , 0 , 0 , 0 , 0 , 0 , 0 , 0 , 0 , 0 , 0 , 
1e+200 , 0.126199 , 0 , 0 , 0 , 0 , 0 , 0 , 0 , 0 , 0 , 0 , 0 , 0 , 0 , 0 , 0 , 0 , 0 , 0 , 0 , 0 , 0 , 0 , 0 , 0 , 0 , 0 , 0 , 0 , 0 , 0 , 0 , 
1e+200 , 0.161622 , 0.126199 , 0 , 0 , 0 , 0 , 0 , 0 , 0 , 0 , 0 , 0 , 0 , 0 , 0 , 0 , 0 , 0 , 0 , 0 , 0 , 0 , 0 , 0 , 0 , 0 , 0 , 0 , 0 , 0 , 0 , 0 , 
1e+200 , 0.1736 , 0.161622 , 0.126199 , 0 , 0 , 0 , 0 , 0 , 0 , 0 , 0 , 0 , 0 , 0 , 0 , 0 , 0 , 0 , 0 , 0 , 0 , 0 , 0 , 0 , 0 , 0 , 0 , 0 , 0 , 0 , 0 , 0 , 
1e+200 , 0.171674 , 0.171505 , 0.144445 , 0.112787 , 0 , 0 , 0 , 0 , 0 , 0 , 0 , 0 , 0 , 0 , 0 , 0 , 0 , 0 , 0 , 0 , 0 , 0 , 0 , 0 , 0 , 0 , 0 , 0 , 0 , 0 , 0 , 0 , 
1e+200 , 0.164569 , 0.169578 , 0.153056 , 0.127269 , 0.0993752 , 0 , 0 , 0 , 0 , 0 , 0 , 0 , 0 , 0 , 0 , 0 , 0 , 0 , 0 , 0 , 0 , 0 , 0 , 0 , 0 , 0 , 0 , 0 , 0 , 0 , 0 , 0 , 
1e+200 , 0.158134 , 0.164926 , 0.154856 , 0.139628 , 0.138362 , 0.108037 , 0 , 0 , 0 , 0 , 0 , 0 , 0 , 0 , 0 , 0 , 0 , 0 , 0 , 0 , 0 , 0 , 0 , 0 , 0 , 0 , 0 , 0 , 0 , 0 , 0 , 0 , 
1e+200 , 0.151619 , 0.158476 , 0.151882 , 0.142695 , 0.151543 , 0.149455 , 0.116699 , 0 , 0 , 0 , 0 , 0 , 0 , 0 , 0 , 0 , 0 , 0 , 0 , 0 , 0 , 0 , 0 , 0 , 0 , 0 , 0 , 0 , 0 , 0 , 0 , 0 , 
1e+200 , 0.147388 , 0.153596 , 0.148016 , 0.14131 , 0.152786 , 0.159804 , 0.134541 , 0.105054 , 0 , 0 , 0 , 0 , 0 , 0 , 0 , 0 , 0 , 0 , 0 , 0 , 0 , 0 , 0 , 0 , 0 , 0 , 0 , 0 , 0 , 0 , 0 , 0 , 
1e+200 , 0.14402 , 0.149285 , 0.143899 , 0.138204 , 0.149335 , 0.159233 , 0.143784 , 0.119627 , 0.0934083 , 0 , 0 , 0 , 0 , 0 , 0 , 0 , 0 , 0 , 0 , 0 , 0 , 0 , 0 , 0 , 0 , 0 , 0 , 0 , 0 , 0 , 0 , 0 , 
1e+200 , 0.14213 , 0.146431 , 0.140596 , 0.134858 , 0.144324 , 0.154035 , 0.144811 , 0.130769 , 0.124533 , 0.0972393 , 0 , 0 , 0 , 0 , 0 , 0 , 0 , 0 , 0 , 0 , 0 , 0 , 0 , 0 , 0 , 0 , 0 , 0 , 0 , 0 , 0 , 0 , 
1e+200 , 0.141056 , 0.144471 , 0.138062 , 0.131934 , 0.139169 , 0.147217 , 0.141392 , 0.133177 , 0.136039 , 0.129439 , 0.10107 , 0 , 0 , 0 , 0 , 0 , 0 , 0 , 0 , 0 , 0 , 0 , 0 , 0 , 0 , 0 , 0 , 0 , 0 , 0 , 0 , 0 , 
1e+200 , 0.140381 , 0.143029 , 0.13611 , 0.129533 , 0.134576 , 0.140566 , 0.136473 , 0.131436 , 0.1376 , 0.139626 , 0.122458 , 0.095619 , 0 , 0 , 0 , 0 , 0 , 0 , 0 , 0 , 0 , 0 , 0 , 0 , 0 , 0 , 0 , 0 , 0 , 0 , 0 , 0 , 
1e+200 , 0.140295 , 0.142317 , 0.134946 , 0.127914 , 0.130826 , 0.134615 , 0.131434 , 0.128126 , 0.13492 , 0.140357 , 0.132127 , 0.115477 , 0.0901677 , 0 , 0 , 0 , 0 , 0 , 0 , 0 , 0 , 0 , 0 , 0 , 0 , 0 , 0 , 0 , 0 , 0 , 0 , 0 , 
1e+200 , 0.14012 , 0.141637 , 0.134056 , 0.126782 , 0.127913 , 0.129787 , 0.127061 , 0.124628 , 0.130745 , 0.136863 , 0.133318 , 0.125483 , 0.115053 , 0.0898371 , 0 , 0 , 0 , 0 , 0 , 0 , 0 , 0 , 0 , 0 , 0 , 0 , 0 , 0 , 0 , 0 , 0 , 0 , 
1e+200 , 0.140319 , 0.141447 , 0.133738 , 0.126291 , 0.125797 , 0.125897 , 0.123487 , 0.121554 , 0.12641 , 0.131852 , 0.130409 , 0.127056 , 0.125028 , 0.11463 , 0.0895065 , 0 , 0 , 0 , 0 , 0 , 0 , 0 , 0 , 0 , 0 , 0 , 0 , 0 , 0 , 0 , 0 , 0 , 
1e+200 , 0.140408 , 0.141237 , 0.13361 , 0.126201 , 0.124414 , 0.123089 , 0.120921 , 0.119277 , 0.12271 , 0.126913 , 0.12614 , 0.124766 , 0.125945 , 0.123205 , 0.115934 , 0.0905244 , 0 , 0 , 0 , 0 , 0 , 0 , 0 , 0 , 0 , 0 , 0 , 0 , 0 , 0 , 0 , 0 , 
1e+200 , 0.140715 , 0.14132 , 0.133839 , 0.126534 , 0.12358 , 0.120974 , 0.1191 , 0.117726 , 0.119743 , 0.122518 , 0.121736 , 0.12103 , 0.122994 , 0.123406 , 0.124605 , 0.117237 , 0.0915424 , 0 , 0 , 0 , 0 , 0 , 0 , 0 , 0 , 0 , 0 , 0 , 0 , 0 , 0 , 0 , 
1e+200 , 0.141141 , 0.141579 , 0.134361 , 0.127282 , 0.123398 , 0.119774 , 0.118208 , 0.117083 , 0.117799 , 0.119183 , 0.118046 , 0.117293 , 0.118779 , 0.119898 , 0.123994 , 0.124318 , 0.114737 , 0.0895905 , 0 , 0 , 0 , 0 , 0 , 0 , 0 , 0 , 0 , 0 , 0 , 0 , 0 , 0 , 
1e+200 , 0.141686 , 0.142002 , 0.135088 , 0.128282 , 0.123547 , 0.119004 , 0.117823 , 0.117015 , 0.116552 , 0.116639 , 0.115069 , 0.11399 , 0.114452 , 0.115092 , 0.11962 , 0.122832 , 0.121633 , 0.112238 , 0.0876386 , 0 , 0 , 0 , 0 , 0 , 0 , 0 , 0 , 0 , 0 , 0 , 0 , 0 , 
1e+200 , 0.142526 , 0.142754 , 0.136182 , 0.129693 , 0.124254 , 0.118955 , 0.118175 , 0.1177 , 0.11619 , 0.115116 , 0.113089 , 0.111552 , 0.110753 , 0.110336 , 0.114068 , 0.117657 , 0.119244 , 0.117134 , 0.106703 , 0.0833169 , 0 , 0 , 0 , 0 , 0 , 0 , 0 , 0 , 0 , 0 , 0 , 0 , 
1e+200 , 0.14343 , 0.143593 , 0.137387 , 0.131245 , 0.125148 , 0.119152 , 0.118834 , 0.11876 , 0.11631 , 0.114195 , 0.111782 , 0.10981 , 0.107741 , 0.106091 , 0.108535 , 0.111328 , 0.113286 , 0.113824 , 0.111189 , 0.101168 , 0.0789952 , 0 , 0 , 0 , 0 , 0 , 0 , 0 , 0 , 0 , 0 , 0 , 
1e+200 , 0.144649 , 0.144765 , 0.138929 , 0.13314 , 0.126467 , 0.119867 , 0.120018 , 0.120361 , 0.117063 , 0.11402 , 0.111268 , 0.108889 , 0.105585 , 0.10266 , 0.103643 , 0.105122 , 0.106303 , 0.107142 , 0.107743 , 0.104979 , 0.108139 , 0.0844382 , 0 , 0 , 0 , 0 , 0 , 0 , 0 , 0 , 0 , 0 , 
1e+200 , 0.1459 , 0.145983 , 0.14053 , 0.135112 , 0.127888 , 0.120716 , 0.121378 , 0.122188 , 0.118114 , 0.11423 , 0.111221 , 0.108516 , 0.104073 , 0.0999451 , 0.0995 , 0.099541 , 0.0994868 , 0.0995469 , 0.10111 , 0.101392 , 0.112466 , 0.11511 , 0.0898812 , 0 , 0 , 0 , 0 , 0 , 0 , 0 , 0 , 0 , 
1e+200 , 0.147363 , 0.147422 , 0.142351 , 0.137305 , 0.129576 , 0.121884 , 0.123059 , 0.124347 , 0.119557 , 0.114907 , 0.111689 , 0.108712 , 0.103208 , 0.09795 , 0.0961538 , 0.0947702 , 0.0933505 , 0.0921928 , 0.0936321 , 0.0948066 , 0.108566 , 0.119323 , 0.103627 , 0.0809149 , 0 , 0 , 0 , 0 , 0 , 0 , 0 , 0 , 
1e+200 , 0.148843 , 0.148885 , 0.144202 , 0.13954 , 0.131319 , 0.123125 , 0.124837 , 0.126635 , 0.121172 , 0.115811 , 0.112445 , 0.109266 , 0.102788 , 0.0964964 , 0.0934676 , 0.0907633 , 0.0880179 , 0.0855427 , 0.0864107 , 0.0874596 , 0.101467 , 0.115118 , 0.106989 , 0.0921436 , 0.0719485 , 0 , 0 , 0 , 0 , 0 , 0 , 0 , 
1e+200 , 0.150412 , 0.150442 , 0.146154 , 0.141881 , 0.133192 , 0.124523 , 0.126777 , 0.129094 , 0.122992 , 0.116965 , 0.113487 , 0.110153 , 0.102764 , 0.0955132 , 0.0913512 , 0.0874319 , 0.0834522 , 0.079697 , 0.0798644 , 0.0803668 , 0.0935461 , 0.107519 , 0.106016 , 0.101141 , 0.0958202 , 0.0748194 , 0 , 0 , 0 , 0 , 0 , 0 , 
1e+200 , 0.15199 , 0.152011 , 0.148122 , 0.144243 , 0.135095 , 0.125961 , 0.128769 , 0.131625 , 0.124909 , 0.118247 , 0.114697 , 0.111255 , 0.103014 , 0.094873 , 0.0896734 , 0.0846486 , 0.0795463 , 0.0746104 , 0.0741019 , 0.0739435 , 0.0859184 , 0.0990651 , 0.101839 , 0.103412 , 0.10509 , 0.0994969 , 0.0776902 , 0 , 0 , 0 , 0 , 0 , 
1e+200 , 0.153577 , 0.153592 , 0.150109 , 0.146634 , 0.137039 , 0.127453 , 0.130821 , 0.134225 , 0.126915 , 0.119643 , 0.116045 , 0.112528 , 0.103479 , 0.0945005 , 0.088336 , 0.0822937 , 0.0761682 , 0.070156 , 0.069053 , 0.0682568 , 0.0789959 , 0.0909144 , 0.096633 , 0.10246 , 0.102496 , 0.0993147 , 0.0979112 , 0.0764521 , 0 , 0 , 0 , 0 , 
1e+200 , 0.155168 , 0.155178 , 0.152104 , 0.149036 , 0.138998 , 0.128966 , 0.132902 , 0.136864 , 0.128973 , 0.12111 , 0.117487 , 0.113924 , 0.104101 , 0.0943276 , 0.0872581 , 0.0802718 , 0.0732082 , 0.0662157 , 0.0646166 , 0.0632635 , 0.0728818 , 0.0835316 , 0.0914842 , 0.100256 , 0.0968493 , 0.0918491 , 0.0976115 , 0.0963255 , 0.0752139 , 0 , 0 , 0 , 
1e+200 , 0.156754 , 0.156762 , 0.154101 , 0.151445 , 0.140968 , 0.130496 , 0.135004 , 0.139531 , 0.13107 , 0.122629 , 0.118998 , 0.115411 , 0.10484 , 0.0943034 , 0.0863734 , 0.0784987 , 0.0705634 , 0.0626686 , 0.060664 , 0.0588459 , 0.067506 , 0.0770035 , 0.0868553 , 0.097847 , 0.0903508 , 0.0817984 , 0.0857287 , 0.0870833 , 0.10996 , 0.0858601 , 0 , 0 , 
1e+200 , 0.158342 , 0.158348 , 0.156102 , 0.153859 , 0.142946 , 0.132036 , 0.137121 , 0.142219 , 0.133196 , 0.124185 , 0.120559 , 0.116965 , 0.105665 , 0.0943896 , 0.0856327 , 0.0769117 , 0.0681552 , 0.0594186 , 0.0570852 , 0.054888 , 0.062752 , 0.0712648 , 0.0828938 , 0.0957428 , 0.0840403 , 0.0713942 , 0.0715711 , 0.070772 , 0.101728 , 0.123594 , 0.0965063 , 0 , 
1e+200 , 0.158339 , 0.158342 , 0.156095 , 0.153849 , 0.142932 , 0.132018 , 0.137094 , 0.142179 , 0.133142 , 0.124115 , 0.120462 , 0.116832 , 0.105497 , 0.0941794 , 0.0853675 , 0.0765826 , 0.0677554 , 0.0589449 , 0.0564736 , 0.0541083 , 0.0615901 , 0.0695806 , 0.0804591 , 0.0923663 , 0.0806435 , 0.0683051 , 0.0686235 , 0.0686814 , 0.101829 , 0.132754 , 0.123594 , 0.0965063 , 

shifts ,
0 , 0 , 0 , 0 , 0 , 0 , 0 , 0 , 0 , 0 , 0 , 0 , 0 , 0 , 0 , 0 , 0 , 0 , 0 , 0 , 0 , 0 , 0 , 0 , 0 , 0 , 0 , 0 , 0 , 0 , 0 , 0 , 0 , 
0 , 0 , 0 , 0 , 0 , 0 , 0 , 0 , 0 , 0 , 0 , 0 , 0 , 0 , 0 , 0 , 0 , 0 , 0 , 0 , 0 , 0 , 0 , 0 , 0 , 0 , 0 , 0 , 0 , 0 , 0 , 0 , 0 , 
0 , 0 , 0 , 0 , 0 , 0 , 0 , 0 , 0 , 0 , 0 , 0 , 0 , 0 , 0 , 0 , 0 , 0 , 0 , 0 , 0 , 0 , 0 , 0 , 0 , 0 , 0 , 0 , 0 , 0 , 0 , 0 , 0 , 
0 , 0 , 0 , 0 , 0 , 0 , 0 , 0 , 0 , 0 , 0 , 0 , 0 , 0 , 0 , 0 , 0 , 0 , 0 , 0 , 0 , 0 , 0 , 0 , 0 , 0 , 0 , 0 , 0 , 0 , 0 , 0 , 0 , 
0 , 0 , 0 , 0 , 0 , 0 , 0 , 0 , 0 , 0 , 0 , 0 , 0 , 0 , 0 , 0 , 0 , 0 , 0 , 0 , 0 , 0 , 0 , 0 , 0 , 0 , 0 , 0 , 0 , 0 , 0 , 0 , 0 , 
0 , 0 , 0 , 0 , 0 , 0 , 0 , 0 , 0 , 0 , 0 , 0 , 0 , 0 , 0 , 0 , 0 , 0 , 0 , 0 , 0 , 0 , 0 , 0 , 0 , 0 , 0 , 0 , 0 , 0 , 0 , 0 , 0 , 
0 , 0 , 0 , 0 , 0 , 0 , 0 , 0 , 0 , 0 , 0 , 0 , 0 , 0 , 0 , 0 , 0 , 0 , 0 , 0 , 0 , 0 , 0 , 0 , 0 , 0 , 0 , 0 , 0 , 0 , 0 , 0 , 0 , 
0 , 0 , 0 , 0 , 0 , 0 , 0 , 0 , 0 , 0 , 0 , 0 , 0 , 0 , 0 , 0 , 0 , 0 , 0 , 0 , 0 , 0 , 0 , 0 , 0 , 0 , 0 , 0 , 0 , 0 , 0 , 0 , 0 , 
0 , 0 , 0 , 0 , 0 , 0 , 0 , 0 , 0 , 0 , 0 , 0 , 0 , 0 , 0 , 0 , 0 , 0 , 0 , 0 , 0 , 0 , 0 , 0 , 0 , 0 , 0 , 0 , 0 , 0 , 0 , 0 , 0 , 
0 , 0 , 0 , 0 , 0 , 0 , 0 , 0 , 0 , 0 , 0 , 0 , 0 , 0 , 0 , 0 , 0 , 0 , 0 , 0 , 0 , 0 , 0 , 0 , 0 , 0 , 0 , 0 , 0 , 0 , 0 , 0 , 0 , 
0 , 0 , 0 , 0 , 0 , 0 , 0 , 0 , 0 , 0 , 0 , 0 , 0 , 0 , 0 , 0 , 0 , 0 , 0 , 0 , 0 , 0 , 0 , 0 , 0 , 0 , 0 , 0 , 0 , 0 , 0 , 0 , 0 , 
0 , 0 , 0 , 0 , 0 , 0 , 0 , 0 , 0 , 0 , 0 , 0 , 0 , 0 , 0 , 0 , 0 , 0 , 0 , 0 , 0 , 0 , 0 , 0 , 0 , 0 , 0 , 0 , 0 , 0 , 0 , 0 , 0 , 
0 , 0 , 0 , 0 , 0 , 0 , 0 , 0 , 0 , 0 , 0 , 0 , 0 , 0 , 0 , 0 , 0 , 0 , 0 , 0 , 0 , 0 , 0 , 0 , 0 , 0 , 0 , 0 , 0 , 0 , 0 , 0 , 0 , 
0 , 0 , 0 , 0 , 0 , 0 , 0 , 0 , 0 , 0 , 0 , 0 , 0 , 0 , 0 , 0 , 0 , 0 , 0 , 0 , 0 , 0 , 0 , 0 , 0 , 0 , 0 , 0 , 0 , 0 , 0 , 0 , 0 , 
0 , 0 , 0 , 0 , 0 , 0 , 0 , 0 , 0 , 0 , 0 , 0 , 0 , 0 , 0 , 0 , 0 , 0 , 0 , 0 , 0 , 0 , 0 , 0 , 0 , 0 , 0 , 0 , 0 , 0 , 0 , 0 , 0 , 
0 , 0 , 0 , 0 , 0 , 0 , 0 , 0 , 0 , 0 , 0 , 0 , 0 , 0 , 0 , 0 , 0 , 0 , 0 , 0 , 0 , 0 , 0 , 0 , 0 , 0 , 0 , 0 , 0 , 0 , 0 , 0 , 0 , 
0 , 0 , 0 , 0 , 0 , 0 , 0 , 0 , 0 , 0 , 0 , 0 , 0 , 0 , 0 , 0 , 0 , 0 , 0 , 0 , 0 , 0 , 0 , 0 , 0 , 0 , 0 , 0 , 0 , 0 , 0 , 0 , 0 , 
0 , 0 , 0 , 0 , 0 , 0 , 0 , 0 , 0 , 0 , 0 , 0 , 0 , 0 , 0 , 0 , 0 , 0 , 0 , 0 , 0 , 0 , 0 , 0 , 0 , 0 , 0 , 0 , 0 , 0 , 0 , 0 , 0 , 
0 , 0 , 0 , 0 , 0 , 0 , 0 , 0 , 0 , 0 , 0 , 0 , 0 , 0 , 0 , 0 , 0 , 0 , 0 , 0 , 0 , 0 , 0 , 0 , 0 , 0 , 0 , 0 , 0 , 0 , 0 , 0 , 0 , 
0 , 0 , 0 , 0 , 0 , 0 , 0 , 0 , 0 , 0 , 0 , 0 , 0 , 0 , 0 , 0 , 0 , 0 , 0 , 0 , 0 , 0 , 0 , 0 , 0 , 0 , 0 , 0 , 0 , 0 , 0 , 0 , 0 , 
0 , 0 , 0 , 0 , 0 , 0 , 0 , 0 , 0 , 0 , 0 , 0 , 0 , 0 , 0 , 0 , 0 , 0 , 0 , 0 , 0 , 0 , 0 , 0 , 0 , 0 , 0 , 0 , 0 , 0 , 0 , 0 , 0 , 
0 , 0 , 0 , 0 , 0 , 0 , 0 , 0 , 0 , 0 , 0 , 0 , 0 , 0 , 0 , 0 , 0 , 0 , 0 , 0 , 0 , 0 , 0 , 0 , 0 , 0 , 0 , 0 , 0 , 0 , 0 , 0 , 0 , 
0 , 0 , 0 , 0 , 0 , 0 , 0 , 0 , 0 , 0 , 0 , 0 , 0 , 0 , 0 , 0 , 0 , 0 , 0 , 0 , 0 , 0 , 0 , 0 , 0 , 0 , 0 , 0 , 0 , 0 , 0 , 0 , 0 , 
0 , 0 , 0 , 0 , 0 , 0 , 0 , 0 , 0 , 0 , 0 , 0 , 0 , 0 , 0 , 0 , 0 , 0 , 0 , 0 , 0 , 0 , 0 , 0 , 0 , 0 , 0 , 0 , 0 , 0 , 0 , 0 , 0 , 
0 , 0 , 0 , 0 , 0 , 0 , 0 , 0 , 0 , 0 , 0 , 0 , 0 , 0 , 0 , 0 , 0 , 0 , 0 , 0 , 0 , 0 , 0 , 0 , 0 , 0 , 0 , 0 , 0 , 0 , 0 , 0 , 0 , 
0 , 0 , 0 , 0 , 0 , 0 , 0 , 0 , 0 , 0 , 0 , 0 , 0 , 0 , 0 , 0 , 0 , 0 , 0 , 0 , 0 , 0 , 0 , 0 , 0 , 0 , 0 , 0 , 0 , 0 , 0 , 0 , 0 , 
0 , 0 , 0 , 0 , 0 , 0 , 0 , 0 , 0 , 0 , 0 , 0 , 0 , 0 , 0 , 0 , 0 , 0 , 0 , 0 , 0 , 0 , 0 , 0 , 0 , 0 , 0 , 0 , 0 , 0 , 0 , 0 , 0 , 
0 , 0 , 0 , 0 , 0 , 0 , 0 , 0 , 0 , 0 , 0 , 0 , 0 , 0 , 0 , 0 , 0 , 0 , 0 , 0 , 0 , 0 , 0 , 0 , 0 , 0 , 0 , 0 , 0 , 0 , 0 , 0 , 0 , 
0 , 0 , 0 , 0 , 0 , 0 , 0 , 0 , 0 , 0 , 0 , 0 , 0 , 0 , 0 , 0 , 0 , 0 , 0 , 0 , 0 , 0 , 0 , 0 , 0 , 0 , 0 , 0 , 0 , 0 , 0 , 0 , 0 , 
0 , 0 , 0 , 0 , 0 , 0 , 0 , 0 , 0 , 0 , 0 , 0 , 0 , 0 , 0 , 0 , 0 , 0 , 0 , 0 , 0 , 0 , 0 , 0 , 0 , 0 , 0 , 0 , 0 , 0 , 0 , 0 , 0 , 
0 , 0 , 0 , 0 , 0 , 0 , 0 , 0 , 0 , 0 , 0 , 0 , 0 , 0 , 0 , 0 , 0 , 0 , 0 , 0 , 0 , 0 , 0 , 0 , 0 , 0 , 0 , 0 , 0 , 0 , 0 , 0 , 0 , 
0 , 0 , 0 , 0 , 0 , 0 , 0 , 0 , 0 , 0 , 0 , 0 , 0 , 0 , 0 , 0 , 0 , 0 , 0 , 0 , 0 , 0 , 0 , 0 , 0 , 0 , 0 , 0 , 0 , 0 , 0 , 0 , 0 , 
0 , 0 , 0 , 0 , 0 , 0 , 0 , 0 , 0 , 0 , 0 , 0 , 0 , 0 , 0 , 0 , 0 , 0 , 0 , 0 , 0 , 0 , 0 , 0 , 0 , 0 , 0 , 0 , 0 , 0 , 0 , 0 , 0 , 

