g ,
1e+100 , 0 , 0 , 0 , 0 , 0 , 0 , 0 , 0 , 0 , 0 , 0 , 0 , 0 , 0 , 0 , 0 , 0 , 0 , 0 , 0 , 0 , 0 , 0 , 0 , 0 , 0 , 0 , 0 , 0 , 0 , 0 , 0 , 
1e+100 , 1.08177 , 0 , 0 , 0 , 0 , 0 , 0 , 0 , 0 , 0 , 0 , 0 , 0 , 0 , 0 , 0 , 0 , 0 , 0 , 0 , 0 , 0 , 0 , 0 , 0 , 0 , 0 , 0 , 0 , 0 , 0 , 0 , 
1e+100 , 1.08177 , 1.08177 , 0 , 0 , 0 , 0 , 0 , 0 , 0 , 0 , 0 , 0 , 0 , 0 , 0 , 0 , 0 , 0 , 0 , 0 , 0 , 0 , 0 , 0 , 0 , 0 , 0 , 0 , 0 , 0 , 0 , 0 , 
1e+100 , 1.08177 , 1.08177 , 1.08177 , 0 , 0 , 0 , 0 , 0 , 0 , 0 , 0 , 0 , 0 , 0 , 0 , 0 , 0 , 0 , 0 , 0 , 0 , 0 , 0 , 0 , 0 , 0 , 0 , 0 , 0 , 0 , 0 , 0 , 
1e+100 , 0.991866 , 0.991866 , 1.0382 , 1.0382 , 0 , 0 , 0 , 0 , 0 , 0 , 0 , 0 , 0 , 0 , 0 , 0 , 0 , 0 , 0 , 0 , 0 , 0 , 0 , 0 , 0 , 0 , 0 , 0 , 0 , 0 , 0 , 0 , 
1e+100 , 0.901961 , 0.901961 , 0.948292 , 0.994623 , 0.994623 , 0 , 0 , 0 , 0 , 0 , 0 , 0 , 0 , 0 , 0 , 0 , 0 , 0 , 0 , 0 , 0 , 0 , 0 , 0 , 0 , 0 , 0 , 0 , 0 , 0 , 0 , 0 , 
1e+100 , 0.975969 , 0.975969 , 0.92758 , 0.879192 , 1.02252 , 1.02252 , 0 , 0 , 0 , 0 , 0 , 0 , 0 , 0 , 0 , 0 , 0 , 0 , 0 , 0 , 0 , 0 , 0 , 0 , 0 , 0 , 0 , 0 , 0 , 0 , 0 , 0 , 
1e+100 , 1.04998 , 1.04998 , 0.906868 , 0.763761 , 0.907084 , 1.05041 , 1.05041 , 0 , 0 , 0 , 0 , 0 , 0 , 0 , 0 , 0 , 0 , 0 , 0 , 0 , 0 , 0 , 0 , 0 , 0 , 0 , 0 , 0 , 0 , 0 , 0 , 0 , 
1e+100 , 1.06439 , 1.06439 , 0.935312 , 0.806231 , 0.868185 , 0.930138 , 0.997041 , 0.997041 , 0 , 0 , 0 , 0 , 0 , 0 , 0 , 0 , 0 , 0 , 0 , 0 , 0 , 0 , 0 , 0 , 0 , 0 , 0 , 0 , 0 , 0 , 0 , 0 , 
1e+100 , 1.07881 , 1.07881 , 0.963755 , 0.848702 , 0.829285 , 0.809869 , 0.876772 , 0.943675 , 0.943675 , 0 , 0 , 0 , 0 , 0 , 0 , 0 , 0 , 0 , 0 , 0 , 0 , 0 , 0 , 0 , 0 , 0 , 0 , 0 , 0 , 0 , 0 , 0 , 
1e+100 , 1.12031 , 1.12031 , 1.00422 , 0.888117 , 0.864985 , 0.841852 , 0.843757 , 0.845662 , 0.915101 , 0.915101 , 0 , 0 , 0 , 0 , 0 , 0 , 0 , 0 , 0 , 0 , 0 , 0 , 0 , 0 , 0 , 0 , 0 , 0 , 0 , 0 , 0 , 0 , 
1e+100 , 1.16182 , 1.16182 , 1.04468 , 0.927533 , 0.900684 , 0.873836 , 0.810743 , 0.74765 , 0.817088 , 0.886526 , 0.886526 , 0 , 0 , 0 , 0 , 0 , 0 , 0 , 0 , 0 , 0 , 0 , 0 , 0 , 0 , 0 , 0 , 0 , 0 , 0 , 0 , 0 , 
1e+100 , 1.14128 , 1.14128 , 1.06506 , 0.988847 , 0.937051 , 0.885256 , 0.839433 , 0.79361 , 0.801309 , 0.809008 , 0.86426 , 0.86426 , 0 , 0 , 0 , 0 , 0 , 0 , 0 , 0 , 0 , 0 , 0 , 0 , 0 , 0 , 0 , 0 , 0 , 0 , 0 , 0 , 
1e+100 , 1.12074 , 1.12074 , 1.08545 , 1.05016 , 0.973418 , 0.896675 , 0.868122 , 0.839569 , 0.78553 , 0.73149 , 0.786742 , 0.841994 , 0.841994 , 0 , 0 , 0 , 0 , 0 , 0 , 0 , 0 , 0 , 0 , 0 , 0 , 0 , 0 , 0 , 0 , 0 , 0 , 0 , 
1e+100 , 1.12441 , 1.12441 , 1.07885 , 1.03329 , 0.987313 , 0.941336 , 0.892147 , 0.842957 , 0.812619 , 0.78228 , 0.779559 , 0.776839 , 0.826865 , 0.826865 , 0 , 0 , 0 , 0 , 0 , 0 , 0 , 0 , 0 , 0 , 0 , 0 , 0 , 0 , 0 , 0 , 0 , 0 , 
1e+100 , 1.12808 , 1.12808 , 1.07225 , 1.01642 , 1.00121 , 0.985998 , 0.916172 , 0.846346 , 0.839707 , 0.833069 , 0.772377 , 0.711685 , 0.761711 , 0.811737 , 0.811737 , 0 , 0 , 0 , 0 , 0 , 0 , 0 , 0 , 0 , 0 , 0 , 0 , 0 , 0 , 0 , 0 , 0 , 
1e+100 , 1.11777 , 1.11777 , 1.06868 , 1.01959 , 0.995551 , 0.971508 , 0.92736 , 0.883212 , 0.853284 , 0.823355 , 0.796358 , 0.76936 , 0.762904 , 0.756448 , 0.807586 , 0.807586 , 0 , 0 , 0 , 0 , 0 , 0 , 0 , 0 , 0 , 0 , 0 , 0 , 0 , 0 , 0 , 0 , 
1e+100 , 1.10745 , 1.10745 , 1.06511 , 1.02277 , 0.989893 , 0.957019 , 0.938549 , 0.920078 , 0.86686 , 0.813641 , 0.820339 , 0.827036 , 0.764097 , 0.701158 , 0.752297 , 0.803435 , 0.803435 , 0 , 0 , 0 , 0 , 0 , 0 , 0 , 0 , 0 , 0 , 0 , 0 , 0 , 0 , 0 , 
1e+100 , 1.11071 , 1.11071 , 1.06818 , 1.02565 , 0.998659 , 0.971671 , 0.946288 , 0.920905 , 0.88291 , 0.844916 , 0.824715 , 0.804514 , 0.784295 , 0.764076 , 0.756926 , 0.749776 , 0.785237 , 0.785237 , 0 , 0 , 0 , 0 , 0 , 0 , 0 , 0 , 0 , 0 , 0 , 0 , 0 , 0 , 
1e+100 , 1.11397 , 1.11397 , 1.07125 , 1.02853 , 1.00742 , 0.986323 , 0.954027 , 0.921731 , 0.898961 , 0.876191 , 0.829091 , 0.781992 , 0.804492 , 0.826993 , 0.761555 , 0.696117 , 0.731578 , 0.767039 , 0.767039 , 0 , 0 , 0 , 0 , 0 , 0 , 0 , 0 , 0 , 0 , 0 , 0 , 0 , 
1e+100 , 1.12176 , 1.12176 , 1.07967 , 1.03759 , 1.0183 , 0.999017 , 0.970756 , 0.942494 , 0.911626 , 0.880758 , 0.835355 , 0.789951 , 0.780948 , 0.771946 , 0.758533 , 0.74512 , 0.724235 , 0.70335 , 0.743056 , 0.743056 , 0 , 0 , 0 , 0 , 0 , 0 , 0 , 0 , 0 , 0 , 0 , 0 , 
1e+100 , 1.12955 , 1.12955 , 1.0881 , 1.04665 , 1.02918 , 1.01171 , 0.987484 , 0.963257 , 0.924291 , 0.885326 , 0.841618 , 0.79791 , 0.757404 , 0.716898 , 0.755511 , 0.794124 , 0.716892 , 0.63966 , 0.679367 , 0.719073 , 0.719073 , 0 , 0 , 0 , 0 , 0 , 0 , 0 , 0 , 0 , 0 , 0 , 
1e+100 , 1.20475 , 1.20475 , 1.13063 , 1.0565 , 1.0373 , 1.01811 , 0.997931 , 0.977756 , 0.943425 , 0.909095 , 0.856583 , 0.804071 , 0.754669 , 0.705268 , 0.709867 , 0.714467 , 0.701119 , 0.687771 , 0.669403 , 0.651034 , 0.708194 , 0.708194 , 0 , 0 , 0 , 0 , 0 , 0 , 0 , 0 , 0 , 0 , 
1e+100 , 1.27995 , 1.27995 , 1.17315 , 1.06635 , 1.04542 , 1.0245 , 1.00838 , 0.992254 , 0.962559 , 0.932864 , 0.871548 , 0.810232 , 0.751934 , 0.693637 , 0.664224 , 0.634811 , 0.685346 , 0.735882 , 0.659439 , 0.582996 , 0.640156 , 0.697315 , 0.697315 , 0 , 0 , 0 , 0 , 0 , 0 , 0 , 0 , 0 , 
1e+100 , 1.2601 , 1.2601 , 1.20239 , 1.14469 , 1.08722 , 1.02975 , 1.01284 , 0.995919 , 0.972472 , 0.949025 , 0.896138 , 0.843251 , 0.775352 , 0.707452 , 0.661058 , 0.614664 , 0.63242 , 0.650175 , 0.644583 , 0.638992 , 0.630825 , 0.622659 , 0.683791 , 0.683791 , 0 , 0 , 0 , 0 , 0 , 0 , 0 , 0 , 
1e+100 , 1.24025 , 1.24025 , 1.23164 , 1.22302 , 1.12902 , 1.03501 , 1.0173 , 0.999584 , 0.982385 , 0.965187 , 0.920729 , 0.876271 , 0.79877 , 0.721268 , 0.657893 , 0.594517 , 0.579493 , 0.564468 , 0.629728 , 0.694988 , 0.621495 , 0.548003 , 0.609135 , 0.670266 , 0.670266 , 0 , 0 , 0 , 0 , 0 , 0 , 0 , 
1e+100 , 1.2696 , 1.2696 , 1.23677 , 1.20395 , 1.15543 , 1.10691 , 1.05191 , 0.996913 , 0.980528 , 0.964142 , 0.928856 , 0.89357 , 0.827594 , 0.761619 , 0.687517 , 0.613416 , 0.574699 , 0.535983 , 0.569985 , 0.603988 , 0.606345 , 0.608703 , 0.600639 , 0.592576 , 0.659686 , 0.659686 , 0 , 0 , 0 , 0 , 0 , 0 , 
1e+100 , 1.29894 , 1.29894 , 1.24191 , 1.18488 , 1.18185 , 1.17882 , 1.08653 , 0.994243 , 0.978671 , 0.963098 , 0.936983 , 0.910868 , 0.856419 , 0.80197 , 0.717142 , 0.632314 , 0.569905 , 0.507497 , 0.510242 , 0.512988 , 0.591195 , 0.669403 , 0.592144 , 0.514886 , 0.581995 , 0.649105 , 0.649105 , 0 , 0 , 0 , 0 , 0 , 
1e+100 , 1.25595 , 1.25595 , 1.23814 , 1.22032 , 1.19096 , 1.16159 , 1.11382 , 1.06606 , 1.01309 , 0.960122 , 0.937293 , 0.914465 , 0.871801 , 0.829137 , 0.758076 , 0.687015 , 0.612589 , 0.538164 , 0.510965 , 0.483766 , 0.531109 , 0.578452 , 0.580366 , 0.58228 , 0.575877 , 0.569474 , 0.644231 , 0.644231 , 0 , 0 , 0 , 0 , 
1e+100 , 1.21297 , 1.21297 , 1.23436 , 1.25576 , 1.20006 , 1.14437 , 1.14112 , 1.13787 , 1.04751 , 0.957145 , 0.937603 , 0.918061 , 0.887182 , 0.856303 , 0.79901 , 0.741716 , 0.655273 , 0.568831 , 0.511688 , 0.454545 , 0.471023 , 0.487502 , 0.568588 , 0.649675 , 0.569759 , 0.489844 , 0.5646 , 0.639357 , 0.639357 , 0 , 0 , 0 , 
1e+100 , 1.11202 , 1.11202 , 1.1687 , 1.22539 , 1.20833 , 1.19126 , 1.1615 , 1.13174 , 1.08541 , 1.03908 , 0.983759 , 0.928439 , 0.902611 , 0.876784 , 0.832366 , 0.787948 , 0.716135 , 0.644322 , 0.572876 , 0.501429 , 0.482676 , 0.463923 , 0.514447 , 0.56497 , 0.565376 , 0.565782 , 0.562991 , 0.5602 , 0.639817 , 0.639817 , 0 , 0 , 
1e+100 , 1.01106 , 1.01106 , 1.10304 , 1.19503 , 1.21659 , 1.23816 , 1.18189 , 1.12562 , 1.12332 , 1.12101 , 1.02991 , 0.938816 , 0.918041 , 0.897265 , 0.865722 , 0.834179 , 0.776996 , 0.719814 , 0.634064 , 0.548313 , 0.494329 , 0.440345 , 0.460305 , 0.480265 , 0.560993 , 0.641721 , 0.561382 , 0.481044 , 0.56066 , 0.640277 , 0.640277 , 0 , 
1e+100 , 1.01106 , 1.01106 , 1.10304 , 1.19503 , 1.21659 , 1.23816 , 1.18189 , 1.12562 , 1.12332 , 1.12101 , 1.02991 , 0.938816 , 0.918041 , 0.897265 , 0.865722 , 0.834179 , 0.776996 , 0.719814 , 0.634064 , 0.548313 , 0.494329 , 0.440345 , 0.460305 , 0.480265 , 0.560993 , 0.641721 , 0.561382 , 0.481044 , 0.56066 , 0.640277 , 0.640277 , 0.640277 , 

h ,
1e+100 , 0 , 0 , 0 , 0 , 0 , 0 , 0 , 0 , 0 , 0 , 0 , 0 , 0 , 0 , 0 , 0 , 0 , 0 , 0 , 0 , 0 , 0 , 0 , 0 , 0 , 0 , 0 , 0 , 0 , 0 , 0 , 0 , 
1e+100 , 0.120859 , 0 , 0 , 0 , 0 , 0 , 0 , 0 , 0 , 0 , 0 , 0 , 0 , 0 , 0 , 0 , 0 , 0 , 0 , 0 , 0 , 0 , 0 , 0 , 0 , 0 , 0 , 0 , 0 , 0 , 0 , 0 , 
1e+100 , 0.154783 , 0.120859 , 0 , 0 , 0 , 0 , 0 , 0 , 0 , 0 , 0 , 0 , 0 , 0 , 0 , 0 , 0 , 0 , 0 , 0 , 0 , 0 , 0 , 0 , 0 , 0 , 0 , 0 , 0 , 0 , 0 , 0 , 
1e+100 , 0.166254 , 0.154783 , 0.120859 , 0 , 0 , 0 , 0 , 0 , 0 , 0 , 0 , 0 , 0 , 0 , 0 , 0 , 0 , 0 , 0 , 0 , 0 , 0 , 0 , 0 , 0 , 0 , 0 , 0 , 0 , 0 , 0 , 0 , 
1e+100 , 0.166418 , 0.166254 , 0.154783 , 0.120859 , 0 , 0 , 0 , 0 , 0 , 0 , 0 , 0 , 0 , 0 , 0 , 0 , 0 , 0 , 0 , 0 , 0 , 0 , 0 , 0 , 0 , 0 , 0 , 0 , 0 , 0 , 0 , 0 , 
1e+100 , 0.161502 , 0.166418 , 0.166254 , 0.154783 , 0.120859 , 0 , 0 , 0 , 0 , 0 , 0 , 0 , 0 , 0 , 0 , 0 , 0 , 0 , 0 , 0 , 0 , 0 , 0 , 0 , 0 , 0 , 0 , 0 , 0 , 0 , 0 , 0 , 
1e+100 , 0.154851 , 0.161502 , 0.166418 , 0.166254 , 0.154783 , 0.120859 , 0 , 0 , 0 , 0 , 0 , 0 , 0 , 0 , 0 , 0 , 0 , 0 , 0 , 0 , 0 , 0 , 0 , 0 , 0 , 0 , 0 , 0 , 0 , 0 , 0 , 0 , 
1e+100 , 0.148151 , 0.154851 , 0.161502 , 0.166418 , 0.166254 , 0.154783 , 0.120859 , 0 , 0 , 0 , 0 , 0 , 0 , 0 , 0 , 0 , 0 , 0 , 0 , 0 , 0 , 0 , 0 , 0 , 0 , 0 , 0 , 0 , 0 , 0 , 0 , 0 , 
1e+100 , 0.142163 , 0.148151 , 0.154851 , 0.161502 , 0.166418 , 0.166254 , 0.154783 , 0.120859 , 0 , 0 , 0 , 0 , 0 , 0 , 0 , 0 , 0 , 0 , 0 , 0 , 0 , 0 , 0 , 0 , 0 , 0 , 0 , 0 , 0 , 0 , 0 , 0 , 
1e+100 , 0.137149 , 0.142163 , 0.148151 , 0.154851 , 0.161502 , 0.166418 , 0.166254 , 0.154783 , 0.120859 , 0 , 0 , 0 , 0 , 0 , 0 , 0 , 0 , 0 , 0 , 0 , 0 , 0 , 0 , 0 , 0 , 0 , 0 , 0 , 0 , 0 , 0 , 0 , 
1e+100 , 0.133121 , 0.137149 , 0.142163 , 0.148151 , 0.154851 , 0.161502 , 0.166418 , 0.166254 , 0.154783 , 0.120859 , 0 , 0 , 0 , 0 , 0 , 0 , 0 , 0 , 0 , 0 , 0 , 0 , 0 , 0 , 0 , 0 , 0 , 0 , 0 , 0 , 0 , 0 , 
1e+100 , 0.129975 , 0.133121 , 0.137149 , 0.142163 , 0.148151 , 0.154851 , 0.161502 , 0.166418 , 0.166254 , 0.154783 , 0.120859 , 0 , 0 , 0 , 0 , 0 , 0 , 0 , 0 , 0 , 0 , 0 , 0 , 0 , 0 , 0 , 0 , 0 , 0 , 0 , 0 , 0 , 
1e+100 , 0.127568 , 0.129975 , 0.133121 , 0.137149 , 0.142163 , 0.148151 , 0.154851 , 0.161502 , 0.166418 , 0.166254 , 0.154783 , 0.120859 , 0 , 0 , 0 , 0 , 0 , 0 , 0 , 0 , 0 , 0 , 0 , 0 , 0 , 0 , 0 , 0 , 0 , 0 , 0 , 0 , 
1e+100 , 0.125756 , 0.127568 , 0.129975 , 0.133121 , 0.137149 , 0.142163 , 0.148151 , 0.154851 , 0.161502 , 0.166418 , 0.166254 , 0.154783 , 0.120859 , 0 , 0 , 0 , 0 , 0 , 0 , 0 , 0 , 0 , 0 , 0 , 0 , 0 , 0 , 0 , 0 , 0 , 0 , 0 , 
1e+100 , 0.124409 , 0.125756 , 0.127568 , 0.129975 , 0.133121 , 0.137149 , 0.142163 , 0.148151 , 0.154851 , 0.161502 , 0.166418 , 0.166254 , 0.154783 , 0.120859 , 0 , 0 , 0 , 0 , 0 , 0 , 0 , 0 , 0 , 0 , 0 , 0 , 0 , 0 , 0 , 0 , 0 , 0 , 
1e+100 , 0.123417 , 0.124409 , 0.125756 , 0.127568 , 0.129975 , 0.133121 , 0.137149 , 0.142163 , 0.148151 , 0.154851 , 0.161502 , 0.166418 , 0.166254 , 0.154783 , 0.120859 , 0 , 0 , 0 , 0 , 0 , 0 , 0 , 0 , 0 , 0 , 0 , 0 , 0 , 0 , 0 , 0 , 0 , 
1e+100 , 0.122693 , 0.123417 , 0.124409 , 0.125756 , 0.127568 , 0.129975 , 0.133121 , 0.137149 , 0.142163 , 0.148151 , 0.154851 , 0.161502 , 0.166418 , 0.166254 , 0.154783 , 0.120859 , 0 , 0 , 0 , 0 , 0 , 0 , 0 , 0 , 0 , 0 , 0 , 0 , 0 , 0 , 0 , 0 , 
1e+100 , 0.122168 , 0.122693 , 0.123417 , 0.124409 , 0.125756 , 0.127568 , 0.129975 , 0.133121 , 0.137149 , 0.142163 , 0.148151 , 0.154851 , 0.161502 , 0.166418 , 0.166254 , 0.154783 , 0.120859 , 0 , 0 , 0 , 0 , 0 , 0 , 0 , 0 , 0 , 0 , 0 , 0 , 0 , 0 , 0 , 
1e+100 , 0.12179 , 0.122168 , 0.122693 , 0.123417 , 0.124409 , 0.125756 , 0.127568 , 0.129975 , 0.133121 , 0.137149 , 0.142163 , 0.148151 , 0.154851 , 0.161502 , 0.166418 , 0.166254 , 0.154783 , 0.120859 , 0 , 0 , 0 , 0 , 0 , 0 , 0 , 0 , 0 , 0 , 0 , 0 , 0 , 0 , 
1e+100 , 0.121518 , 0.12179 , 0.122168 , 0.122693 , 0.123417 , 0.124409 , 0.125756 , 0.127568 , 0.129975 , 0.133121 , 0.137149 , 0.142163 , 0.148151 , 0.154851 , 0.161502 , 0.166418 , 0.166254 , 0.154783 , 0.120859 , 0 , 0 , 0 , 0 , 0 , 0 , 0 , 0 , 0 , 0 , 0 , 0 , 0 , 
1e+100 , 0.121325 , 0.121518 , 0.12179 , 0.122168 , 0.122693 , 0.123417 , 0.124409 , 0.125756 , 0.127568 , 0.129975 , 0.133121 , 0.137149 , 0.142163 , 0.148151 , 0.154851 , 0.161502 , 0.166418 , 0.166254 , 0.154783 , 0.120859 , 0 , 0 , 0 , 0 , 0 , 0 , 0 , 0 , 0 , 0 , 0 , 0 , 
1e+100 , 0.121187 , 0.121325 , 0.121518 , 0.12179 , 0.122168 , 0.122693 , 0.123417 , 0.124409 , 0.125756 , 0.127568 , 0.129975 , 0.133121 , 0.137149 , 0.142163 , 0.148151 , 0.154851 , 0.161502 , 0.166418 , 0.166254 , 0.154783 , 0.120859 , 0 , 0 , 0 , 0 , 0 , 0 , 0 , 0 , 0 , 0 , 0 , 
1e+100 , 0.12109 , 0.121187 , 0.121325 , 0.121518 , 0.12179 , 0.122168 , 0.122693 , 0.123417 , 0.124409 , 0.125756 , 0.127568 , 0.129975 , 0.133121 , 0.137149 , 0.142163 , 0.148151 , 0.154851 , 0.161502 , 0.166418 , 0.166254 , 0.154783 , 0.120859 , 0 , 0 , 0 , 0 , 0 , 0 , 0 , 0 , 0 , 0 , 
1e+100 , 0.121021 , 0.12109 , 0.121187 , 0.121325 , 0.121518 , 0.12179 , 0.122168 , 0.122693 , 0.123417 , 0.124409 , 0.125756 , 0.127568 , 0.129975 , 0.133121 , 0.137149 , 0.142163 , 0.148151 , 0.154851 , 0.161502 , 0.166418 , 0.166254 , 0.154783 , 0.120859 , 0 , 0 , 0 , 0 , 0 , 0 , 0 , 0 , 0 , 
1e+100 , 0.120972 , 0.121021 , 0.12109 , 0.121187 , 0.121325 , 0.121518 , 0.12179 , 0.122168 , 0.122693 , 0.123417 , 0.124409 , 0.125756 , 0.127568 , 0.129975 , 0.133121 , 0.137149 , 0.142163 , 0.148151 , 0.154851 , 0.161502 , 0.166418 , 0.166254 , 0.154783 , 0.120859 , 0 , 0 , 0 , 0 , 0 , 0 , 0 , 0 , 
1e+100 , 0.120938 , 0.120972 , 0.121021 , 0.12109 , 0.121187 , 0.121325 , 0.121518 , 0.12179 , 0.122168 , 0.122693 , 0.123417 , 0.124409 , 0.125756 , 0.127568 , 0.129975 , 0.133121 , 0.137149 , 0.142163 , 0.148151 , 0.154851 , 0.161502 , 0.166418 , 0.166254 , 0.154783 , 0.120859 , 0 , 0 , 0 , 0 , 0 , 0 , 0 , 
1e+100 , 0.120914 , 0.120938 , 0.120972 , 0.121021 , 0.12109 , 0.121187 , 0.121325 , 0.121518 , 0.12179 , 0.122168 , 0.122693 , 0.123417 , 0.124409 , 0.125756 , 0.127568 , 0.129975 , 0.133121 , 0.137149 , 0.142163 , 0.148151 , 0.154851 , 0.161502 , 0.166418 , 0.166254 , 0.154783 , 0.120859 , 0 , 0 , 0 , 0 , 0 , 0 , 
1e+100 , 0.120898 , 0.120914 , 0.120938 , 0.120972 , 0.121021 , 0.12109 , 0.121187 , 0.121325 , 0.121518 , 0.12179 , 0.122168 , 0.122693 , 0.123417 , 0.124409 , 0.125756 , 0.127568 , 0.129975 , 0.133121 , 0.137149 , 0.142163 , 0.148151 , 0.154851 , 0.161502 , 0.166418 , 0.166254 , 0.154783 , 0.120859 , 0 , 0 , 0 , 0 , 0 , 
1e+100 , 0.120886 , 0.120898 , 0.120914 , 0.120938 , 0.120972 , 0.121021 , 0.12109 , 0.121187 , 0.121325 , 0.121518 , 0.12179 , 0.122168 , 0.122693 , 0.123417 , 0.124409 , 0.125756 , 0.127568 , 0.129975 , 0.133121 , 0.137149 , 0.142163 , 0.148151 , 0.154851 , 0.161502 , 0.166418 , 0.166254 , 0.154783 , 0.120859 , 0 , 0 , 0 , 0 , 
1e+100 , 0.120878 , 0.120886 , 0.120898 , 0.120914 , 0.120938 , 0.120972 , 0.121021 , 0.12109 , 0.121187 , 0.121325 , 0.121518 , 0.12179 , 0.122168 , 0.122693 , 0.123417 , 0.124409 , 0.125756 , 0.127568 , 0.129975 , 0.133121 , 0.137149 , 0.142163 , 0.148151 , 0.154851 , 0.161502 , 0.166418 , 0.166254 , 0.154783 , 0.120859 , 0 , 0 , 0 , 
1e+100 , 0.120872 , 0.120878 , 0.120886 , 0.120898 , 0.120914 , 0.120938 , 0.120972 , 0.121021 , 0.12109 , 0.121187 , 0.121325 , 0.121518 , 0.12179 , 0.122168 , 0.122693 , 0.123417 , 0.124409 , 0.125756 , 0.127568 , 0.129975 , 0.133121 , 0.137149 , 0.142163 , 0.148151 , 0.154851 , 0.161502 , 0.166418 , 0.166254 , 0.154783 , 0.120859 , 0 , 0 , 
1e+100 , 0.120868 , 0.120872 , 0.120878 , 0.120886 , 0.120898 , 0.120914 , 0.120938 , 0.120972 , 0.121021 , 0.12109 , 0.121187 , 0.121325 , 0.121518 , 0.12179 , 0.122168 , 0.122693 , 0.123417 , 0.124409 , 0.125756 , 0.127568 , 0.129975 , 0.133121 , 0.137149 , 0.142163 , 0.148151 , 0.154851 , 0.161502 , 0.166418 , 0.166254 , 0.154783 , 0.120859 , 0 , 
1e+100 , 0.120866 , 0.120868 , 0.120872 , 0.120878 , 0.120886 , 0.120898 , 0.120914 , 0.120938 , 0.120972 , 0.121021 , 0.12109 , 0.121187 , 0.121325 , 0.121518 , 0.12179 , 0.122168 , 0.122693 , 0.123417 , 0.124409 , 0.125756 , 0.127568 , 0.129975 , 0.133121 , 0.137149 , 0.142163 , 0.148151 , 0.154851 , 0.161502 , 0.166418 , 0.166254 , 0.154783 , 0.120859 , 

h*g ,
1e+200 , 0 , 0 , 0 , 0 , 0 , 0 , 0 , 0 , 0 , 0 , 0 , 0 , 0 , 0 , 0 , 0 , 0 , 0 , 0 , 0 , 0 , 0 , 0 , 0 , 0 , 0 , 0 , 0 , 0 , 0 , 0 , 0 , 
1e+200 , 0.130742 , 0 , 0 , 0 , 0 , 0 , 0 , 0 , 0 , 0 , 0 , 0 , 0 , 0 , 0 , 0 , 0 , 0 , 0 , 0 , 0 , 0 , 0 , 0 , 0 , 0 , 0 , 0 , 0 , 0 , 0 , 0 , 
1e+200 , 0.16744 , 0.130742 , 0 , 0 , 0 , 0 , 0 , 0 , 0 , 0 , 0 , 0 , 0 , 0 , 0 , 0 , 0 , 0 , 0 , 0 , 0 , 0 , 0 , 0 , 0 , 0 , 0 , 0 , 0 , 0 , 0 , 0 , 
1e+200 , 0.179849 , 0.16744 , 0.130742 , 0 , 0 , 0 , 0 , 0 , 0 , 0 , 0 , 0 , 0 , 0 , 0 , 0 , 0 , 0 , 0 , 0 , 0 , 0 , 0 , 0 , 0 , 0 , 0 , 0 , 0 , 0 , 0 , 0 , 
1e+200 , 0.165065 , 0.164902 , 0.160695 , 0.125476 , 0 , 0 , 0 , 0 , 0 , 0 , 0 , 0 , 0 , 0 , 0 , 0 , 0 , 0 , 0 , 0 , 0 , 0 , 0 , 0 , 0 , 0 , 0 , 0 , 0 , 0 , 0 , 0 , 
1e+200 , 0.145669 , 0.150103 , 0.157658 , 0.153951 , 0.12021 , 0 , 0 , 0 , 0 , 0 , 0 , 0 , 0 , 0 , 0 , 0 , 0 , 0 , 0 , 0 , 0 , 0 , 0 , 0 , 0 , 0 , 0 , 0 , 0 , 0 , 0 , 0 , 
1e+200 , 0.15113 , 0.157621 , 0.154366 , 0.146169 , 0.158268 , 0.123581 , 0 , 0 , 0 , 0 , 0 , 0 , 0 , 0 , 0 , 0 , 0 , 0 , 0 , 0 , 0 , 0 , 0 , 0 , 0 , 0 , 0 , 0 , 0 , 0 , 0 , 0 , 
1e+200 , 0.155555 , 0.16259 , 0.146461 , 0.127104 , 0.150807 , 0.162585 , 0.126952 , 0 , 0 , 0 , 0 , 0 , 0 , 0 , 0 , 0 , 0 , 0 , 0 , 0 , 0 , 0 , 0 , 0 , 0 , 0 , 0 , 0 , 0 , 0 , 0 , 0 , 
1e+200 , 0.151317 , 0.15769 , 0.144834 , 0.130208 , 0.144482 , 0.15464 , 0.154325 , 0.120502 , 0 , 0 , 0 , 0 , 0 , 0 , 0 , 0 , 0 , 0 , 0 , 0 , 0 , 0 , 0 , 0 , 0 , 0 , 0 , 0 , 0 , 0 , 0 , 0 , 
1e+200 , 0.147957 , 0.153366 , 0.142781 , 0.131422 , 0.133932 , 0.134777 , 0.145767 , 0.146065 , 0.114052 , 0 , 0 , 0 , 0 , 0 , 0 , 0 , 0 , 0 , 0 , 0 , 0 , 0 , 0 , 0 , 0 , 0 , 0 , 0 , 0 , 0 , 0 , 0 , 
1e+200 , 0.149137 , 0.15365 , 0.142762 , 0.131575 , 0.133944 , 0.135961 , 0.140417 , 0.140595 , 0.141642 , 0.110599 , 0 , 0 , 0 , 0 , 0 , 0 , 0 , 0 , 0 , 0 , 0 , 0 , 0 , 0 , 0 , 0 , 0 , 0 , 0 , 0 , 0 , 0 , 
1e+200 , 0.151007 , 0.154662 , 0.143276 , 0.131861 , 0.133437 , 0.135314 , 0.130937 , 0.124423 , 0.135844 , 0.137219 , 0.107145 , 0 , 0 , 0 , 0 , 0 , 0 , 0 , 0 , 0 , 0 , 0 , 0 , 0 , 0 , 0 , 0 , 0 , 0 , 0 , 0 , 0 , 
1e+200 , 0.145591 , 0.148337 , 0.141782 , 0.135619 , 0.133214 , 0.131151 , 0.129987 , 0.12817 , 0.133352 , 0.134501 , 0.133773 , 0.104454 , 0 , 0 , 0 , 0 , 0 , 0 , 0 , 0 , 0 , 0 , 0 , 0 , 0 , 0 , 0 , 0 , 0 , 0 , 0 , 0 , 
1e+200 , 0.14094 , 0.142971 , 0.141081 , 0.139798 , 0.133503 , 0.127474 , 0.128613 , 0.130008 , 0.126865 , 0.121733 , 0.130799 , 0.130326 , 0.101763 , 0 , 0 , 0 , 0 , 0 , 0 , 0 , 0 , 0 , 0 , 0 , 0 , 0 , 0 , 0 , 0 , 0 , 0 , 0 , 
1e+200 , 0.139886 , 0.141401 , 0.137627 , 0.134302 , 0.131432 , 0.129103 , 0.12683 , 0.124885 , 0.125835 , 0.12634 , 0.129733 , 0.129153 , 0.127985 , 0.0999345 , 0 , 0 , 0 , 0 , 0 , 0 , 0 , 0 , 0 , 0 , 0 , 0 , 0 , 0 , 0 , 0 , 0 , 0 , 
1e+200 , 0.139224 , 0.140343 , 0.134842 , 0.129663 , 0.130132 , 0.131257 , 0.125652 , 0.120319 , 0.124403 , 0.129002 , 0.124741 , 0.118437 , 0.126638 , 0.125643 , 0.0981061 , 0 , 0 , 0 , 0 , 0 , 0 , 0 , 0 , 0 , 0 , 0 , 0 , 0 , 0 , 0 , 0 , 0 , 
1e+200 , 0.137142 , 0.137951 , 0.132953 , 0.12822 , 0.127001 , 0.126272 , 0.123451 , 0.121132 , 0.121305 , 0.121981 , 0.123317 , 0.124254 , 0.126961 , 0.125763 , 0.125001 , 0.0976044 , 0 , 0 , 0 , 0 , 0 , 0 , 0 , 0 , 0 , 0 , 0 , 0 , 0 , 0 , 0 , 0 , 
1e+200 , 0.135295 , 0.135876 , 0.131452 , 0.127241 , 0.124485 , 0.122085 , 0.121988 , 0.122481 , 0.118889 , 0.115669 , 0.121534 , 0.128067 , 0.123403 , 0.116686 , 0.125073 , 0.124358 , 0.0971027 , 0 , 0 , 0 , 0 , 0 , 0 , 0 , 0 , 0 , 0 , 0 , 0 , 0 , 0 , 0 , 
1e+200 , 0.135273 , 0.135693 , 0.131058 , 0.126582 , 0.124242 , 0.122194 , 0.120716 , 0.119694 , 0.117534 , 0.115879 , 0.117244 , 0.119189 , 0.121449 , 0.1234 , 0.125966 , 0.124654 , 0.121541 , 0.0949033 , 0 , 0 , 0 , 0 , 0 , 0 , 0 , 0 , 0 , 0 , 0 , 0 , 0 , 0 , 
1e+200 , 0.135368 , 0.13567 , 0.130872 , 0.126193 , 0.124333 , 0.122707 , 0.119975 , 0.117583 , 0.116842 , 0.116639 , 0.113709 , 0.11117 , 0.119186 , 0.128061 , 0.122993 , 0.115847 , 0.121628 , 0.118725 , 0.0927039 , 0 , 0 , 0 , 0 , 0 , 0 , 0 , 0 , 0 , 0 , 0 , 0 , 0 , 
1e+200 , 0.136097 , 0.136315 , 0.131493 , 0.12676 , 0.124938 , 0.123295 , 0.12077 , 0.118524 , 0.116294 , 0.114476 , 0.111203 , 0.108341 , 0.111022 , 0.114364 , 0.11746 , 0.120339 , 0.120526 , 0.116935 , 0.115013 , 0.0898054 , 0 , 0 , 0 , 0 , 0 , 0 , 0 , 0 , 0 , 0 , 0 , 0 , 
1e+200 , 0.136888 , 0.137043 , 0.132224 , 0.127471 , 0.125733 , 0.124129 , 0.121872 , 0.119838 , 0.116235 , 0.112939 , 0.109389 , 0.106218 , 0.103877 , 0.101916 , 0.11193 , 0.122971 , 0.11578 , 0.106451 , 0.112948 , 0.1113 , 0.0869068 , 0 , 0 , 0 , 0 , 0 , 0 , 0 , 0 , 0 , 0 , 0 , 
1e+200 , 0.145883 , 0.146001 , 0.137173 , 0.128384 , 0.126332 , 0.12438 , 0.122439 , 0.120671 , 0.11737 , 0.114324 , 0.109273 , 0.104509 , 0.100462 , 0.0967268 , 0.100917 , 0.105849 , 0.108569 , 0.111077 , 0.111401 , 0.108237 , 0.109617 , 0.085592 , 0 , 0 , 0 , 0 , 0 , 0 , 0 , 0 , 0 , 0 , 
1e+200 , 0.154901 , 0.154989 , 0.142171 , 0.129374 , 0.127038 , 0.124774 , 0.123191 , 0.121742 , 0.118796 , 0.116056 , 0.109602 , 0.10336 , 0.0977324 , 0.0923375 , 0.0910977 , 0.0902464 , 0.101535 , 0.113952 , 0.106501 , 0.0970211 , 0.106429 , 0.107933 , 0.0842771 , 0 , 0 , 0 , 0 , 0 , 0 , 0 , 0 , 0 , 
1e+200 , 0.152438 , 0.152499 , 0.145598 , 0.138721 , 0.131907 , 0.125134 , 0.123353 , 0.121669 , 0.119315 , 0.117126 , 0.111487 , 0.106044 , 0.0989102 , 0.0919509 , 0.0880006 , 0.0843006 , 0.0899065 , 0.0963239 , 0.0998143 , 0.103199 , 0.104981 , 0.10352 , 0.105839 , 0.0826426 , 0 , 0 , 0 , 0 , 0 , 0 , 0 , 0 , 
1e+200 , 0.149994 , 0.150036 , 0.149054 , 0.148096 , 0.136822 , 0.125572 , 0.12362 , 0.121739 , 0.120016 , 0.118421 , 0.113633 , 0.109016 , 0.10045 , 0.0920108 , 0.0855094 , 0.0791426 , 0.0794769 , 0.0802463 , 0.0932947 , 0.107619 , 0.100373 , 0.0911977 , 0.101271 , 0.103746 , 0.081008 , 0 , 0 , 0 , 0 , 0 , 0 , 0 , 
1e+200 , 0.153512 , 0.153543 , 0.149616 , 0.145704 , 0.139911 , 0.134144 , 0.127623 , 0.121143 , 0.119418 , 0.117787 , 0.113964 , 0.110282 , 0.10296 , 0.0957782 , 0.0877053 , 0.0797285 , 0.0765044 , 0.0735095 , 0.0810306 , 0.0894813 , 0.0938931 , 0.098307 , 0.0999574 , 0.0985183 , 0.102108 , 0.0797292 , 0 , 0 , 0 , 0 , 0 , 0 , 
1e+200 , 0.157038 , 0.15706 , 0.150194 , 0.143338 , 0.143029 , 0.142743 , 0.131674 , 0.120626 , 0.118926 , 0.117295 , 0.114469 , 0.111757 , 0.105697 , 0.099772 , 0.090185 , 0.0806631 , 0.0740733 , 0.0675584 , 0.0699793 , 0.0729277 , 0.087586 , 0.103658 , 0.0956327 , 0.0856864 , 0.0967592 , 0.10047 , 0.0784504 , 0 , 0 , 0 , 0 , 0 , 
1e+200 , 0.151827 , 0.151842 , 0.149708 , 0.147583 , 0.144073 , 0.140577 , 0.134873 , 0.129192 , 0.122913 , 0.116672 , 0.114153 , 0.111718 , 0.106964 , 0.102329 , 0.0943112 , 0.0863963 , 0.0781469 , 0.0699477 , 0.0680201 , 0.0663481 , 0.0755039 , 0.0856982 , 0.0898702 , 0.0940396 , 0.0958365 , 0.0946776 , 0.099716 , 0.0778614 , 0 , 0 , 0 , 0 , 
1e+200 , 0.146621 , 0.146631 , 0.149231 , 0.151839 , 0.145133 , 0.138437 , 0.138099 , 0.137784 , 0.126944 , 0.116125 , 0.113936 , 0.11181 , 0.108385 , 0.105062 , 0.0986112 , 0.0922759 , 0.0824046 , 0.0725646 , 0.0665065 , 0.0605094 , 0.0646004 , 0.0693046 , 0.0842368 , 0.100603 , 0.0920175 , 0.0815189 , 0.0938672 , 0.0989616 , 0.0772723 , 0 , 0 , 0 , 
1e+200 , 0.134412 , 0.134418 , 0.14128 , 0.148147 , 0.146104 , 0.144069 , 0.14051 , 0.136965 , 0.131432 , 0.125923 , 0.119354 , 0.112822 , 0.109929 , 0.107115 , 0.102125 , 0.097246 , 0.0890934 , 0.0810274 , 0.0730807 , 0.0651731 , 0.0642542 , 0.0636266 , 0.0731351 , 0.0837007 , 0.087549 , 0.0913752 , 0.093692 , 0.0931357 , 0.0990328 , 0.0773279 , 0 , 0 , 
1e+200 , 0.122205 , 0.122209 , 0.133334 , 0.144462 , 0.147083 , 0.149711 , 0.142935 , 0.136169 , 0.135945 , 0.135743 , 0.124812 , 0.113902 , 0.111559 , 0.109278 , 0.105763 , 0.102348 , 0.0958944 , 0.0895511 , 0.0797373 , 0.0699473 , 0.0642503 , 0.058619 , 0.0631304 , 0.0682758 , 0.0831116 , 0.0993711 , 0.0906646 , 0.0800545 , 0.0932122 , 0.0991041 , 0.0773835 , 0 , 
1e+200 , 0.122203 , 0.122205 , 0.133327 , 0.144452 , 0.147069 , 0.14969 , 0.142907 , 0.136131 , 0.13589 , 0.135666 , 0.124712 , 0.113772 , 0.111381 , 0.109034 , 0.105436 , 0.10191 , 0.0953318 , 0.0888371 , 0.078883 , 0.0689537 , 0.0630606 , 0.0572337 , 0.0612762 , 0.065868 , 0.0797523 , 0.0950715 , 0.0869306 , 0.0776897 , 0.0933041 , 0.106449 , 0.0991041 , 0.0773835 , 

shifts ,
0 , 0 , 0 , 0 , 0 , 0 , 0 , 0 , 0 , 0 , 0 , 0 , 0 , 0 , 0 , 0 , 0 , 0 , 0 , 0 , 0 , 0 , 0 , 0 , 0 , 0 , 0 , 0 , 0 , 0 , 0 , 0 , 0 , 
0 , 0 , 0 , 0 , 0 , 0 , 0 , 0 , 0 , 0 , 0 , 0 , 0 , 0 , 0 , 0 , 0 , 0 , 0 , 0 , 0 , 0 , 0 , 0 , 0 , 0 , 0 , 0 , 0 , 0 , 0 , 0 , 0 , 
0 , 0 , 0 , 0 , 0 , 0 , 0 , 0 , 0 , 0 , 0 , 0 , 0 , 0 , 0 , 0 , 0 , 0 , 0 , 0 , 0 , 0 , 0 , 0 , 0 , 0 , 0 , 0 , 0 , 0 , 0 , 0 , 0 , 
0 , 0 , 0 , 0 , 0 , 0 , 0 , 0 , 0 , 0 , 0 , 0 , 0 , 0 , 0 , 0 , 0 , 0 , 0 , 0 , 0 , 0 , 0 , 0 , 0 , 0 , 0 , 0 , 0 , 0 , 0 , 0 , 0 , 
0 , 0 , 0 , 0 , 0 , 0 , 0 , 0 , 0 , 0 , 0 , 0 , 0 , 0 , 0 , 0 , 0 , 0 , 0 , 0 , 0 , 0 , 0 , 0 , 0 , 0 , 0 , 0 , 0 , 0 , 0 , 0 , 0 , 
0 , 0 , 0 , 0 , 0 , 0 , 0 , 0 , 0 , 0 , 0 , 0 , 0 , 0 , 0 , 0 , 0 , 0 , 0 , 0 , 0 , 0 , 0 , 0 , 0 , 0 , 0 , 0 , 0 , 0 , 0 , 0 , 0 , 
0 , 0 , 0 , 0 , 0 , 0 , 0 , 0 , 0 , 0 , 0 , 0 , 0 , 0 , 0 , 0 , 0 , 0 , 0 , 0 , 0 , 0 , 0 , 0 , 0 , 0 , 0 , 0 , 0 , 0 , 0 , 0 , 0 , 
0 , 0 , 0 , 0 , 0 , 0 , 0 , 0 , 0 , 0 , 0 , 0 , 0 , 0 , 0 , 0 , 0 , 0 , 0 , 0 , 0 , 0 , 0 , 0 , 0 , 0 , 0 , 0 , 0 , 0 , 0 , 0 , 0 , 
0 , 0 , 0 , 0 , 0 , 0 , 0 , 0 , 0 , 0 , 0 , 0 , 0 , 0 , 0 , 0 , 0 , 0 , 0 , 0 , 0 , 0 , 0 , 0 , 0 , 0 , 0 , 0 , 0 , 0 , 0 , 0 , 0 , 
0 , 0 , 0 , 0 , 0 , 0 , 0 , 0 , 0 , 0 , 0 , 0 , 0 , 0 , 0 , 0 , 0 , 0 , 0 , 0 , 0 , 0 , 0 , 0 , 0 , 0 , 0 , 0 , 0 , 0 , 0 , 0 , 0 , 
0 , 0 , 0 , 0 , 0 , 0 , 0 , 0 , 0 , 0 , 0 , 0 , 0 , 0 , 0 , 0 , 0 , 0 , 0 , 0 , 0 , 0 , 0 , 0 , 0 , 0 , 0 , 0 , 0 , 0 , 0 , 0 , 0 , 
0 , 0 , 0 , 0 , 0 , 0 , 0 , 0 , 0 , 0 , 0 , 0 , 0 , 0 , 0 , 0 , 0 , 0 , 0 , 0 , 0 , 0 , 0 , 0 , 0 , 0 , 0 , 0 , 0 , 0 , 0 , 0 , 0 , 
0 , 0 , 0 , 0 , 0 , 0 , 0 , 0 , 0 , 0 , 0 , 0 , 0 , 0 , 0 , 0 , 0 , 0 , 0 , 0 , 0 , 0 , 0 , 0 , 0 , 0 , 0 , 0 , 0 , 0 , 0 , 0 , 0 , 
0 , 0 , 0 , 0 , 0 , 0 , 0 , 0 , 0 , 0 , 0 , 0 , 0 , 0 , 0 , 0 , 0 , 0 , 0 , 0 , 0 , 0 , 0 , 0 , 0 , 0 , 0 , 0 , 0 , 0 , 0 , 0 , 0 , 
0 , 0 , 0 , 0 , 0 , 0 , 0 , 0 , 0 , 0 , 0 , 0 , 0 , 0 , 0 , 0 , 0 , 0 , 0 , 0 , 0 , 0 , 0 , 0 , 0 , 0 , 0 , 0 , 0 , 0 , 0 , 0 , 0 , 
0 , 0 , 0 , 0 , 0 , 0 , 0 , 0 , 0 , 0 , 0 , 0 , 0 , 0 , 0 , 0 , 0 , 0 , 0 , 0 , 0 , 0 , 0 , 0 , 0 , 0 , 0 , 0 , 0 , 0 , 0 , 0 , 0 , 
0 , 0 , 0 , 0 , 0 , 0 , 0 , 0 , 0 , 0 , 0 , 0 , 0 , 0 , 0 , 0 , 0 , 0 , 0 , 0 , 0 , 0 , 0 , 0 , 0 , 0 , 0 , 0 , 0 , 0 , 0 , 0 , 0 , 
0 , 0 , 0 , 0 , 0 , 0 , 0 , 0 , 0 , 0 , 0 , 0 , 0 , 0 , 0 , 0 , 0 , 0 , 0 , 0 , 0 , 0 , 0 , 0 , 0 , 0 , 0 , 0 , 0 , 0 , 0 , 0 , 0 , 
0 , 0 , 0 , 0 , 0 , 0 , 0 , 0 , 0 , 0 , 0 , 0 , 0 , 0 , 0 , 0 , 0 , 0 , 0 , 0 , 0 , 0 , 0 , 0 , 0 , 0 , 0 , 0 , 0 , 0 , 0 , 0 , 0 , 
0 , 0 , 0 , 0 , 0 , 0 , 0 , 0 , 0 , 0 , 0 , 0 , 0 , 0 , 0 , 0 , 0 , 0 , 0 , 0 , 0 , 0 , 0 , 0 , 0 , 0 , 0 , 0 , 0 , 0 , 0 , 0 , 0 , 
0 , 0 , 0 , 0 , 0 , 0 , 0 , 0 , 0 , 0 , 0 , 0 , 0 , 0 , 0 , 0 , 0 , 0 , 0 , 0 , 0 , 0 , 0 , 0 , 0 , 0 , 0 , 0 , 0 , 0 , 0 , 0 , 0 , 
0 , 0 , 0 , 0 , 0 , 0 , 0 , 0 , 0 , 0 , 0 , 0 , 0 , 0 , 0 , 0 , 0 , 0 , 0 , 0 , 0 , 0 , 0 , 0 , 0 , 0 , 0 , 0 , 0 , 0 , 0 , 0 , 0 , 
0 , 0 , 0 , 0 , 0 , 0 , 0 , 0 , 0 , 0 , 0 , 0 , 0 , 0 , 0 , 0 , 0 , 0 , 0 , 0 , 0 , 0 , 0 , 0 , 0 , 0 , 0 , 0 , 0 , 0 , 0 , 0 , 0 , 
0 , 0 , 0 , 0 , 0 , 0 , 0 , 0 , 0 , 0 , 0 , 0 , 0 , 0 , 0 , 0 , 0 , 0 , 0 , 0 , 0 , 0 , 0 , 0 , 0 , 0 , 0 , 0 , 0 , 0 , 0 , 0 , 0 , 
0 , 0 , 0 , 0 , 0 , 0 , 0 , 0 , 0 , 0 , 0 , 0 , 0 , 0 , 0 , 0 , 0 , 0 , 0 , 0 , 0 , 0 , 0 , 0 , 0 , 0 , 0 , 0 , 0 , 0 , 0 , 0 , 0 , 
0 , 0 , 0 , 0 , 0 , 0 , 0 , 0 , 0 , 0 , 0 , 0 , 0 , 0 , 0 , 0 , 0 , 0 , 0 , 0 , 0 , 0 , 0 , 0 , 0 , 0 , 0 , 0 , 0 , 0 , 0 , 0 , 0 , 
0 , 0 , 0 , 0 , 0 , 0 , 0 , 0 , 0 , 0 , 0 , 0 , 0 , 0 , 0 , 0 , 0 , 0 , 0 , 0 , 0 , 0 , 0 , 0 , 0 , 0 , 0 , 0 , 0 , 0 , 0 , 0 , 0 , 
0 , 0 , 0 , 0 , 0 , 0 , 0 , 0 , 0 , 0 , 0 , 0 , 0 , 0 , 0 , 0 , 0 , 0 , 0 , 0 , 0 , 0 , 0 , 0 , 0 , 0 , 0 , 0 , 0 , 0 , 0 , 0 , 0 , 
0 , 0 , 0 , 0 , 0 , 0 , 0 , 0 , 0 , 0 , 0 , 0 , 0 , 0 , 0 , 0 , 0 , 0 , 0 , 0 , 0 , 0 , 0 , 0 , 0 , 0 , 0 , 0 , 0 , 0 , 0 , 0 , 0 , 
0 , 0 , 0 , 0 , 0 , 0 , 0 , 0 , 0 , 0 , 0 , 0 , 0 , 0 , 0 , 0 , 0 , 0 , 0 , 0 , 0 , 0 , 0 , 0 , 0 , 0 , 0 , 0 , 0 , 0 , 0 , 0 , 0 , 
0 , 0 , 0 , 0 , 0 , 0 , 0 , 0 , 0 , 0 , 0 , 0 , 0 , 0 , 0 , 0 , 0 , 0 , 0 , 0 , 0 , 0 , 0 , 0 , 0 , 0 , 0 , 0 , 0 , 0 , 0 , 0 , 0 , 
0 , 0 , 0 , 0 , 0 , 0 , 0 , 0 , 0 , 0 , 0 , 0 , 0 , 0 , 0 , 0 , 0 , 0 , 0 , 0 , 0 , 0 , 0 , 0 , 0 , 0 , 0 , 0 , 0 , 0 , 0 , 0 , 0 , 
0 , 0 , 0 , 0 , 0 , 0 , 0 , 0 , 0 , 0 , 0 , 0 , 0 , 0 , 0 , 0 , 0 , 0 , 0 , 0 , 0 , 0 , 0 , 0 , 0 , 0 , 0 , 0 , 0 , 0 , 0 , 0 , 0 , 

