g ,
1e+100 , 0 , 0 , 0 , 0 , 0 , 0 , 0 , 0 , 0 , 0 , 0 , 0 , 0 , 0 , 0 , 0 , 0 , 0 , 0 , 0 , 0 , 0 , 0 , 0 , 0 , 0 , 0 , 0 , 0 , 0 , 0 , 0 , 
1e+100 , 1.02889 , 0 , 0 , 0 , 0 , 0 , 0 , 0 , 0 , 0 , 0 , 0 , 0 , 0 , 0 , 0 , 0 , 0 , 0 , 0 , 0 , 0 , 0 , 0 , 0 , 0 , 0 , 0 , 0 , 0 , 0 , 0 , 
1e+100 , 1.02889 , 1.02889 , 0 , 0 , 0 , 0 , 0 , 0 , 0 , 0 , 0 , 0 , 0 , 0 , 0 , 0 , 0 , 0 , 0 , 0 , 0 , 0 , 0 , 0 , 0 , 0 , 0 , 0 , 0 , 0 , 0 , 0 , 
1e+100 , 1.02889 , 1.02889 , 1.02889 , 0 , 0 , 0 , 0 , 0 , 0 , 0 , 0 , 0 , 0 , 0 , 0 , 0 , 0 , 0 , 0 , 0 , 0 , 0 , 0 , 0 , 0 , 0 , 0 , 0 , 0 , 0 , 0 , 0 , 
1e+100 , 1.03291 , 1.03291 , 0.911318 , 0.911318 , 0 , 0 , 0 , 0 , 0 , 0 , 0 , 0 , 0 , 0 , 0 , 0 , 0 , 0 , 0 , 0 , 0 , 0 , 0 , 0 , 0 , 0 , 0 , 0 , 0 , 0 , 0 , 0 , 
1e+100 , 1.03693 , 1.03693 , 0.915334 , 0.793743 , 0.793743 , 0 , 0 , 0 , 0 , 0 , 0 , 0 , 0 , 0 , 0 , 0 , 0 , 0 , 0 , 0 , 0 , 0 , 0 , 0 , 0 , 0 , 0 , 0 , 0 , 0 , 0 , 0 , 
1e+100 , 1.04257 , 1.04257 , 0.928391 , 0.814215 , 0.880103 , 0.880103 , 0 , 0 , 0 , 0 , 0 , 0 , 0 , 0 , 0 , 0 , 0 , 0 , 0 , 0 , 0 , 0 , 0 , 0 , 0 , 0 , 0 , 0 , 0 , 0 , 0 , 0 , 
1e+100 , 1.04821 , 1.04821 , 0.941448 , 0.834687 , 0.900575 , 0.966463 , 0.966463 , 0 , 0 , 0 , 0 , 0 , 0 , 0 , 0 , 0 , 0 , 0 , 0 , 0 , 0 , 0 , 0 , 0 , 0 , 0 , 0 , 0 , 0 , 0 , 0 , 0 , 
1e+100 , 1.05561 , 1.05561 , 0.955381 , 0.855152 , 0.910096 , 0.965039 , 0.863927 , 0.863927 , 0 , 0 , 0 , 0 , 0 , 0 , 0 , 0 , 0 , 0 , 0 , 0 , 0 , 0 , 0 , 0 , 0 , 0 , 0 , 0 , 0 , 0 , 0 , 0 , 
1e+100 , 1.06301 , 1.06301 , 0.969315 , 0.875616 , 0.919616 , 0.963616 , 0.862504 , 0.761392 , 0.761392 , 0 , 0 , 0 , 0 , 0 , 0 , 0 , 0 , 0 , 0 , 0 , 0 , 0 , 0 , 0 , 0 , 0 , 0 , 0 , 0 , 0 , 0 , 0 , 
1e+100 , 1.0717 , 1.0717 , 0.983871 , 0.896045 , 0.92915 , 0.962255 , 0.870514 , 0.778772 , 0.803493 , 0.803493 , 0 , 0 , 0 , 0 , 0 , 0 , 0 , 0 , 0 , 0 , 0 , 0 , 0 , 0 , 0 , 0 , 0 , 0 , 0 , 0 , 0 , 0 , 
1e+100 , 1.08038 , 1.08038 , 0.998428 , 0.916474 , 0.938684 , 0.960894 , 0.878523 , 0.796152 , 0.820873 , 0.845593 , 0.845593 , 0 , 0 , 0 , 0 , 0 , 0 , 0 , 0 , 0 , 0 , 0 , 0 , 0 , 0 , 0 , 0 , 0 , 0 , 0 , 0 , 0 , 
1e+100 , 1.08972 , 1.08972 , 1.01323 , 0.936737 , 0.948158 , 0.959579 , 0.886558 , 0.813536 , 0.831031 , 0.848527 , 0.78193 , 0.78193 , 0 , 0 , 0 , 0 , 0 , 0 , 0 , 0 , 0 , 0 , 0 , 0 , 0 , 0 , 0 , 0 , 0 , 0 , 0 , 0 , 
1e+100 , 1.09906 , 1.09906 , 1.02803 , 0.957 , 0.957632 , 0.958265 , 0.894592 , 0.830919 , 0.84119 , 0.85146 , 0.784864 , 0.718267 , 0.718267 , 0 , 0 , 0 , 0 , 0 , 0 , 0 , 0 , 0 , 0 , 0 , 0 , 0 , 0 , 0 , 0 , 0 , 0 , 0 , 
1e+100 , 1.10872 , 1.10872 , 1.0429 , 0.977079 , 0.967054 , 0.957029 , 0.902691 , 0.848354 , 0.851395 , 0.854436 , 0.794694 , 0.734953 , 0.724548 , 0.724548 , 0 , 0 , 0 , 0 , 0 , 0 , 0 , 0 , 0 , 0 , 0 , 0 , 0 , 0 , 0 , 0 , 0 , 0 , 
1e+100 , 1.11839 , 1.11839 , 1.05777 , 0.997159 , 0.976476 , 0.955793 , 0.910791 , 0.865789 , 0.8616 , 0.857411 , 0.804525 , 0.751639 , 0.741234 , 0.730829 , 0.730829 , 0 , 0 , 0 , 0 , 0 , 0 , 0 , 0 , 0 , 0 , 0 , 0 , 0 , 0 , 0 , 0 , 0 , 
1e+100 , 1.12831 , 1.12831 , 1.07274 , 1.01716 , 0.985939 , 0.954718 , 0.919036 , 0.883355 , 0.871927 , 0.860498 , 0.814431 , 0.768363 , 0.749934 , 0.731505 , 0.724447 , 0.724447 , 0 , 0 , 0 , 0 , 0 , 0 , 0 , 0 , 0 , 0 , 0 , 0 , 0 , 0 , 0 , 0 , 
1e+100 , 1.13824 , 1.13824 , 1.0877 , 1.03716 , 0.995403 , 0.953642 , 0.927281 , 0.900921 , 0.882253 , 0.863586 , 0.824337 , 0.785087 , 0.758634 , 0.73218 , 0.725122 , 0.718065 , 0.718065 , 0 , 0 , 0 , 0 , 0 , 0 , 0 , 0 , 0 , 0 , 0 , 0 , 0 , 0 , 0 , 
1e+100 , 1.14853 , 1.14853 , 1.10289 , 1.05725 , 1.00504 , 0.952832 , 0.935773 , 0.918713 , 0.892792 , 0.866871 , 0.834395 , 0.801919 , 0.767405 , 0.732891 , 0.725837 , 0.718783 , 0.712053 , 0.712053 , 0 , 0 , 0 , 0 , 0 , 0 , 0 , 0 , 0 , 0 , 0 , 0 , 0 , 0 , 
1e+100 , 1.15881 , 1.15881 , 1.11808 , 1.07734 , 1.01468 , 0.952022 , 0.944264 , 0.936505 , 0.903331 , 0.870157 , 0.844454 , 0.81875 , 0.776176 , 0.733601 , 0.726551 , 0.719501 , 0.712772 , 0.706042 , 0.706042 , 0 , 0 , 0 , 0 , 0 , 0 , 0 , 0 , 0 , 0 , 0 , 0 , 0 , 
1e+100 , 1.16952 , 1.16952 , 1.13358 , 1.09763 , 1.02458 , 0.951521 , 0.953043 , 0.954564 , 0.91412 , 0.873675 , 0.854702 , 0.835729 , 0.785052 , 0.734376 , 0.727304 , 0.720231 , 0.704936 , 0.68964 , 0.661756 , 0.661756 , 0 , 0 , 0 , 0 , 0 , 0 , 0 , 0 , 0 , 0 , 0 , 0 , 
1e+100 , 1.18024 , 1.18024 , 1.14908 , 1.11792 , 1.03447 , 0.95102 , 0.961821 , 0.972622 , 0.924908 , 0.877193 , 0.86495 , 0.852707 , 0.793929 , 0.735151 , 0.728056 , 0.720962 , 0.6971 , 0.673239 , 0.645355 , 0.61747 , 0.61747 , 0 , 0 , 0 , 0 , 0 , 0 , 0 , 0 , 0 , 0 , 0 , 
1e+100 , 1.19133 , 1.19133 , 1.16488 , 1.13843 , 1.04461 , 0.950797 , 0.97086 , 0.990922 , 0.935922 , 0.880922 , 0.875376 , 0.86983 , 0.802916 , 0.736003 , 0.728861 , 0.721719 , 0.68928 , 0.656842 , 0.629938 , 0.603033 , 0.685774 , 0.685774 , 0 , 0 , 0 , 0 , 0 , 0 , 0 , 0 , 0 , 0 , 
1e+100 , 1.20243 , 1.20243 , 1.18068 , 1.15894 , 1.05476 , 0.950574 , 0.979898 , 1.00922 , 0.946936 , 0.884651 , 0.885802 , 0.886954 , 0.811904 , 0.736855 , 0.729665 , 0.722476 , 0.68146 , 0.640445 , 0.614521 , 0.588596 , 0.671337 , 0.754078 , 0.754078 , 0 , 0 , 0 , 0 , 0 , 0 , 0 , 0 , 0 , 
1e+100 , 1.21379 , 1.21379 , 1.1967 , 1.17962 , 1.06508 , 0.950547 , 0.98912 , 1.02769 , 0.958111 , 0.888529 , 0.896357 , 0.904185 , 0.820977 , 0.73777 , 0.730514 , 0.723258 , 0.673656 , 0.624054 , 0.599105 , 0.574156 , 0.652044 , 0.729932 , 0.652649 , 0.652649 , 0 , 0 , 0 , 0 , 0 , 0 , 0 , 0 , 
1e+100 , 1.22516 , 1.22516 , 1.21272 , 1.20029 , 1.07541 , 0.950519 , 0.998341 , 1.04616 , 0.969285 , 0.892408 , 0.906912 , 0.921416 , 0.83005 , 0.738684 , 0.731363 , 0.724041 , 0.665852 , 0.607662 , 0.583689 , 0.559717 , 0.632751 , 0.705785 , 0.628502 , 0.551219 , 0.551219 , 0 , 0 , 0 , 0 , 0 , 0 , 0 , 
1e+100 , 1.23666 , 1.23666 , 1.22886 , 1.22106 , 1.08583 , 0.950597 , 1.00766 , 1.06472 , 0.980545 , 0.896365 , 0.917535 , 0.938705 , 0.839168 , 0.739632 , 0.732235 , 0.724838 , 0.658054 , 0.59127 , 0.568271 , 0.545272 , 0.613454 , 0.681637 , 0.636322 , 0.591008 , 0.604122 , 0.604122 , 0 , 0 , 0 , 0 , 0 , 0 , 
1e+100 , 1.24816 , 1.24816 , 1.24499 , 1.24183 , 1.09625 , 0.950674 , 1.01698 , 1.08329 , 0.991805 , 0.900323 , 0.928158 , 0.955993 , 0.848286 , 0.74058 , 0.733107 , 0.725634 , 0.650256 , 0.574879 , 0.552853 , 0.530827 , 0.594158 , 0.657488 , 0.644143 , 0.630797 , 0.643912 , 0.657026 , 0.657026 , 0 , 0 , 0 , 0 , 0 , 
1e+100 , 1.2597 , 1.2597 , 1.26116 , 1.26262 , 1.10671 , 0.950788 , 1.02633 , 1.10188 , 1.00309 , 0.904307 , 0.938804 , 0.9733 , 0.857419 , 0.741537 , 0.733985 , 0.726433 , 0.642458 , 0.558484 , 0.53743 , 0.516376 , 0.574855 , 0.633334 , 0.65196 , 0.670585 , 0.63138 , 0.592175 , 0.632524 , 0.632524 , 0 , 0 , 0 , 0 , 
1e+100 , 1.27125 , 1.27125 , 1.27733 , 1.28342 , 1.11716 , 0.950902 , 1.03569 , 1.12047 , 1.01438 , 0.908292 , 0.94945 , 0.990607 , 0.866551 , 0.742495 , 0.734863 , 0.727231 , 0.63466 , 0.542089 , 0.522007 , 0.501924 , 0.555553 , 0.609181 , 0.659777 , 0.710374 , 0.618849 , 0.527324 , 0.567673 , 0.608023 , 0.608023 , 0 , 0 , 0 , 
1e+100 , 1.2828 , 1.2828 , 1.29351 , 1.30422 , 1.12762 , 0.951023 , 1.04505 , 1.13907 , 1.02568 , 0.912282 , 0.9601 , 1.00792 , 0.875686 , 0.743454 , 0.735742 , 0.72803 , 0.626862 , 0.525694 , 0.506582 , 0.487471 , 0.536248 , 0.585025 , 0.667594 , 0.750162 , 0.606318 , 0.462474 , 0.481493 , 0.500513 , 0.734877 , 0.734877 , 0 , 0 , 
1e+100 , 1.29435 , 1.29435 , 1.30969 , 1.32503 , 1.13808 , 0.951144 , 1.05441 , 1.15767 , 1.03697 , 0.916271 , 0.97075 , 1.02523 , 0.884821 , 0.744413 , 0.736621 , 0.728828 , 0.619063 , 0.509298 , 0.491158 , 0.473018 , 0.516944 , 0.56087 , 0.67541 , 0.789951 , 0.593787 , 0.397624 , 0.395313 , 0.393002 , 0.627367 , 0.861732 , 0.861732 , 0 , 
1e+100 , 1.29435 , 1.29435 , 1.30969 , 1.32503 , 1.13808 , 0.951144 , 1.05441 , 1.15767 , 1.03697 , 0.916271 , 0.97075 , 1.02523 , 0.884821 , 0.744413 , 0.736621 , 0.728828 , 0.619063 , 0.509298 , 0.491158 , 0.473018 , 0.516944 , 0.56087 , 0.67541 , 0.789951 , 0.593787 , 0.397624 , 0.395313 , 0.393002 , 0.627367 , 0.861732 , 0.861732 , 0.861732 , 

h ,
1e+100 , 0 , 0 , 0 , 0 , 0 , 0 , 0 , 0 , 0 , 0 , 0 , 0 , 0 , 0 , 0 , 0 , 0 , 0 , 0 , 0 , 0 , 0 , 0 , 0 , 0 , 0 , 0 , 0 , 0 , 0 , 0 , 0 , 
1e+100 , 0.120859 , 0 , 0 , 0 , 0 , 0 , 0 , 0 , 0 , 0 , 0 , 0 , 0 , 0 , 0 , 0 , 0 , 0 , 0 , 0 , 0 , 0 , 0 , 0 , 0 , 0 , 0 , 0 , 0 , 0 , 0 , 0 , 
1e+100 , 0.154783 , 0.120859 , 0 , 0 , 0 , 0 , 0 , 0 , 0 , 0 , 0 , 0 , 0 , 0 , 0 , 0 , 0 , 0 , 0 , 0 , 0 , 0 , 0 , 0 , 0 , 0 , 0 , 0 , 0 , 0 , 0 , 0 , 
1e+100 , 0.166254 , 0.154783 , 0.120859 , 0 , 0 , 0 , 0 , 0 , 0 , 0 , 0 , 0 , 0 , 0 , 0 , 0 , 0 , 0 , 0 , 0 , 0 , 0 , 0 , 0 , 0 , 0 , 0 , 0 , 0 , 0 , 0 , 0 , 
1e+100 , 0.166418 , 0.166254 , 0.154783 , 0.120859 , 0 , 0 , 0 , 0 , 0 , 0 , 0 , 0 , 0 , 0 , 0 , 0 , 0 , 0 , 0 , 0 , 0 , 0 , 0 , 0 , 0 , 0 , 0 , 0 , 0 , 0 , 0 , 0 , 
1e+100 , 0.161502 , 0.166418 , 0.166254 , 0.154783 , 0.120859 , 0 , 0 , 0 , 0 , 0 , 0 , 0 , 0 , 0 , 0 , 0 , 0 , 0 , 0 , 0 , 0 , 0 , 0 , 0 , 0 , 0 , 0 , 0 , 0 , 0 , 0 , 0 , 
1e+100 , 0.154851 , 0.161502 , 0.166418 , 0.166254 , 0.154783 , 0.120859 , 0 , 0 , 0 , 0 , 0 , 0 , 0 , 0 , 0 , 0 , 0 , 0 , 0 , 0 , 0 , 0 , 0 , 0 , 0 , 0 , 0 , 0 , 0 , 0 , 0 , 0 , 
1e+100 , 0.148151 , 0.154851 , 0.161502 , 0.166418 , 0.166254 , 0.154783 , 0.120859 , 0 , 0 , 0 , 0 , 0 , 0 , 0 , 0 , 0 , 0 , 0 , 0 , 0 , 0 , 0 , 0 , 0 , 0 , 0 , 0 , 0 , 0 , 0 , 0 , 0 , 
1e+100 , 0.142163 , 0.148151 , 0.154851 , 0.161502 , 0.166418 , 0.166254 , 0.154783 , 0.120859 , 0 , 0 , 0 , 0 , 0 , 0 , 0 , 0 , 0 , 0 , 0 , 0 , 0 , 0 , 0 , 0 , 0 , 0 , 0 , 0 , 0 , 0 , 0 , 0 , 
1e+100 , 0.137149 , 0.142163 , 0.148151 , 0.154851 , 0.161502 , 0.166418 , 0.166254 , 0.154783 , 0.120859 , 0 , 0 , 0 , 0 , 0 , 0 , 0 , 0 , 0 , 0 , 0 , 0 , 0 , 0 , 0 , 0 , 0 , 0 , 0 , 0 , 0 , 0 , 0 , 
1e+100 , 0.133121 , 0.137149 , 0.142163 , 0.148151 , 0.154851 , 0.161502 , 0.166418 , 0.166254 , 0.154783 , 0.120859 , 0 , 0 , 0 , 0 , 0 , 0 , 0 , 0 , 0 , 0 , 0 , 0 , 0 , 0 , 0 , 0 , 0 , 0 , 0 , 0 , 0 , 0 , 
1e+100 , 0.129975 , 0.133121 , 0.137149 , 0.142163 , 0.148151 , 0.154851 , 0.161502 , 0.166418 , 0.166254 , 0.154783 , 0.120859 , 0 , 0 , 0 , 0 , 0 , 0 , 0 , 0 , 0 , 0 , 0 , 0 , 0 , 0 , 0 , 0 , 0 , 0 , 0 , 0 , 0 , 
1e+100 , 0.127568 , 0.129975 , 0.133121 , 0.137149 , 0.142163 , 0.148151 , 0.154851 , 0.161502 , 0.166418 , 0.166254 , 0.154783 , 0.120859 , 0 , 0 , 0 , 0 , 0 , 0 , 0 , 0 , 0 , 0 , 0 , 0 , 0 , 0 , 0 , 0 , 0 , 0 , 0 , 0 , 
1e+100 , 0.125756 , 0.127568 , 0.129975 , 0.133121 , 0.137149 , 0.142163 , 0.148151 , 0.154851 , 0.161502 , 0.166418 , 0.166254 , 0.154783 , 0.120859 , 0 , 0 , 0 , 0 , 0 , 0 , 0 , 0 , 0 , 0 , 0 , 0 , 0 , 0 , 0 , 0 , 0 , 0 , 0 , 
1e+100 , 0.124409 , 0.125756 , 0.127568 , 0.129975 , 0.133121 , 0.137149 , 0.142163 , 0.148151 , 0.154851 , 0.161502 , 0.166418 , 0.166254 , 0.154783 , 0.120859 , 0 , 0 , 0 , 0 , 0 , 0 , 0 , 0 , 0 , 0 , 0 , 0 , 0 , 0 , 0 , 0 , 0 , 0 , 
1e+100 , 0.123417 , 0.124409 , 0.125756 , 0.127568 , 0.129975 , 0.133121 , 0.137149 , 0.142163 , 0.148151 , 0.154851 , 0.161502 , 0.166418 , 0.166254 , 0.154783 , 0.120859 , 0 , 0 , 0 , 0 , 0 , 0 , 0 , 0 , 0 , 0 , 0 , 0 , 0 , 0 , 0 , 0 , 0 , 
1e+100 , 0.122693 , 0.123417 , 0.124409 , 0.125756 , 0.127568 , 0.129975 , 0.133121 , 0.137149 , 0.142163 , 0.148151 , 0.154851 , 0.161502 , 0.166418 , 0.166254 , 0.154783 , 0.120859 , 0 , 0 , 0 , 0 , 0 , 0 , 0 , 0 , 0 , 0 , 0 , 0 , 0 , 0 , 0 , 0 , 
1e+100 , 0.122168 , 0.122693 , 0.123417 , 0.124409 , 0.125756 , 0.127568 , 0.129975 , 0.133121 , 0.137149 , 0.142163 , 0.148151 , 0.154851 , 0.161502 , 0.166418 , 0.166254 , 0.154783 , 0.120859 , 0 , 0 , 0 , 0 , 0 , 0 , 0 , 0 , 0 , 0 , 0 , 0 , 0 , 0 , 0 , 
1e+100 , 0.12179 , 0.122168 , 0.122693 , 0.123417 , 0.124409 , 0.125756 , 0.127568 , 0.129975 , 0.133121 , 0.137149 , 0.142163 , 0.148151 , 0.154851 , 0.161502 , 0.166418 , 0.166254 , 0.154783 , 0.120859 , 0 , 0 , 0 , 0 , 0 , 0 , 0 , 0 , 0 , 0 , 0 , 0 , 0 , 0 , 
1e+100 , 0.121518 , 0.12179 , 0.122168 , 0.122693 , 0.123417 , 0.124409 , 0.125756 , 0.127568 , 0.129975 , 0.133121 , 0.137149 , 0.142163 , 0.148151 , 0.154851 , 0.161502 , 0.166418 , 0.166254 , 0.154783 , 0.120859 , 0 , 0 , 0 , 0 , 0 , 0 , 0 , 0 , 0 , 0 , 0 , 0 , 0 , 
1e+100 , 0.121325 , 0.121518 , 0.12179 , 0.122168 , 0.122693 , 0.123417 , 0.124409 , 0.125756 , 0.127568 , 0.129975 , 0.133121 , 0.137149 , 0.142163 , 0.148151 , 0.154851 , 0.161502 , 0.166418 , 0.166254 , 0.154783 , 0.120859 , 0 , 0 , 0 , 0 , 0 , 0 , 0 , 0 , 0 , 0 , 0 , 0 , 
1e+100 , 0.121187 , 0.121325 , 0.121518 , 0.12179 , 0.122168 , 0.122693 , 0.123417 , 0.124409 , 0.125756 , 0.127568 , 0.129975 , 0.133121 , 0.137149 , 0.142163 , 0.148151 , 0.154851 , 0.161502 , 0.166418 , 0.166254 , 0.154783 , 0.120859 , 0 , 0 , 0 , 0 , 0 , 0 , 0 , 0 , 0 , 0 , 0 , 
1e+100 , 0.12109 , 0.121187 , 0.121325 , 0.121518 , 0.12179 , 0.122168 , 0.122693 , 0.123417 , 0.124409 , 0.125756 , 0.127568 , 0.129975 , 0.133121 , 0.137149 , 0.142163 , 0.148151 , 0.154851 , 0.161502 , 0.166418 , 0.166254 , 0.154783 , 0.120859 , 0 , 0 , 0 , 0 , 0 , 0 , 0 , 0 , 0 , 0 , 
1e+100 , 0.121021 , 0.12109 , 0.121187 , 0.121325 , 0.121518 , 0.12179 , 0.122168 , 0.122693 , 0.123417 , 0.124409 , 0.125756 , 0.127568 , 0.129975 , 0.133121 , 0.137149 , 0.142163 , 0.148151 , 0.154851 , 0.161502 , 0.166418 , 0.166254 , 0.154783 , 0.120859 , 0 , 0 , 0 , 0 , 0 , 0 , 0 , 0 , 0 , 
1e+100 , 0.120972 , 0.121021 , 0.12109 , 0.121187 , 0.121325 , 0.121518 , 0.12179 , 0.122168 , 0.122693 , 0.123417 , 0.124409 , 0.125756 , 0.127568 , 0.129975 , 0.133121 , 0.137149 , 0.142163 , 0.148151 , 0.154851 , 0.161502 , 0.166418 , 0.166254 , 0.154783 , 0.120859 , 0 , 0 , 0 , 0 , 0 , 0 , 0 , 0 , 
1e+100 , 0.120938 , 0.120972 , 0.121021 , 0.12109 , 0.121187 , 0.121325 , 0.121518 , 0.12179 , 0.122168 , 0.122693 , 0.123417 , 0.124409 , 0.125756 , 0.127568 , 0.129975 , 0.133121 , 0.137149 , 0.142163 , 0.148151 , 0.154851 , 0.161502 , 0.166418 , 0.166254 , 0.154783 , 0.120859 , 0 , 0 , 0 , 0 , 0 , 0 , 0 , 
1e+100 , 0.120914 , 0.120938 , 0.120972 , 0.121021 , 0.12109 , 0.121187 , 0.121325 , 0.121518 , 0.12179 , 0.122168 , 0.122693 , 0.123417 , 0.124409 , 0.125756 , 0.127568 , 0.129975 , 0.133121 , 0.137149 , 0.142163 , 0.148151 , 0.154851 , 0.161502 , 0.166418 , 0.166254 , 0.154783 , 0.120859 , 0 , 0 , 0 , 0 , 0 , 0 , 
1e+100 , 0.120898 , 0.120914 , 0.120938 , 0.120972 , 0.121021 , 0.12109 , 0.121187 , 0.121325 , 0.121518 , 0.12179 , 0.122168 , 0.122693 , 0.123417 , 0.124409 , 0.125756 , 0.127568 , 0.129975 , 0.133121 , 0.137149 , 0.142163 , 0.148151 , 0.154851 , 0.161502 , 0.166418 , 0.166254 , 0.154783 , 0.120859 , 0 , 0 , 0 , 0 , 0 , 
1e+100 , 0.120886 , 0.120898 , 0.120914 , 0.120938 , 0.120972 , 0.121021 , 0.12109 , 0.121187 , 0.121325 , 0.121518 , 0.12179 , 0.122168 , 0.122693 , 0.123417 , 0.124409 , 0.125756 , 0.127568 , 0.129975 , 0.133121 , 0.137149 , 0.142163 , 0.148151 , 0.154851 , 0.161502 , 0.166418 , 0.166254 , 0.154783 , 0.120859 , 0 , 0 , 0 , 0 , 
1e+100 , 0.120878 , 0.120886 , 0.120898 , 0.120914 , 0.120938 , 0.120972 , 0.121021 , 0.12109 , 0.121187 , 0.121325 , 0.121518 , 0.12179 , 0.122168 , 0.122693 , 0.123417 , 0.124409 , 0.125756 , 0.127568 , 0.129975 , 0.133121 , 0.137149 , 0.142163 , 0.148151 , 0.154851 , 0.161502 , 0.166418 , 0.166254 , 0.154783 , 0.120859 , 0 , 0 , 0 , 
1e+100 , 0.120872 , 0.120878 , 0.120886 , 0.120898 , 0.120914 , 0.120938 , 0.120972 , 0.121021 , 0.12109 , 0.121187 , 0.121325 , 0.121518 , 0.12179 , 0.122168 , 0.122693 , 0.123417 , 0.124409 , 0.125756 , 0.127568 , 0.129975 , 0.133121 , 0.137149 , 0.142163 , 0.148151 , 0.154851 , 0.161502 , 0.166418 , 0.166254 , 0.154783 , 0.120859 , 0 , 0 , 
1e+100 , 0.120868 , 0.120872 , 0.120878 , 0.120886 , 0.120898 , 0.120914 , 0.120938 , 0.120972 , 0.121021 , 0.12109 , 0.121187 , 0.121325 , 0.121518 , 0.12179 , 0.122168 , 0.122693 , 0.123417 , 0.124409 , 0.125756 , 0.127568 , 0.129975 , 0.133121 , 0.137149 , 0.142163 , 0.148151 , 0.154851 , 0.161502 , 0.166418 , 0.166254 , 0.154783 , 0.120859 , 0 , 
1e+100 , 0.120866 , 0.120868 , 0.120872 , 0.120878 , 0.120886 , 0.120898 , 0.120914 , 0.120938 , 0.120972 , 0.121021 , 0.12109 , 0.121187 , 0.121325 , 0.121518 , 0.12179 , 0.122168 , 0.122693 , 0.123417 , 0.124409 , 0.125756 , 0.127568 , 0.129975 , 0.133121 , 0.137149 , 0.142163 , 0.148151 , 0.154851 , 0.161502 , 0.166418 , 0.166254 , 0.154783 , 0.120859 , 

h*g ,
1e+200 , 0 , 0 , 0 , 0 , 0 , 0 , 0 , 0 , 0 , 0 , 0 , 0 , 0 , 0 , 0 , 0 , 0 , 0 , 0 , 0 , 0 , 0 , 0 , 0 , 0 , 0 , 0 , 0 , 0 , 0 , 0 , 0 , 
1e+200 , 0.124351 , 0 , 0 , 0 , 0 , 0 , 0 , 0 , 0 , 0 , 0 , 0 , 0 , 0 , 0 , 0 , 0 , 0 , 0 , 0 , 0 , 0 , 0 , 0 , 0 , 0 , 0 , 0 , 0 , 0 , 0 , 0 , 
1e+200 , 0.159255 , 0.124351 , 0 , 0 , 0 , 0 , 0 , 0 , 0 , 0 , 0 , 0 , 0 , 0 , 0 , 0 , 0 , 0 , 0 , 0 , 0 , 0 , 0 , 0 , 0 , 0 , 0 , 0 , 0 , 0 , 0 , 0 , 
1e+200 , 0.171058 , 0.159255 , 0.124351 , 0 , 0 , 0 , 0 , 0 , 0 , 0 , 0 , 0 , 0 , 0 , 0 , 0 , 0 , 0 , 0 , 0 , 0 , 0 , 0 , 0 , 0 , 0 , 0 , 0 , 0 , 0 , 0 , 0 , 
1e+200 , 0.171895 , 0.171726 , 0.141057 , 0.110141 , 0 , 0 , 0 , 0 , 0 , 0 , 0 , 0 , 0 , 0 , 0 , 0 , 0 , 0 , 0 , 0 , 0 , 0 , 0 , 0 , 0 , 0 , 0 , 0 , 0 , 0 , 0 , 0 , 
1e+200 , 0.167466 , 0.172563 , 0.152178 , 0.122858 , 0.0959313 , 0 , 0 , 0 , 0 , 0 , 0 , 0 , 0 , 0 , 0 , 0 , 0 , 0 , 0 , 0 , 0 , 0 , 0 , 0 , 0 , 0 , 0 , 0 , 0 , 0 , 0 , 0 , 
1e+200 , 0.161442 , 0.168377 , 0.154501 , 0.135367 , 0.136225 , 0.106369 , 0 , 0 , 0 , 0 , 0 , 0 , 0 , 0 , 0 , 0 , 0 , 0 , 0 , 0 , 0 , 0 , 0 , 0 , 0 , 0 , 0 , 0 , 0 , 0 , 0 , 0 , 
1e+200 , 0.155293 , 0.162316 , 0.152046 , 0.138907 , 0.149725 , 0.149592 , 0.116806 , 0 , 0 , 0 , 0 , 0 , 0 , 0 , 0 , 0 , 0 , 0 , 0 , 0 , 0 , 0 , 0 , 0 , 0 , 0 , 0 , 0 , 0 , 0 , 0 , 0 , 
1e+200 , 0.150068 , 0.15639 , 0.147942 , 0.138109 , 0.151457 , 0.160442 , 0.133721 , 0.104414 , 0 , 0 , 0 , 0 , 0 , 0 , 0 , 0 , 0 , 0 , 0 , 0 , 0 , 0 , 0 , 0 , 0 , 0 , 0 , 0 , 0 , 0 , 0 , 0 , 
1e+200 , 0.145791 , 0.151121 , 0.143605 , 0.13559 , 0.14852 , 0.160363 , 0.143395 , 0.117851 , 0.0920214 , 0 , 0 , 0 , 0 , 0 , 0 , 0 , 0 , 0 , 0 , 0 , 0 , 0 , 0 , 0 , 0 , 0 , 0 , 0 , 0 , 0 , 0 , 0 , 
1e+200 , 0.142665 , 0.146982 , 0.13987 , 0.13275 , 0.14388 , 0.155407 , 0.144869 , 0.129474 , 0.124367 , 0.0971096 , 0 , 0 , 0 , 0 , 0 , 0 , 0 , 0 , 0 , 0 , 0 , 0 , 0 , 0 , 0 , 0 , 0 , 0 , 0 , 0 , 0 , 0 , 
1e+200 , 0.140422 , 0.143821 , 0.136933 , 0.130288 , 0.139067 , 0.148795 , 0.141884 , 0.132494 , 0.136474 , 0.130884 , 0.102198 , 0 , 0 , 0 , 0 , 0 , 0 , 0 , 0 , 0 , 0 , 0 , 0 , 0 , 0 , 0 , 0 , 0 , 0 , 0 , 0 , 0 , 
1e+200 , 0.139014 , 0.141636 , 0.134882 , 0.128473 , 0.134793 , 0.142162 , 0.137284 , 0.131388 , 0.138299 , 0.141071 , 0.12103 , 0.0945036 , 0 , 0 , 0 , 0 , 0 , 0 , 0 , 0 , 0 , 0 , 0 , 0 , 0 , 0 , 0 , 0 , 0 , 0 , 0 , 0 , 
1e+200 , 0.138214 , 0.140205 , 0.133618 , 0.127397 , 0.131338 , 0.136229 , 0.132534 , 0.128669 , 0.135854 , 0.141699 , 0.130487 , 0.111176 , 0.0868093 , 0 , 0 , 0 , 0 , 0 , 0 , 0 , 0 , 0 , 0 , 0 , 0 , 0 , 0 , 0 , 0 , 0 , 0 , 0 , 
1e+200 , 0.137935 , 0.139429 , 0.133041 , 0.126996 , 0.128735 , 0.131256 , 0.128329 , 0.125684 , 0.131839 , 0.137993 , 0.132252 , 0.122189 , 0.112148 , 0.0875684 , 0 , 0 , 0 , 0 , 0 , 0 , 0 , 0 , 0 , 0 , 0 , 0 , 0 , 0 , 0 , 0 , 0 , 0 , 
1e+200 , 0.138028 , 0.139137 , 0.133021 , 0.127206 , 0.126917 , 0.127236 , 0.124914 , 0.123083 , 0.127647 , 0.132771 , 0.129933 , 0.125086 , 0.123233 , 0.11312 , 0.0883275 , 0 , 0 , 0 , 0 , 0 , 0 , 0 , 0 , 0 , 0 , 0 , 0 , 0 , 0 , 0 , 0 , 0 , 
1e+200 , 0.138436 , 0.139253 , 0.133458 , 0.127914 , 0.125774 , 0.124089 , 0.122343 , 0.121151 , 0.123955 , 0.127484 , 0.126115 , 0.124093 , 0.124803 , 0.121616 , 0.112132 , 0.0875562 , 0 , 0 , 0 , 0 , 0 , 0 , 0 , 0 , 0 , 0 , 0 , 0 , 0 , 0 , 0 , 0 , 
1e+200 , 0.139056 , 0.139654 , 0.134241 , 0.129032 , 0.125178 , 0.121654 , 0.120523 , 0.119931 , 0.121 , 0.12277 , 0.122126 , 0.121571 , 0.122521 , 0.121848 , 0.120555 , 0.111144 , 0.0867849 , 0 , 0 , 0 , 0 , 0 , 0 , 0 , 0 , 0 , 0 , 0 , 0 , 0 , 0 , 0 , 
1e+200 , 0.139879 , 0.140313 , 0.135317 , 0.130483 , 0.125036 , 0.119824 , 0.119375 , 0.119409 , 0.118849 , 0.118891 , 0.11862 , 0.118805 , 0.118833 , 0.118364 , 0.120792 , 0.119501 , 0.110214 , 0.0860584 , 0 , 0 , 0 , 0 , 0 , 0 , 0 , 0 , 0 , 0 , 0 , 0 , 0 , 0 , 
1e+200 , 0.140817 , 0.141131 , 0.136593 , 0.132182 , 0.125229 , 0.11844 , 0.118747 , 0.119468 , 0.11741 , 0.115836 , 0.115816 , 0.116396 , 0.114991 , 0.113599 , 0.11734 , 0.119738 , 0.118501 , 0.109283 , 0.0853318 , 0 , 0 , 0 , 0 , 0 , 0 , 0 , 0 , 0 , 0 , 0 , 0 , 0 , 
1e+200 , 0.141892 , 0.142119 , 0.138058 , 0.134095 , 0.125708 , 0.117434 , 0.118567 , 0.120042 , 0.116612 , 0.113556 , 0.113779 , 0.114619 , 0.111605 , 0.108798 , 0.112624 , 0.116319 , 0.117314 , 0.114656 , 0.102429 , 0.0799795 , 0 , 0 , 0 , 0 , 0 , 0 , 0 , 0 , 0 , 0 , 0 , 0 , 
1e+200 , 0.143029 , 0.143192 , 0.139634 , 0.136151 , 0.126379 , 0.116683 , 0.118705 , 0.121003 , 0.116313 , 0.111902 , 0.112422 , 0.113513 , 0.108887 , 0.104511 , 0.107862 , 0.111642 , 0.112583 , 0.112039 , 0.107293 , 0.095574 , 0.0746271 , 0 , 0 , 0 , 0 , 0 , 0 , 0 , 0 , 0 , 0 , 0 , 
1e+200 , 0.144258 , 0.144374 , 0.141329 , 0.13834 , 0.127223 , 0.116157 , 0.119117 , 0.122296 , 0.116437 , 0.110781 , 0.11167 , 0.113056 , 0.106885 , 0.100942 , 0.103617 , 0.106923 , 0.106736 , 0.106082 , 0.104833 , 0.100257 , 0.106146 , 0.0828823 , 0 , 0 , 0 , 0 , 0 , 0 , 0 , 0 , 0 , 0 , 
1e+200 , 0.145519 , 0.145602 , 0.143084 , 0.140608 , 0.128172 , 0.11577 , 0.119712 , 0.123824 , 0.116868 , 0.110058 , 0.111395 , 0.113147 , 0.105527 , 0.0980907 , 0.100073 , 0.102709 , 0.100959 , 0.0991735 , 0.0992465 , 0.0979531 , 0.111613 , 0.116719 , 0.0911375 , 0 , 0 , 0 , 0 , 0 , 0 , 0 , 0 , 0 , 
1e+200 , 0.146835 , 0.146894 , 0.144908 , 0.142954 , 0.129221 , 0.115509 , 0.120464 , 0.125551 , 0.117553 , 0.109659 , 0.111515 , 0.113707 , 0.104731 , 0.0958914 , 0.0972466 , 0.0991942 , 0.0957687 , 0.092454 , 0.0927719 , 0.0927276 , 0.108512 , 0.121354 , 0.101019 , 0.0788787 , 0 , 0 , 0 , 0 , 0 , 0 , 0 , 0 , 
1e+200 , 0.148168 , 0.14821 , 0.146765 , 0.145343 , 0.130325 , 0.115322 , 0.121317 , 0.127412 , 0.118415 , 0.109492 , 0.111928 , 0.114632 , 0.104384 , 0.0942325 , 0.0950587 , 0.096385 , 0.0913209 , 0.0863868 , 0.086474 , 0.0866727 , 0.102191 , 0.117456 , 0.104491 , 0.0853194 , 0.06662 , 0 , 0 , 0 , 0 , 0 , 0 , 0 , 
1e+200 , 0.14953 , 0.149559 , 0.148658 , 0.147773 , 0.131482 , 0.1152 , 0.122254 , 0.129384 , 0.11942 , 0.109507 , 0.112575 , 0.115852 , 0.1044 , 0.0930132 , 0.0934098 , 0.0942106 , 0.0876007 , 0.0810922 , 0.080787 , 0.0807825 , 0.0949939 , 0.110086 , 0.105896 , 0.0982576 , 0.093508 , 0.0730139 , 0 , 0 , 0 , 0 , 0 , 0 , 
1e+200 , 0.150899 , 0.15092 , 0.150567 , 0.150226 , 0.132669 , 0.115117 , 0.123245 , 0.131429 , 0.120522 , 0.10965 , 0.113391 , 0.117293 , 0.104693 , 0.0921345 , 0.0921927 , 0.0925678 , 0.0845169 , 0.0765283 , 0.0758233 , 0.0754638 , 0.0880249 , 0.101813 , 0.104031 , 0.104976 , 0.107053 , 0.101697 , 0.0794078 , 0 , 0 , 0 , 0 , 0 , 
1e+200 , 0.152281 , 0.152295 , 0.152493 , 0.152699 , 0.133881 , 0.115065 , 0.124278 , 0.133534 , 0.1217 , 0.10989 , 0.114336 , 0.118906 , 0.105199 , 0.0915182 , 0.0913141 , 0.0913533 , 0.0819572 , 0.0725888 , 0.0715431 , 0.0708205 , 0.0817229 , 0.093829 , 0.100957 , 0.108301 , 0.105073 , 0.0984517 , 0.0979041 , 0.0764465 , 0 , 0 , 0 , 0 , 
1e+200 , 0.153666 , 0.153676 , 0.154427 , 0.155184 , 0.135107 , 0.115033 , 0.12534 , 0.135678 , 0.12293 , 0.110198 , 0.115376 , 0.120646 , 0.105865 , 0.0910987 , 0.0906944 , 0.0904739 , 0.0798124 , 0.0691533 , 0.0678477 , 0.0668166 , 0.0761935 , 0.0866028 , 0.0977465 , 0.110002 , 0.0999456 , 0.0877564 , 0.0943782 , 0.0941117 , 0.0734853 , 0 , 0 , 0 , 
1e+200 , 0.155055 , 0.155062 , 0.156367 , 0.157677 , 0.136346 , 0.115015 , 0.126422 , 0.137852 , 0.124199 , 0.110557 , 0.116484 , 0.12248 , 0.106649 , 0.0908261 , 0.0902702 , 0.0898511 , 0.077987 , 0.0661092 , 0.0646238 , 0.0633589 , 0.0713858 , 0.0802357 , 0.0949069 , 0.111137 , 0.0938889 , 0.0746907 , 0.0801293 , 0.0832124 , 0.113747 , 0.0888168 , 0 , 0 , 
1e+200 , 0.156446 , 0.156451 , 0.158312 , 0.160177 , 0.137592 , 0.115007 , 0.127518 , 0.140046 , 0.125495 , 0.110951 , 0.117642 , 0.124386 , 0.107522 , 0.0906617 , 0.0899913 , 0.0894219 , 0.0764028 , 0.0633611 , 0.0617661 , 0.060342 , 0.0671896 , 0.0746634 , 0.0926319 , 0.112302 , 0.0879701 , 0.0615724 , 0.063844 , 0.0654028 , 0.104303 , 0.133382 , 0.104148 , 0 , 
1e+200 , 0.156443 , 0.156446 , 0.158305 , 0.160166 , 0.137578 , 0.114991 , 0.127493 , 0.140007 , 0.125445 , 0.110888 , 0.117548 , 0.124244 , 0.107351 , 0.0904599 , 0.0897127 , 0.0890393 , 0.0759545 , 0.062856 , 0.0611043 , 0.0594849 , 0.0659455 , 0.0728989 , 0.0899112 , 0.108341 , 0.0844144 , 0.0589083 , 0.0612146 , 0.0634708 , 0.104405 , 0.143267 , 0.133382 , 0.104148 , 

shifts ,
0 , 0 , 0 , 0 , 0 , 0 , 0 , 0 , 0 , 0 , 0 , 0 , 0 , 0 , 0 , 0 , 0 , 0 , 0 , 0 , 0 , 0 , 0 , 0 , 0 , 0 , 0 , 0 , 0 , 0 , 0 , 0 , 0 , 
0 , 0 , 0 , 0 , 0 , 0 , 0 , 0 , 0 , 0 , 0 , 0 , 0 , 0 , 0 , 0 , 0 , 0 , 0 , 0 , 0 , 0 , 0 , 0 , 0 , 0 , 0 , 0 , 0 , 0 , 0 , 0 , 0 , 
0 , 0 , 0 , 0 , 0 , 0 , 0 , 0 , 0 , 0 , 0 , 0 , 0 , 0 , 0 , 0 , 0 , 0 , 0 , 0 , 0 , 0 , 0 , 0 , 0 , 0 , 0 , 0 , 0 , 0 , 0 , 0 , 0 , 
0 , 0 , 0 , 0 , 0 , 0 , 0 , 0 , 0 , 0 , 0 , 0 , 0 , 0 , 0 , 0 , 0 , 0 , 0 , 0 , 0 , 0 , 0 , 0 , 0 , 0 , 0 , 0 , 0 , 0 , 0 , 0 , 0 , 
0 , 0 , 0 , 0 , 0 , 0 , 0 , 0 , 0 , 0 , 0 , 0 , 0 , 0 , 0 , 0 , 0 , 0 , 0 , 0 , 0 , 0 , 0 , 0 , 0 , 0 , 0 , 0 , 0 , 0 , 0 , 0 , 0 , 
0 , 0 , 0 , 0 , 0 , 0 , 0 , 0 , 0 , 0 , 0 , 0 , 0 , 0 , 0 , 0 , 0 , 0 , 0 , 0 , 0 , 0 , 0 , 0 , 0 , 0 , 0 , 0 , 0 , 0 , 0 , 0 , 0 , 
0 , 0 , 0 , 0 , 0 , 0 , 0 , 0 , 0 , 0 , 0 , 0 , 0 , 0 , 0 , 0 , 0 , 0 , 0 , 0 , 0 , 0 , 0 , 0 , 0 , 0 , 0 , 0 , 0 , 0 , 0 , 0 , 0 , 
0 , 0 , 0 , 0 , 0 , 0 , 0 , 0 , 0 , 0 , 0 , 0 , 0 , 0 , 0 , 0 , 0 , 0 , 0 , 0 , 0 , 0 , 0 , 0 , 0 , 0 , 0 , 0 , 0 , 0 , 0 , 0 , 0 , 
0 , 0 , 0 , 0 , 0 , 0 , 0 , 0 , 0 , 0 , 0 , 0 , 0 , 0 , 0 , 0 , 0 , 0 , 0 , 0 , 0 , 0 , 0 , 0 , 0 , 0 , 0 , 0 , 0 , 0 , 0 , 0 , 0 , 
0 , 0 , 0 , 0 , 0 , 0 , 0 , 0 , 0 , 0 , 0 , 0 , 0 , 0 , 0 , 0 , 0 , 0 , 0 , 0 , 0 , 0 , 0 , 0 , 0 , 0 , 0 , 0 , 0 , 0 , 0 , 0 , 0 , 
0 , 0 , 0 , 0 , 0 , 0 , 0 , 0 , 0 , 0 , 0 , 0 , 0 , 0 , 0 , 0 , 0 , 0 , 0 , 0 , 0 , 0 , 0 , 0 , 0 , 0 , 0 , 0 , 0 , 0 , 0 , 0 , 0 , 
0 , 0 , 0 , 0 , 0 , 0 , 0 , 0 , 0 , 0 , 0 , 0 , 0 , 0 , 0 , 0 , 0 , 0 , 0 , 0 , 0 , 0 , 0 , 0 , 0 , 0 , 0 , 0 , 0 , 0 , 0 , 0 , 0 , 
0 , 0 , 0 , 0 , 0 , 0 , 0 , 0 , 0 , 0 , 0 , 0 , 0 , 0 , 0 , 0 , 0 , 0 , 0 , 0 , 0 , 0 , 0 , 0 , 0 , 0 , 0 , 0 , 0 , 0 , 0 , 0 , 0 , 
0 , 0 , 0 , 0 , 0 , 0 , 0 , 0 , 0 , 0 , 0 , 0 , 0 , 0 , 0 , 0 , 0 , 0 , 0 , 0 , 0 , 0 , 0 , 0 , 0 , 0 , 0 , 0 , 0 , 0 , 0 , 0 , 0 , 
0 , 0 , 0 , 0 , 0 , 0 , 0 , 0 , 0 , 0 , 0 , 0 , 0 , 0 , 0 , 0 , 0 , 0 , 0 , 0 , 0 , 0 , 0 , 0 , 0 , 0 , 0 , 0 , 0 , 0 , 0 , 0 , 0 , 
0 , 0 , 0 , 0 , 0 , 0 , 0 , 0 , 0 , 0 , 0 , 0 , 0 , 0 , 0 , 0 , 0 , 0 , 0 , 0 , 0 , 0 , 0 , 0 , 0 , 0 , 0 , 0 , 0 , 0 , 0 , 0 , 0 , 
0 , 0 , 0 , 0 , 0 , 0 , 0 , 0 , 0 , 0 , 0 , 0 , 0 , 0 , 0 , 0 , 0 , 0 , 0 , 0 , 0 , 0 , 0 , 0 , 0 , 0 , 0 , 0 , 0 , 0 , 0 , 0 , 0 , 
0 , 0 , 0 , 0 , 0 , 0 , 0 , 0 , 0 , 0 , 0 , 0 , 0 , 0 , 0 , 0 , 0 , 0 , 0 , 0 , 0 , 0 , 0 , 0 , 0 , 0 , 0 , 0 , 0 , 0 , 0 , 0 , 0 , 
0 , 0 , 0 , 0 , 0 , 0 , 0 , 0 , 0 , 0 , 0 , 0 , 0 , 0 , 0 , 0 , 0 , 0 , 0 , 0 , 0 , 0 , 0 , 0 , 0 , 0 , 0 , 0 , 0 , 0 , 0 , 0 , 0 , 
0 , 0 , 0 , 0 , 0 , 0 , 0 , 0 , 0 , 0 , 0 , 0 , 0 , 0 , 0 , 0 , 0 , 0 , 0 , 0 , 0 , 0 , 0 , 0 , 0 , 0 , 0 , 0 , 0 , 0 , 0 , 0 , 0 , 
0 , 0 , 0 , 0 , 0 , 0 , 0 , 0 , 0 , 0 , 0 , 0 , 0 , 0 , 0 , 0 , 0 , 0 , 0 , 0 , 0 , 0 , 0 , 0 , 0 , 0 , 0 , 0 , 0 , 0 , 0 , 0 , 0 , 
0 , 0 , 0 , 0 , 0 , 0 , 0 , 0 , 0 , 0 , 0 , 0 , 0 , 0 , 0 , 0 , 0 , 0 , 0 , 0 , 0 , 0 , 0 , 0 , 0 , 0 , 0 , 0 , 0 , 0 , 0 , 0 , 0 , 
0 , 0 , 0 , 0 , 0 , 0 , 0 , 0 , 0 , 0 , 0 , 0 , 0 , 0 , 0 , 0 , 0 , 0 , 0 , 0 , 0 , 0 , 0 , 0 , 0 , 0 , 0 , 0 , 0 , 0 , 0 , 0 , 0 , 
0 , 0 , 0 , 0 , 0 , 0 , 0 , 0 , 0 , 0 , 0 , 0 , 0 , 0 , 0 , 0 , 0 , 0 , 0 , 0 , 0 , 0 , 0 , 0 , 0 , 0 , 0 , 0 , 0 , 0 , 0 , 0 , 0 , 
0 , 0 , 0 , 0 , 0 , 0 , 0 , 0 , 0 , 0 , 0 , 0 , 0 , 0 , 0 , 0 , 0 , 0 , 0 , 0 , 0 , 0 , 0 , 0 , 0 , 0 , 0 , 0 , 0 , 0 , 0 , 0 , 0 , 
0 , 0 , 0 , 0 , 0 , 0 , 0 , 0 , 0 , 0 , 0 , 0 , 0 , 0 , 0 , 0 , 0 , 0 , 0 , 0 , 0 , 0 , 0 , 0 , 0 , 0 , 0 , 0 , 0 , 0 , 0 , 0 , 0 , 
0 , 0 , 0 , 0 , 0 , 0 , 0 , 0 , 0 , 0 , 0 , 0 , 0 , 0 , 0 , 0 , 0 , 0 , 0 , 0 , 0 , 0 , 0 , 0 , 0 , 0 , 0 , 0 , 0 , 0 , 0 , 0 , 0 , 
0 , 0 , 0 , 0 , 0 , 0 , 0 , 0 , 0 , 0 , 0 , 0 , 0 , 0 , 0 , 0 , 0 , 0 , 0 , 0 , 0 , 0 , 0 , 0 , 0 , 0 , 0 , 0 , 0 , 0 , 0 , 0 , 0 , 
0 , 0 , 0 , 0 , 0 , 0 , 0 , 0 , 0 , 0 , 0 , 0 , 0 , 0 , 0 , 0 , 0 , 0 , 0 , 0 , 0 , 0 , 0 , 0 , 0 , 0 , 0 , 0 , 0 , 0 , 0 , 0 , 0 , 
0 , 0 , 0 , 0 , 0 , 0 , 0 , 0 , 0 , 0 , 0 , 0 , 0 , 0 , 0 , 0 , 0 , 0 , 0 , 0 , 0 , 0 , 0 , 0 , 0 , 0 , 0 , 0 , 0 , 0 , 0 , 0 , 0 , 
0 , 0 , 0 , 0 , 0 , 0 , 0 , 0 , 0 , 0 , 0 , 0 , 0 , 0 , 0 , 0 , 0 , 0 , 0 , 0 , 0 , 0 , 0 , 0 , 0 , 0 , 0 , 0 , 0 , 0 , 0 , 0 , 0 , 
0 , 0 , 0 , 0 , 0 , 0 , 0 , 0 , 0 , 0 , 0 , 0 , 0 , 0 , 0 , 0 , 0 , 0 , 0 , 0 , 0 , 0 , 0 , 0 , 0 , 0 , 0 , 0 , 0 , 0 , 0 , 0 , 0 , 
0 , 0 , 0 , 0 , 0 , 0 , 0 , 0 , 0 , 0 , 0 , 0 , 0 , 0 , 0 , 0 , 0 , 0 , 0 , 0 , 0 , 0 , 0 , 0 , 0 , 0 , 0 , 0 , 0 , 0 , 0 , 0 , 0 , 

