g ,
1e+100 , 0 , 0 , 0 , 0 , 0 , 0 , 0 , 0 , 0 , 0 , 0 , 0 , 0 , 0 , 0 , 0 , 0 , 0 , 0 , 0 , 0 , 0 , 0 , 0 , 0 , 0 , 0 , 0 , 0 , 0 , 0 , 0 , 
1e+100 , 1.08046 , 0 , 0 , 0 , 0 , 0 , 0 , 0 , 0 , 0 , 0 , 0 , 0 , 0 , 0 , 0 , 0 , 0 , 0 , 0 , 0 , 0 , 0 , 0 , 0 , 0 , 0 , 0 , 0 , 0 , 0 , 0 , 
1e+100 , 1.08046 , 1.08046 , 0 , 0 , 0 , 0 , 0 , 0 , 0 , 0 , 0 , 0 , 0 , 0 , 0 , 0 , 0 , 0 , 0 , 0 , 0 , 0 , 0 , 0 , 0 , 0 , 0 , 0 , 0 , 0 , 0 , 0 , 
1e+100 , 1.08046 , 1.08046 , 1.08046 , 0 , 0 , 0 , 0 , 0 , 0 , 0 , 0 , 0 , 0 , 0 , 0 , 0 , 0 , 0 , 0 , 0 , 0 , 0 , 0 , 0 , 0 , 0 , 0 , 0 , 0 , 0 , 0 , 0 , 
1e+100 , 0.990665 , 0.990665 , 1.04269 , 1.04269 , 0 , 0 , 0 , 0 , 0 , 0 , 0 , 0 , 0 , 0 , 0 , 0 , 0 , 0 , 0 , 0 , 0 , 0 , 0 , 0 , 0 , 0 , 0 , 0 , 0 , 0 , 0 , 0 , 
1e+100 , 0.900864 , 0.900864 , 0.952888 , 1.00491 , 1.00491 , 0 , 0 , 0 , 0 , 0 , 0 , 0 , 0 , 0 , 0 , 0 , 0 , 0 , 0 , 0 , 0 , 0 , 0 , 0 , 0 , 0 , 0 , 0 , 0 , 0 , 0 , 0 , 
1e+100 , 0.97305 , 0.97305 , 0.930229 , 0.887408 , 1.02524 , 1.02524 , 0 , 0 , 0 , 0 , 0 , 0 , 0 , 0 , 0 , 0 , 0 , 0 , 0 , 0 , 0 , 0 , 0 , 0 , 0 , 0 , 0 , 0 , 0 , 0 , 0 , 0 , 
1e+100 , 1.04524 , 1.04524 , 0.90757 , 0.769904 , 0.907736 , 1.04557 , 1.04557 , 0 , 0 , 0 , 0 , 0 , 0 , 0 , 0 , 0 , 0 , 0 , 0 , 0 , 0 , 0 , 0 , 0 , 0 , 0 , 0 , 0 , 0 , 0 , 0 , 0 , 
1e+100 , 1.08134 , 1.08134 , 0.910613 , 0.739881 , 0.864143 , 0.988405 , 0.968538 , 0.968538 , 0 , 0 , 0 , 0 , 0 , 0 , 0 , 0 , 0 , 0 , 0 , 0 , 0 , 0 , 0 , 0 , 0 , 0 , 0 , 0 , 0 , 0 , 0 , 0 , 
1e+100 , 1.11745 , 1.11745 , 0.913655 , 0.709858 , 0.82055 , 0.931242 , 0.911375 , 0.891508 , 0.891508 , 0 , 0 , 0 , 0 , 0 , 0 , 0 , 0 , 0 , 0 , 0 , 0 , 0 , 0 , 0 , 0 , 0 , 0 , 0 , 0 , 0 , 0 , 0 , 
1e+100 , 1.13512 , 1.13512 , 0.975569 , 0.816019 , 0.86858 , 0.921141 , 0.866515 , 0.811889 , 0.889246 , 0.889246 , 0 , 0 , 0 , 0 , 0 , 0 , 0 , 0 , 0 , 0 , 0 , 0 , 0 , 0 , 0 , 0 , 0 , 0 , 0 , 0 , 0 , 0 , 
1e+100 , 1.15279 , 1.15279 , 1.03748 , 0.92218 , 0.91661 , 0.911039 , 0.821655 , 0.732271 , 0.809628 , 0.886984 , 0.886984 , 0 , 0 , 0 , 0 , 0 , 0 , 0 , 0 , 0 , 0 , 0 , 0 , 0 , 0 , 0 , 0 , 0 , 0 , 0 , 0 , 0 , 
1e+100 , 1.12402 , 1.12402 , 1.08289 , 1.04176 , 0.954982 , 0.868204 , 0.819578 , 0.770951 , 0.803074 , 0.835196 , 0.836467 , 0.836467 , 0 , 0 , 0 , 0 , 0 , 0 , 0 , 0 , 0 , 0 , 0 , 0 , 0 , 0 , 0 , 0 , 0 , 0 , 0 , 0 , 
1e+100 , 1.09526 , 1.09526 , 1.1283 , 1.16134 , 0.993354 , 0.825369 , 0.8175 , 0.809632 , 0.79652 , 0.783409 , 0.784679 , 0.78595 , 0.78595 , 0 , 0 , 0 , 0 , 0 , 0 , 0 , 0 , 0 , 0 , 0 , 0 , 0 , 0 , 0 , 0 , 0 , 0 , 0 , 
1e+100 , 1.10328 , 1.10328 , 1.1128 , 1.12233 , 0.999304 , 0.876278 , 0.871263 , 0.866247 , 0.814001 , 0.761754 , 0.776901 , 0.792048 , 0.778786 , 0.778786 , 0 , 0 , 0 , 0 , 0 , 0 , 0 , 0 , 0 , 0 , 0 , 0 , 0 , 0 , 0 , 0 , 0 , 0 , 
1e+100 , 1.1113 , 1.1113 , 1.09731 , 1.08332 , 1.00525 , 0.927188 , 0.925025 , 0.922862 , 0.831481 , 0.7401 , 0.769122 , 0.798145 , 0.784884 , 0.771622 , 0.771622 , 0 , 0 , 0 , 0 , 0 , 0 , 0 , 0 , 0 , 0 , 0 , 0 , 0 , 0 , 0 , 0 , 0 , 
1e+100 , 1.12035 , 1.12035 , 1.08815 , 1.05596 , 0.991902 , 0.927847 , 0.942014 , 0.956181 , 0.851094 , 0.746007 , 0.766171 , 0.786335 , 0.770789 , 0.755243 , 0.785442 , 0.785442 , 0 , 0 , 0 , 0 , 0 , 0 , 0 , 0 , 0 , 0 , 0 , 0 , 0 , 0 , 0 , 0 , 
1e+100 , 1.12941 , 1.12941 , 1.079 , 1.0286 , 0.978551 , 0.928506 , 0.959003 , 0.989499 , 0.870706 , 0.751914 , 0.763219 , 0.774525 , 0.756694 , 0.738863 , 0.769063 , 0.799263 , 0.799263 , 0 , 0 , 0 , 0 , 0 , 0 , 0 , 0 , 0 , 0 , 0 , 0 , 0 , 0 , 0 , 
1e+100 , 1.12934 , 1.12934 , 1.06026 , 0.991182 , 0.952601 , 0.91402 , 0.939879 , 0.965739 , 0.893231 , 0.820723 , 0.81847 , 0.816217 , 0.787965 , 0.759714 , 0.785496 , 0.811279 , 0.728195 , 0.728195 , 0 , 0 , 0 , 0 , 0 , 0 , 0 , 0 , 0 , 0 , 0 , 0 , 0 , 0 , 
1e+100 , 1.12927 , 1.12927 , 1.04152 , 0.953768 , 0.926652 , 0.899535 , 0.920756 , 0.941978 , 0.915755 , 0.889533 , 0.873721 , 0.857909 , 0.819237 , 0.780565 , 0.80193 , 0.823295 , 0.740211 , 0.657127 , 0.657127 , 0 , 0 , 0 , 0 , 0 , 0 , 0 , 0 , 0 , 0 , 0 , 0 , 0 , 
1e+100 , 1.13605 , 1.13605 , 1.04722 , 0.95838 , 0.988649 , 1.01892 , 0.953636 , 0.888355 , 0.929917 , 0.971478 , 0.874769 , 0.77806 , 0.758103 , 0.738146 , 0.786007 , 0.833868 , 0.765358 , 0.696848 , 0.610473 , 0.610473 , 0 , 0 , 0 , 0 , 0 , 0 , 0 , 0 , 0 , 0 , 0 , 0 , 
1e+100 , 1.14283 , 1.14283 , 1.05291 , 0.962992 , 1.05065 , 1.1383 , 0.986515 , 0.834732 , 0.944078 , 1.05342 , 0.875817 , 0.698211 , 0.696968 , 0.695726 , 0.770083 , 0.844441 , 0.790505 , 0.736569 , 0.650194 , 0.563818 , 0.563818 , 0 , 0 , 0 , 0 , 0 , 0 , 0 , 0 , 0 , 0 , 0 , 
1e+100 , 1.20661 , 1.20661 , 1.11366 , 1.02072 , 1.06785 , 1.11498 , 1.0188 , 0.922609 , 0.955438 , 0.988267 , 0.861761 , 0.735255 , 0.695504 , 0.655753 , 0.675401 , 0.695049 , 0.732156 , 0.769263 , 0.673818 , 0.578373 , 0.662353 , 0.662353 , 0 , 0 , 0 , 0 , 0 , 0 , 0 , 0 , 0 , 0 , 
1e+100 , 1.27038 , 1.27038 , 1.17441 , 1.07844 , 1.08505 , 1.09167 , 1.05108 , 1.01049 , 0.966798 , 0.92311 , 0.847705 , 0.772299 , 0.69404 , 0.61578 , 0.580718 , 0.545657 , 0.673807 , 0.801956 , 0.697442 , 0.592928 , 0.676908 , 0.760888 , 0.760888 , 0 , 0 , 0 , 0 , 0 , 0 , 0 , 0 , 0 , 
1e+100 , 1.25314 , 1.25314 , 1.17864 , 1.10415 , 1.09796 , 1.09178 , 1.02335 , 0.954924 , 0.978042 , 1.00116 , 0.9398 , 0.87844 , 0.784657 , 0.690874 , 0.604672 , 0.51847 , 0.617383 , 0.716296 , 0.691856 , 0.667415 , 0.634663 , 0.601911 , 0.664982 , 0.664982 , 0 , 0 , 0 , 0 , 0 , 0 , 0 , 0 , 
1e+100 , 1.2359 , 1.2359 , 1.18287 , 1.12985 , 1.11088 , 1.0919 , 0.99563 , 0.899362 , 0.989285 , 1.07921 , 1.03189 , 0.984581 , 0.875275 , 0.765969 , 0.628626 , 0.491284 , 0.56096 , 0.630637 , 0.686269 , 0.741902 , 0.592418 , 0.442934 , 0.506005 , 0.569076 , 0.569076 , 0 , 0 , 0 , 0 , 0 , 0 , 0 , 
1e+100 , 1.26484 , 1.26484 , 1.20878 , 1.15272 , 1.1323 , 1.11188 , 0.993934 , 0.875992 , 0.993975 , 1.11196 , 1.05502 , 0.998091 , 0.908977 , 0.819863 , 0.679414 , 0.538965 , 0.495847 , 0.452729 , 0.561153 , 0.669576 , 0.650526 , 0.631476 , 0.552079 , 0.472683 , 0.586503 , 0.586503 , 0 , 0 , 0 , 0 , 0 , 0 , 
1e+100 , 1.29378 , 1.29378 , 1.23468 , 1.17558 , 1.15372 , 1.13186 , 0.992239 , 0.852622 , 0.998666 , 1.14471 , 1.07815 , 1.0116 , 0.942679 , 0.873758 , 0.730202 , 0.586646 , 0.430734 , 0.274821 , 0.436036 , 0.597251 , 0.708634 , 0.820018 , 0.598154 , 0.37629 , 0.49011 , 0.603931 , 0.603931 , 0 , 0 , 0 , 0 , 0 , 
1e+100 , 1.29051 , 1.29051 , 1.25024 , 1.20996 , 1.20862 , 1.20728 , 1.08117 , 0.955052 , 1.03304 , 1.11103 , 1.02429 , 0.937542 , 0.887377 , 0.837212 , 0.742533 , 0.647854 , 0.459407 , 0.270959 , 0.284801 , 0.298643 , 0.559058 , 0.819474 , 0.695405 , 0.571336 , 0.509146 , 0.446956 , 0.590675 , 0.590675 , 0 , 0 , 0 , 0 , 
1e+100 , 1.28725 , 1.28725 , 1.26579 , 1.24434 , 1.26352 , 1.28271 , 1.1701 , 1.05748 , 1.06742 , 1.07735 , 0.970419 , 0.863485 , 0.832075 , 0.800665 , 0.754863 , 0.709062 , 0.48808 , 0.267097 , 0.133566 , 3.45202e-005 , 0.409482 , 0.81893 , 0.792657 , 0.766383 , 0.528182 , 0.289981 , 0.4337 , 0.577419 , 0.577419 , 0 , 0 , 0 , 
1e+100 , 1.21358 , 1.21358 , 1.20695 , 1.20033 , 1.2335 , 1.26667 , 1.16775 , 1.06883 , 1.08266 , 1.0965 , 1.0068 , 0.9171 , 0.869756 , 0.822412 , 0.765459 , 0.708506 , 0.592581 , 0.476656 , 0.256314 , 0.0359729 , 0.265652 , 0.495331 , 0.705701 , 0.916071 , 0.715453 , 0.514834 , 0.428421 , 0.342009 , 0.63372 , 0.63372 , 0 , 0 , 
1e+100 , 1.13992 , 1.13992 , 1.14812 , 1.15632 , 1.20348 , 1.25063 , 1.1654 , 1.08017 , 1.09791 , 1.11564 , 1.04318 , 0.970715 , 0.907437 , 0.844159 , 0.776054 , 0.707949 , 0.697082 , 0.686215 , 0.379063 , 0.0719113 , 0.121821 , 0.171732 , 0.618746 , 1.06576 , 0.902723 , 0.739687 , 0.423143 , 0.106599 , 0.39831 , 0.690022 , 0.690022 , 0 , 
1e+100 , 1.13992 , 1.13992 , 1.14812 , 1.15632 , 1.20348 , 1.25063 , 1.1654 , 1.08017 , 1.09791 , 1.11564 , 1.04318 , 0.970715 , 0.907437 , 0.844159 , 0.776054 , 0.707949 , 0.697082 , 0.686215 , 0.379063 , 0.0719113 , 0.121821 , 0.171732 , 0.618746 , 1.06576 , 0.902723 , 0.739687 , 0.423143 , 0.106599 , 0.39831 , 0.690022 , 0.690022 , 0.690022 , 

h ,
1e+100 , 0 , 0 , 0 , 0 , 0 , 0 , 0 , 0 , 0 , 0 , 0 , 0 , 0 , 0 , 0 , 0 , 0 , 0 , 0 , 0 , 0 , 0 , 0 , 0 , 0 , 0 , 0 , 0 , 0 , 0 , 0 , 0 , 
1e+100 , 0.120859 , 0 , 0 , 0 , 0 , 0 , 0 , 0 , 0 , 0 , 0 , 0 , 0 , 0 , 0 , 0 , 0 , 0 , 0 , 0 , 0 , 0 , 0 , 0 , 0 , 0 , 0 , 0 , 0 , 0 , 0 , 0 , 
1e+100 , 0.154783 , 0.120859 , 0 , 0 , 0 , 0 , 0 , 0 , 0 , 0 , 0 , 0 , 0 , 0 , 0 , 0 , 0 , 0 , 0 , 0 , 0 , 0 , 0 , 0 , 0 , 0 , 0 , 0 , 0 , 0 , 0 , 0 , 
1e+100 , 0.166254 , 0.154783 , 0.120859 , 0 , 0 , 0 , 0 , 0 , 0 , 0 , 0 , 0 , 0 , 0 , 0 , 0 , 0 , 0 , 0 , 0 , 0 , 0 , 0 , 0 , 0 , 0 , 0 , 0 , 0 , 0 , 0 , 0 , 
1e+100 , 0.166418 , 0.166254 , 0.154783 , 0.120859 , 0 , 0 , 0 , 0 , 0 , 0 , 0 , 0 , 0 , 0 , 0 , 0 , 0 , 0 , 0 , 0 , 0 , 0 , 0 , 0 , 0 , 0 , 0 , 0 , 0 , 0 , 0 , 0 , 
1e+100 , 0.161502 , 0.166418 , 0.166254 , 0.154783 , 0.120859 , 0 , 0 , 0 , 0 , 0 , 0 , 0 , 0 , 0 , 0 , 0 , 0 , 0 , 0 , 0 , 0 , 0 , 0 , 0 , 0 , 0 , 0 , 0 , 0 , 0 , 0 , 0 , 
1e+100 , 0.154851 , 0.161502 , 0.166418 , 0.166254 , 0.154783 , 0.120859 , 0 , 0 , 0 , 0 , 0 , 0 , 0 , 0 , 0 , 0 , 0 , 0 , 0 , 0 , 0 , 0 , 0 , 0 , 0 , 0 , 0 , 0 , 0 , 0 , 0 , 0 , 
1e+100 , 0.148151 , 0.154851 , 0.161502 , 0.166418 , 0.166254 , 0.154783 , 0.120859 , 0 , 0 , 0 , 0 , 0 , 0 , 0 , 0 , 0 , 0 , 0 , 0 , 0 , 0 , 0 , 0 , 0 , 0 , 0 , 0 , 0 , 0 , 0 , 0 , 0 , 
1e+100 , 0.142163 , 0.148151 , 0.154851 , 0.161502 , 0.166418 , 0.166254 , 0.154783 , 0.120859 , 0 , 0 , 0 , 0 , 0 , 0 , 0 , 0 , 0 , 0 , 0 , 0 , 0 , 0 , 0 , 0 , 0 , 0 , 0 , 0 , 0 , 0 , 0 , 0 , 
1e+100 , 0.137149 , 0.142163 , 0.148151 , 0.154851 , 0.161502 , 0.166418 , 0.166254 , 0.154783 , 0.120859 , 0 , 0 , 0 , 0 , 0 , 0 , 0 , 0 , 0 , 0 , 0 , 0 , 0 , 0 , 0 , 0 , 0 , 0 , 0 , 0 , 0 , 0 , 0 , 
1e+100 , 0.133121 , 0.137149 , 0.142163 , 0.148151 , 0.154851 , 0.161502 , 0.166418 , 0.166254 , 0.154783 , 0.120859 , 0 , 0 , 0 , 0 , 0 , 0 , 0 , 0 , 0 , 0 , 0 , 0 , 0 , 0 , 0 , 0 , 0 , 0 , 0 , 0 , 0 , 0 , 
1e+100 , 0.129975 , 0.133121 , 0.137149 , 0.142163 , 0.148151 , 0.154851 , 0.161502 , 0.166418 , 0.166254 , 0.154783 , 0.120859 , 0 , 0 , 0 , 0 , 0 , 0 , 0 , 0 , 0 , 0 , 0 , 0 , 0 , 0 , 0 , 0 , 0 , 0 , 0 , 0 , 0 , 
1e+100 , 0.127568 , 0.129975 , 0.133121 , 0.137149 , 0.142163 , 0.148151 , 0.154851 , 0.161502 , 0.166418 , 0.166254 , 0.154783 , 0.120859 , 0 , 0 , 0 , 0 , 0 , 0 , 0 , 0 , 0 , 0 , 0 , 0 , 0 , 0 , 0 , 0 , 0 , 0 , 0 , 0 , 
1e+100 , 0.125756 , 0.127568 , 0.129975 , 0.133121 , 0.137149 , 0.142163 , 0.148151 , 0.154851 , 0.161502 , 0.166418 , 0.166254 , 0.154783 , 0.120859 , 0 , 0 , 0 , 0 , 0 , 0 , 0 , 0 , 0 , 0 , 0 , 0 , 0 , 0 , 0 , 0 , 0 , 0 , 0 , 
1e+100 , 0.124409 , 0.125756 , 0.127568 , 0.129975 , 0.133121 , 0.137149 , 0.142163 , 0.148151 , 0.154851 , 0.161502 , 0.166418 , 0.166254 , 0.154783 , 0.120859 , 0 , 0 , 0 , 0 , 0 , 0 , 0 , 0 , 0 , 0 , 0 , 0 , 0 , 0 , 0 , 0 , 0 , 0 , 
1e+100 , 0.123417 , 0.124409 , 0.125756 , 0.127568 , 0.129975 , 0.133121 , 0.137149 , 0.142163 , 0.148151 , 0.154851 , 0.161502 , 0.166418 , 0.166254 , 0.154783 , 0.120859 , 0 , 0 , 0 , 0 , 0 , 0 , 0 , 0 , 0 , 0 , 0 , 0 , 0 , 0 , 0 , 0 , 0 , 
1e+100 , 0.122693 , 0.123417 , 0.124409 , 0.125756 , 0.127568 , 0.129975 , 0.133121 , 0.137149 , 0.142163 , 0.148151 , 0.154851 , 0.161502 , 0.166418 , 0.166254 , 0.154783 , 0.120859 , 0 , 0 , 0 , 0 , 0 , 0 , 0 , 0 , 0 , 0 , 0 , 0 , 0 , 0 , 0 , 0 , 
1e+100 , 0.122168 , 0.122693 , 0.123417 , 0.124409 , 0.125756 , 0.127568 , 0.129975 , 0.133121 , 0.137149 , 0.142163 , 0.148151 , 0.154851 , 0.161502 , 0.166418 , 0.166254 , 0.154783 , 0.120859 , 0 , 0 , 0 , 0 , 0 , 0 , 0 , 0 , 0 , 0 , 0 , 0 , 0 , 0 , 0 , 
1e+100 , 0.12179 , 0.122168 , 0.122693 , 0.123417 , 0.124409 , 0.125756 , 0.127568 , 0.129975 , 0.133121 , 0.137149 , 0.142163 , 0.148151 , 0.154851 , 0.161502 , 0.166418 , 0.166254 , 0.154783 , 0.120859 , 0 , 0 , 0 , 0 , 0 , 0 , 0 , 0 , 0 , 0 , 0 , 0 , 0 , 0 , 
1e+100 , 0.121518 , 0.12179 , 0.122168 , 0.122693 , 0.123417 , 0.124409 , 0.125756 , 0.127568 , 0.129975 , 0.133121 , 0.137149 , 0.142163 , 0.148151 , 0.154851 , 0.161502 , 0.166418 , 0.166254 , 0.154783 , 0.120859 , 0 , 0 , 0 , 0 , 0 , 0 , 0 , 0 , 0 , 0 , 0 , 0 , 0 , 
1e+100 , 0.121325 , 0.121518 , 0.12179 , 0.122168 , 0.122693 , 0.123417 , 0.124409 , 0.125756 , 0.127568 , 0.129975 , 0.133121 , 0.137149 , 0.142163 , 0.148151 , 0.154851 , 0.161502 , 0.166418 , 0.166254 , 0.154783 , 0.120859 , 0 , 0 , 0 , 0 , 0 , 0 , 0 , 0 , 0 , 0 , 0 , 0 , 
1e+100 , 0.121187 , 0.121325 , 0.121518 , 0.12179 , 0.122168 , 0.122693 , 0.123417 , 0.124409 , 0.125756 , 0.127568 , 0.129975 , 0.133121 , 0.137149 , 0.142163 , 0.148151 , 0.154851 , 0.161502 , 0.166418 , 0.166254 , 0.154783 , 0.120859 , 0 , 0 , 0 , 0 , 0 , 0 , 0 , 0 , 0 , 0 , 0 , 
1e+100 , 0.12109 , 0.121187 , 0.121325 , 0.121518 , 0.12179 , 0.122168 , 0.122693 , 0.123417 , 0.124409 , 0.125756 , 0.127568 , 0.129975 , 0.133121 , 0.137149 , 0.142163 , 0.148151 , 0.154851 , 0.161502 , 0.166418 , 0.166254 , 0.154783 , 0.120859 , 0 , 0 , 0 , 0 , 0 , 0 , 0 , 0 , 0 , 0 , 
1e+100 , 0.121021 , 0.12109 , 0.121187 , 0.121325 , 0.121518 , 0.12179 , 0.122168 , 0.122693 , 0.123417 , 0.124409 , 0.125756 , 0.127568 , 0.129975 , 0.133121 , 0.137149 , 0.142163 , 0.148151 , 0.154851 , 0.161502 , 0.166418 , 0.166254 , 0.154783 , 0.120859 , 0 , 0 , 0 , 0 , 0 , 0 , 0 , 0 , 0 , 
1e+100 , 0.120972 , 0.121021 , 0.12109 , 0.121187 , 0.121325 , 0.121518 , 0.12179 , 0.122168 , 0.122693 , 0.123417 , 0.124409 , 0.125756 , 0.127568 , 0.129975 , 0.133121 , 0.137149 , 0.142163 , 0.148151 , 0.154851 , 0.161502 , 0.166418 , 0.166254 , 0.154783 , 0.120859 , 0 , 0 , 0 , 0 , 0 , 0 , 0 , 0 , 
1e+100 , 0.120938 , 0.120972 , 0.121021 , 0.12109 , 0.121187 , 0.121325 , 0.121518 , 0.12179 , 0.122168 , 0.122693 , 0.123417 , 0.124409 , 0.125756 , 0.127568 , 0.129975 , 0.133121 , 0.137149 , 0.142163 , 0.148151 , 0.154851 , 0.161502 , 0.166418 , 0.166254 , 0.154783 , 0.120859 , 0 , 0 , 0 , 0 , 0 , 0 , 0 , 
1e+100 , 0.120914 , 0.120938 , 0.120972 , 0.121021 , 0.12109 , 0.121187 , 0.121325 , 0.121518 , 0.12179 , 0.122168 , 0.122693 , 0.123417 , 0.124409 , 0.125756 , 0.127568 , 0.129975 , 0.133121 , 0.137149 , 0.142163 , 0.148151 , 0.154851 , 0.161502 , 0.166418 , 0.166254 , 0.154783 , 0.120859 , 0 , 0 , 0 , 0 , 0 , 0 , 
1e+100 , 0.120898 , 0.120914 , 0.120938 , 0.120972 , 0.121021 , 0.12109 , 0.121187 , 0.121325 , 0.121518 , 0.12179 , 0.122168 , 0.122693 , 0.123417 , 0.124409 , 0.125756 , 0.127568 , 0.129975 , 0.133121 , 0.137149 , 0.142163 , 0.148151 , 0.154851 , 0.161502 , 0.166418 , 0.166254 , 0.154783 , 0.120859 , 0 , 0 , 0 , 0 , 0 , 
1e+100 , 0.120886 , 0.120898 , 0.120914 , 0.120938 , 0.120972 , 0.121021 , 0.12109 , 0.121187 , 0.121325 , 0.121518 , 0.12179 , 0.122168 , 0.122693 , 0.123417 , 0.124409 , 0.125756 , 0.127568 , 0.129975 , 0.133121 , 0.137149 , 0.142163 , 0.148151 , 0.154851 , 0.161502 , 0.166418 , 0.166254 , 0.154783 , 0.120859 , 0 , 0 , 0 , 0 , 
1e+100 , 0.120878 , 0.120886 , 0.120898 , 0.120914 , 0.120938 , 0.120972 , 0.121021 , 0.12109 , 0.121187 , 0.121325 , 0.121518 , 0.12179 , 0.122168 , 0.122693 , 0.123417 , 0.124409 , 0.125756 , 0.127568 , 0.129975 , 0.133121 , 0.137149 , 0.142163 , 0.148151 , 0.154851 , 0.161502 , 0.166418 , 0.166254 , 0.154783 , 0.120859 , 0 , 0 , 0 , 
1e+100 , 0.120872 , 0.120878 , 0.120886 , 0.120898 , 0.120914 , 0.120938 , 0.120972 , 0.121021 , 0.12109 , 0.121187 , 0.121325 , 0.121518 , 0.12179 , 0.122168 , 0.122693 , 0.123417 , 0.124409 , 0.125756 , 0.127568 , 0.129975 , 0.133121 , 0.137149 , 0.142163 , 0.148151 , 0.154851 , 0.161502 , 0.166418 , 0.166254 , 0.154783 , 0.120859 , 0 , 0 , 
1e+100 , 0.120868 , 0.120872 , 0.120878 , 0.120886 , 0.120898 , 0.120914 , 0.120938 , 0.120972 , 0.121021 , 0.12109 , 0.121187 , 0.121325 , 0.121518 , 0.12179 , 0.122168 , 0.122693 , 0.123417 , 0.124409 , 0.125756 , 0.127568 , 0.129975 , 0.133121 , 0.137149 , 0.142163 , 0.148151 , 0.154851 , 0.161502 , 0.166418 , 0.166254 , 0.154783 , 0.120859 , 0 , 
1e+100 , 0.120866 , 0.120868 , 0.120872 , 0.120878 , 0.120886 , 0.120898 , 0.120914 , 0.120938 , 0.120972 , 0.121021 , 0.12109 , 0.121187 , 0.121325 , 0.121518 , 0.12179 , 0.122168 , 0.122693 , 0.123417 , 0.124409 , 0.125756 , 0.127568 , 0.129975 , 0.133121 , 0.137149 , 0.142163 , 0.148151 , 0.154851 , 0.161502 , 0.166418 , 0.166254 , 0.154783 , 0.120859 , 

h*g ,
1e+200 , 0 , 0 , 0 , 0 , 0 , 0 , 0 , 0 , 0 , 0 , 0 , 0 , 0 , 0 , 0 , 0 , 0 , 0 , 0 , 0 , 0 , 0 , 0 , 0 , 0 , 0 , 0 , 0 , 0 , 0 , 0 , 0 , 
1e+200 , 0.130584 , 0 , 0 , 0 , 0 , 0 , 0 , 0 , 0 , 0 , 0 , 0 , 0 , 0 , 0 , 0 , 0 , 0 , 0 , 0 , 0 , 0 , 0 , 0 , 0 , 0 , 0 , 0 , 0 , 0 , 0 , 0 , 
1e+200 , 0.167238 , 0.130584 , 0 , 0 , 0 , 0 , 0 , 0 , 0 , 0 , 0 , 0 , 0 , 0 , 0 , 0 , 0 , 0 , 0 , 0 , 0 , 0 , 0 , 0 , 0 , 0 , 0 , 0 , 0 , 0 , 0 , 0 , 
1e+200 , 0.179632 , 0.167238 , 0.130584 , 0 , 0 , 0 , 0 , 0 , 0 , 0 , 0 , 0 , 0 , 0 , 0 , 0 , 0 , 0 , 0 , 0 , 0 , 0 , 0 , 0 , 0 , 0 , 0 , 0 , 0 , 0 , 0 , 0 , 
1e+200 , 0.164865 , 0.164702 , 0.161391 , 0.126019 , 0 , 0 , 0 , 0 , 0 , 0 , 0 , 0 , 0 , 0 , 0 , 0 , 0 , 0 , 0 , 0 , 0 , 0 , 0 , 0 , 0 , 0 , 0 , 0 , 0 , 0 , 0 , 0 , 
1e+200 , 0.145492 , 0.14992 , 0.158422 , 0.155543 , 0.121453 , 0 , 0 , 0 , 0 , 0 , 0 , 0 , 0 , 0 , 0 , 0 , 0 , 0 , 0 , 0 , 0 , 0 , 0 , 0 , 0 , 0 , 0 , 0 , 0 , 0 , 0 , 0 , 
1e+200 , 0.150678 , 0.15715 , 0.154807 , 0.147535 , 0.15869 , 0.12391 , 0 , 0 , 0 , 0 , 0 , 0 , 0 , 0 , 0 , 0 , 0 , 0 , 0 , 0 , 0 , 0 , 0 , 0 , 0 , 0 , 0 , 0 , 0 , 0 , 0 , 0 , 
1e+200 , 0.154852 , 0.161856 , 0.146575 , 0.128126 , 0.150915 , 0.161836 , 0.126367 , 0 , 0 , 0 , 0 , 0 , 0 , 0 , 0 , 0 , 0 , 0 , 0 , 0 , 0 , 0 , 0 , 0 , 0 , 0 , 0 , 0 , 0 , 0 , 0 , 0 , 
1e+200 , 0.153727 , 0.160202 , 0.141009 , 0.119493 , 0.143809 , 0.164327 , 0.149913 , 0.117057 , 0 , 0 , 0 , 0 , 0 , 0 , 0 , 0 , 0 , 0 , 0 , 0 , 0 , 0 , 0 , 0 , 0 , 0 , 0 , 0 , 0 , 0 , 0 , 0 , 
1e+200 , 0.153258 , 0.15886 , 0.135359 , 0.109922 , 0.132521 , 0.154976 , 0.15152 , 0.13799 , 0.107747 , 0 , 0 , 0 , 0 , 0 , 0 , 0 , 0 , 0 , 0 , 0 , 0 , 0 , 0 , 0 , 0 , 0 , 0 , 0 , 0 , 0 , 0 , 0 , 
1e+200 , 0.151108 , 0.15568 , 0.138689 , 0.120894 , 0.1345 , 0.148766 , 0.144204 , 0.13498 , 0.13764 , 0.107474 , 0 , 0 , 0 , 0 , 0 , 0 , 0 , 0 , 0 , 0 , 0 , 0 , 0 , 0 , 0 , 0 , 0 , 0 , 0 , 0 , 0 , 0 , 
1e+200 , 0.149833 , 0.15346 , 0.14229 , 0.1311 , 0.135796 , 0.141075 , 0.132699 , 0.121863 , 0.134604 , 0.13729 , 0.1072 , 0 , 0 , 0 , 0 , 0 , 0 , 0 , 0 , 0 , 0 , 0 , 0 , 0 , 0 , 0 , 0 , 0 , 0 , 0 , 0 , 0 , 
1e+200 , 0.14339 , 0.146095 , 0.144155 , 0.142876 , 0.135763 , 0.128625 , 0.126912 , 0.124511 , 0.133646 , 0.138855 , 0.129471 , 0.101095 , 0 , 0 , 0 , 0 , 0 , 0 , 0 , 0 , 0 , 0 , 0 , 0 , 0 , 0 , 0 , 0 , 0 , 0 , 0 , 0 , 
1e+200 , 0.137736 , 0.139721 , 0.146651 , 0.154599 , 0.136238 , 0.117337 , 0.121113 , 0.125372 , 0.12864 , 0.130373 , 0.130456 , 0.121652 , 0.0949895 , 0 , 0 , 0 , 0 , 0 , 0 , 0 , 0 , 0 , 0 , 0 , 0 , 0 , 0 , 0 , 0 , 0 , 0 , 0 , 
1e+200 , 0.137258 , 0.138744 , 0.141958 , 0.145874 , 0.133028 , 0.120181 , 0.123861 , 0.128335 , 0.126049 , 0.123025 , 0.129291 , 0.131681 , 0.120543 , 0.0941237 , 0 , 0 , 0 , 0 , 0 , 0 , 0 , 0 , 0 , 0 , 0 , 0 , 0 , 0 , 0 , 0 , 0 , 0 , 
1e+200 , 0.137153 , 0.138255 , 0.137993 , 0.138197 , 0.130657 , 0.123428 , 0.126866 , 0.131197 , 0.123185 , 0.114605 , 0.124215 , 0.132826 , 0.13049 , 0.119434 , 0.0932578 , 0 , 0 , 0 , 0 , 0 , 0 , 0 , 0 , 0 , 0 , 0 , 0 , 0 , 0 , 0 , 0 , 0 , 
1e+200 , 0.137459 , 0.13827 , 0.135376 , 0.132793 , 0.126535 , 0.120597 , 0.125402 , 0.131139 , 0.120994 , 0.110521 , 0.118642 , 0.126995 , 0.128273 , 0.125562 , 0.121573 , 0.0949281 , 0 , 0 , 0 , 0 , 0 , 0 , 0 , 0 , 0 , 0 , 0 , 0 , 0 , 0 , 0 , 0 , 
1e+200 , 0.137977 , 0.13857 , 0.133167 , 0.127966 , 0.123059 , 0.118448 , 0.124646 , 0.131723 , 0.119417 , 0.106894 , 0.113072 , 0.119936 , 0.122208 , 0.12296 , 0.12786 , 0.123712 , 0.0965984 , 0 , 0 , 0 , 0 , 0 , 0 , 0 , 0 , 0 , 0 , 0 , 0 , 0 , 0 , 0 , 
1e+200 , 0.137541 , 0.137969 , 0.130086 , 0.122329 , 0.118512 , 0.114944 , 0.119899 , 0.125522 , 0.118908 , 0.112561 , 0.116356 , 0.120923 , 0.122017 , 0.122696 , 0.130721 , 0.134879 , 0.112712 , 0.0880092 , 0 , 0 , 0 , 0 , 0 , 0 , 0 , 0 , 0 , 0 , 0 , 0 , 0 , 0 , 
1e+200 , 0.137227 , 0.137533 , 0.12724 , 0.11702 , 0.114364 , 0.11191 , 0.115791 , 0.120166 , 0.119025 , 0.118415 , 0.11983 , 0.121963 , 0.121371 , 0.120871 , 0.129514 , 0.137011 , 0.123063 , 0.101712 , 0.07942 , 0 , 0 , 0 , 0 , 0 , 0 , 0 , 0 , 0 , 0 , 0 , 0 , 0 , 
1e+200 , 0.137831 , 0.138051 , 0.12754 , 0.117083 , 0.1213 , 0.125751 , 0.118641 , 0.111716 , 0.118628 , 0.126268 , 0.11645 , 0.10671 , 0.107774 , 0.109357 , 0.121714 , 0.134672 , 0.12737 , 0.115854 , 0.0944908 , 0.0737814 , 0 , 0 , 0 , 0 , 0 , 0 , 0 , 0 , 0 , 0 , 0 , 0 , 
1e+200 , 0.138497 , 0.138654 , 0.127948 , 0.117282 , 0.128355 , 0.139661 , 0.121753 , 0.103848 , 0.118724 , 0.134383 , 0.113834 , 0.0929463 , 0.0955886 , 0.0989063 , 0.114088 , 0.130762 , 0.127668 , 0.122579 , 0.108098 , 0.0872695 , 0.0681427 , 0 , 0 , 0 , 0 , 0 , 0 , 0 , 0 , 0 , 0 , 0 , 
1e+200 , 0.146107 , 0.146225 , 0.135115 , 0.124036 , 0.130053 , 0.136215 , 0.124999 , 0.113865 , 0.118865 , 0.124281 , 0.109933 , 0.0955646 , 0.0925861 , 0.089936 , 0.0960168 , 0.102972 , 0.113375 , 0.124238 , 0.112136 , 0.096157 , 0.102521 , 0.0800516 , 0 , 0 , 0 , 0 , 0 , 0 , 0 , 0 , 0 , 0 , 
1e+200 , 0.153742 , 0.15383 , 0.142323 , 0.130842 , 0.131854 , 0.132954 , 0.128408 , 0.123979 , 0.119319 , 0.114843 , 0.106604 , 0.0985208 , 0.0902076 , 0.0819731 , 0.079645 , 0.077572 , 0.099825 , 0.124184 , 0.112639 , 0.098674 , 0.112539 , 0.117773 , 0.0919605 , 0 , 0 , 0 , 0 , 0 , 0 , 0 , 0 , 0 , 
1e+200 , 0.151595 , 0.151656 , 0.142721 , 0.133808 , 0.13321 , 0.132672 , 0.124634 , 0.116661 , 0.119999 , 0.12356 , 0.116919 , 0.110469 , 0.100097 , 0.0897962 , 0.0804945 , 0.0711077 , 0.0877689 , 0.10612 , 0.107134 , 0.107789 , 0.105619 , 0.10007 , 0.102928 , 0.0803693 , 0 , 0 , 0 , 0 , 0 , 0 , 0 , 0 , 
1e+200 , 0.149467 , 0.149509 , 0.143152 , 0.136814 , 0.134624 , 0.132474 , 0.120987 , 0.109533 , 0.120859 , 0.132411 , 0.127353 , 0.12249 , 0.110071 , 0.0977132 , 0.0817055 , 0.0654001 , 0.0769352 , 0.089653 , 0.101671 , 0.114884 , 0.0956769 , 0.0737123 , 0.0841255 , 0.0880834 , 0.0687782 , 0 , 0 , 0 , 0 , 0 , 0 , 0 , 
1e+200 , 0.152937 , 0.152967 , 0.146229 , 0.139503 , 0.137109 , 0.134745 , 0.120589 , 0.106449 , 0.121056 , 0.135846 , 0.129444 , 0.123181 , 0.113085 , 0.103103 , 0.0866716 , 0.0700519 , 0.0660075 , 0.0620913 , 0.0797749 , 0.0991983 , 0.100735 , 0.101985 , 0.0918761 , 0.0785856 , 0.0907808 , 0.0708845 , 0 , 0 , 0 , 0 , 0 , 0 , 
1e+200 , 0.156415 , 0.156436 , 0.14932 , 0.142213 , 0.139624 , 0.137056 , 0.120247 , 0.103444 , 0.121356 , 0.139414 , 0.131716 , 0.124116 , 0.116342 , 0.108703 , 0.0918274 , 0.0748374 , 0.0559845 , 0.0365844 , 0.0598019 , 0.0849068 , 0.104985 , 0.12698 , 0.0966033 , 0.0626215 , 0.0814829 , 0.0934783 , 0.0729907 , 0 , 0 , 0 , 0 , 0 , 
1e+200 , 0.156005 , 0.15602 , 0.151171 , 0.14633 , 0.14621 , 0.146106 , 0.130918 , 0.11574 , 0.125334 , 0.135011 , 0.124747 , 0.114537 , 0.108875 , 0.103326 , 0.0923775 , 0.0814716 , 0.0586056 , 0.0352178 , 0.0379129 , 0.0409586 , 0.0794772 , 0.121406 , 0.107684 , 0.0922722 , 0.0847312 , 0.0743083 , 0.0914265 , 0.0713886 , 0 , 0 , 0 , 0 , 
1e+200 , 0.155599 , 0.15561 , 0.153031 , 0.150458 , 0.152808 , 0.155172 , 0.141606 , 0.12805 , 0.129357 , 0.13071 , 0.117924 , 0.105163 , 0.101653 , 0.0982358 , 0.0931628 , 0.0882135 , 0.061379 , 0.0340731 , 0.0173602 , 4.59536e-006 , 0.0561601 , 0.116421 , 0.117433 , 0.118675 , 0.0853027 , 0.0482581 , 0.0721045 , 0.0893747 , 0.0697865 , 0 , 0 , 0 , 
1e+200 , 0.146688 , 0.146695 , 0.145904 , 0.145117 , 0.149148 , 0.153189 , 0.141265 , 0.12935 , 0.131099 , 0.132881 , 0.12215 , 0.111444 , 0.105927 , 0.100472 , 0.0939162 , 0.0874415 , 0.0737222 , 0.0599424 , 0.0326975 , 0.00467557 , 0.0353638 , 0.0679342 , 0.100324 , 0.135717 , 0.110788 , 0.0831469 , 0.0712971 , 0.0568604 , 0.0980892 , 0.0765911 , 0 , 0 , 
1e+200 , 0.13778 , 0.137784 , 0.138782 , 0.139783 , 0.145498 , 0.15122 , 0.140942 , 0.130671 , 0.132869 , 0.135093 , 0.12642 , 0.117772 , 0.11027 , 0.10281 , 0.0948088 , 0.0868602 , 0.0860316 , 0.0853711 , 0.0476695 , 0.00917359 , 0.0158337 , 0.0228611 , 0.0848604 , 0.151511 , 0.133739 , 0.114541 , 0.0683386 , 0.01774 , 0.0662208 , 0.106804 , 0.0833956 , 0 , 
1e+200 , 0.137777 , 0.13778 , 0.138776 , 0.139774 , 0.145484 , 0.151199 , 0.140914 , 0.130634 , 0.132816 , 0.135016 , 0.126318 , 0.117638 , 0.110095 , 0.102581 , 0.0945153 , 0.0864886 , 0.0855269 , 0.0846904 , 0.0471587 , 0.00904328 , 0.0155405 , 0.0223208 , 0.0823679 , 0.146168 , 0.128334 , 0.109585 , 0.065524 , 0.0172159 , 0.0662861 , 0.114719 , 0.106804 , 0.0833956 , 

shifts ,
0 , 0 , 0 , 0 , 0 , 0 , 0 , 0 , 0 , 0 , 0 , 0 , 0 , 0 , 0 , 0 , 0 , 0 , 0 , 0 , 0 , 0 , 0 , 0 , 0 , 0 , 0 , 0 , 0 , 0 , 0 , 0 , 0 , 
0 , 0 , 0 , 0 , 0 , 0 , 0 , 0 , 0 , 0 , 0 , 0 , 0 , 0 , 0 , 0 , 0 , 0 , 0 , 0 , 0 , 0 , 0 , 0 , 0 , 0 , 0 , 0 , 0 , 0 , 0 , 0 , 0 , 
0 , 0 , 0 , 0 , 0 , 0 , 0 , 0 , 0 , 0 , 0 , 0 , 0 , 0 , 0 , 0 , 0 , 0 , 0 , 0 , 0 , 0 , 0 , 0 , 0 , 0 , 0 , 0 , 0 , 0 , 0 , 0 , 0 , 
0 , 0 , 0 , 0 , 0 , 0 , 0 , 0 , 0 , 0 , 0 , 0 , 0 , 0 , 0 , 0 , 0 , 0 , 0 , 0 , 0 , 0 , 0 , 0 , 0 , 0 , 0 , 0 , 0 , 0 , 0 , 0 , 0 , 
0 , 0 , 0 , 0 , 0 , 0 , 0 , 0 , 0 , 0 , 0 , 0 , 0 , 0 , 0 , 0 , 0 , 0 , 0 , 0 , 0 , 0 , 0 , 0 , 0 , 0 , 0 , 0 , 0 , 0 , 0 , 0 , 0 , 
0 , 0 , 0 , 0 , 0 , 0 , 0 , 0 , 0 , 0 , 0 , 0 , 0 , 0 , 0 , 0 , 0 , 0 , 0 , 0 , 0 , 0 , 0 , 0 , 0 , 0 , 0 , 0 , 0 , 0 , 0 , 0 , 0 , 
0 , 0 , 0 , 0 , 0 , 0 , 0 , 0 , 0 , 0 , 0 , 0 , 0 , 0 , 0 , 0 , 0 , 0 , 0 , 0 , 0 , 0 , 0 , 0 , 0 , 0 , 0 , 0 , 0 , 0 , 0 , 0 , 0 , 
0 , 0 , 0 , 0 , 0 , 0 , 0 , 0 , 0 , 0 , 0 , 0 , 0 , 0 , 0 , 0 , 0 , 0 , 0 , 0 , 0 , 0 , 0 , 0 , 0 , 0 , 0 , 0 , 0 , 0 , 0 , 0 , 0 , 
0 , 0 , 0 , 0 , 0 , 0 , 0 , 0 , 0 , 0 , 0 , 0 , 0 , 0 , 0 , 0 , 0 , 0 , 0 , 0 , 0 , 0 , 0 , 0 , 0 , 0 , 0 , 0 , 0 , 0 , 0 , 0 , 0 , 
0 , 0 , 0 , 0 , 0 , 0 , 0 , 0 , 0 , 0 , 0 , 0 , 0 , 0 , 0 , 0 , 0 , 0 , 0 , 0 , 0 , 0 , 0 , 0 , 0 , 0 , 0 , 0 , 0 , 0 , 0 , 0 , 0 , 
0 , 0 , 0 , 0 , 0 , 0 , 0 , 0 , 0 , 0 , 0 , 0 , 0 , 0 , 0 , 0 , 0 , 0 , 0 , 0 , 0 , 0 , 0 , 0 , 0 , 0 , 0 , 0 , 0 , 0 , 0 , 0 , 0 , 
0 , 0 , 0 , 0 , 0 , 0 , 0 , 0 , 0 , 0 , 0 , 0 , 0 , 0 , 0 , 0 , 0 , 0 , 0 , 0 , 0 , 0 , 0 , 0 , 0 , 0 , 0 , 0 , 0 , 0 , 0 , 0 , 0 , 
0 , 0 , 0 , 0 , 0 , 0 , 0 , 0 , 0 , 0 , 0 , 0 , 0 , 0 , 0 , 0 , 0 , 0 , 0 , 0 , 0 , 0 , 0 , 0 , 0 , 0 , 0 , 0 , 0 , 0 , 0 , 0 , 0 , 
0 , 0 , 0 , 0 , 0 , 0 , 0 , 0 , 0 , 0 , 0 , 0 , 0 , 0 , 0 , 0 , 0 , 0 , 0 , 0 , 0 , 0 , 0 , 0 , 0 , 0 , 0 , 0 , 0 , 0 , 0 , 0 , 0 , 
0 , 0 , 0 , 0 , 0 , 0 , 0 , 0 , 0 , 0 , 0 , 0 , 0 , 0 , 0 , 0 , 0 , 0 , 0 , 0 , 0 , 0 , 0 , 0 , 0 , 0 , 0 , 0 , 0 , 0 , 0 , 0 , 0 , 
0 , 0 , 0 , 0 , 0 , 0 , 0 , 0 , 0 , 0 , 0 , 0 , 0 , 0 , 0 , 0 , 0 , 0 , 0 , 0 , 0 , 0 , 0 , 0 , 0 , 0 , 0 , 0 , 0 , 0 , 0 , 0 , 0 , 
0 , 0 , 0 , 0 , 0 , 0 , 0 , 0 , 0 , 0 , 0 , 0 , 0 , 0 , 0 , 0 , 0 , 0 , 0 , 0 , 0 , 0 , 0 , 0 , 0 , 0 , 0 , 0 , 0 , 0 , 0 , 0 , 0 , 
0 , 0 , 0 , 0 , 0 , 0 , 0 , 0 , 0 , 0 , 0 , 0 , 0 , 0 , 0 , 0 , 0 , 0 , 0 , 0 , 0 , 0 , 0 , 0 , 0 , 0 , 0 , 0 , 0 , 0 , 0 , 0 , 0 , 
0 , 0 , 0 , 0 , 0 , 0 , 0 , 0 , 0 , 0 , 0 , 0 , 0 , 0 , 0 , 0 , 0 , 0 , 0 , 0 , 0 , 0 , 0 , 0 , 0 , 0 , 0 , 0 , 0 , 0 , 0 , 0 , 0 , 
0 , 0 , 0 , 0 , 0 , 0 , 0 , 0 , 0 , 0 , 0 , 0 , 0 , 0 , 0 , 0 , 0 , 0 , 0 , 0 , 0 , 0 , 0 , 0 , 0 , 0 , 0 , 0 , 0 , 0 , 0 , 0 , 0 , 
0 , 0 , 0 , 0 , 0 , 0 , 0 , 0 , 0 , 0 , 0 , 0 , 0 , 0 , 0 , 0 , 0 , 0 , 0 , 0 , 0 , 0 , 0 , 0 , 0 , 0 , 0 , 0 , 0 , 0 , 0 , 0 , 0 , 
0 , 0 , 0 , 0 , 0 , 0 , 0 , 0 , 0 , 0 , 0 , 0 , 0 , 0 , 0 , 0 , 0 , 0 , 0 , 0 , 0 , 0 , 0 , 0 , 0 , 0 , 0 , 0 , 0 , 0 , 0 , 0 , 0 , 
0 , 0 , 0 , 0 , 0 , 0 , 0 , 0 , 0 , 0 , 0 , 0 , 0 , 0 , 0 , 0 , 0 , 0 , 0 , 0 , 0 , 0 , 0 , 0 , 0 , 0 , 0 , 0 , 0 , 0 , 0 , 0 , 0 , 
0 , 0 , 0 , 0 , 0 , 0 , 0 , 0 , 0 , 0 , 0 , 0 , 0 , 0 , 0 , 0 , 0 , 0 , 0 , 0 , 0 , 0 , 0 , 0 , 0 , 0 , 0 , 0 , 0 , 0 , 0 , 0 , 0 , 
0 , 0 , 0 , 0 , 0 , 0 , 0 , 0 , 0 , 0 , 0 , 0 , 0 , 0 , 0 , 0 , 0 , 0 , 0 , 0 , 0 , 0 , 0 , 0 , 0 , 0 , 0 , 0 , 0 , 0 , 0 , 0 , 0 , 
0 , 0 , 0 , 0 , 0 , 0 , 0 , 0 , 0 , 0 , 0 , 0 , 0 , 0 , 0 , 0 , 0 , 0 , 0 , 0 , 0 , 0 , 0 , 0 , 0 , 0 , 0 , 0 , 0 , 0 , 0 , 0 , 0 , 
0 , 0 , 0 , 0 , 0 , 0 , 0 , 0 , 0 , 0 , 0 , 0 , 0 , 0 , 0 , 0 , 0 , 0 , 0 , 0 , 0 , 0 , 0 , 0 , 0 , 0 , 0 , 0 , 0 , 0 , 0 , 0 , 0 , 
0 , 0 , 0 , 0 , 0 , 0 , 0 , 0 , 0 , 0 , 0 , 0 , 0 , 0 , 0 , 0 , 0 , 0 , 0 , 0 , 0 , 0 , 0 , 0 , 0 , 0 , 0 , 0 , 0 , 0 , 0 , 0 , 0 , 
0 , 0 , 0 , 0 , 0 , 0 , 0 , 0 , 0 , 0 , 0 , 0 , 0 , 0 , 0 , 0 , 0 , 0 , 0 , 0 , 0 , 0 , 0 , 0 , 0 , 0 , 0 , 0 , 0 , 0 , 0 , 0 , 0 , 
0 , 0 , 0 , 0 , 0 , 0 , 0 , 0 , 0 , 0 , 0 , 0 , 0 , 0 , 0 , 0 , 0 , 0 , 0 , 0 , 0 , 0 , 0 , 0 , 0 , 0 , 0 , 0 , 0 , 0 , 0 , 0 , 0 , 
0 , 0 , 0 , 0 , 0 , 0 , 0 , 0 , 0 , 0 , 0 , 0 , 0 , 0 , 0 , 0 , 0 , 0 , 0 , 0 , 0 , 0 , 0 , 0 , 0 , 0 , 0 , 0 , 0 , 0 , 0 , 0 , 0 , 
0 , 0 , 0 , 0 , 0 , 0 , 0 , 0 , 0 , 0 , 0 , 0 , 0 , 0 , 0 , 0 , 0 , 0 , 0 , 0 , 0 , 0 , 0 , 0 , 0 , 0 , 0 , 0 , 0 , 0 , 0 , 0 , 0 , 
0 , 0 , 0 , 0 , 0 , 0 , 0 , 0 , 0 , 0 , 0 , 0 , 0 , 0 , 0 , 0 , 0 , 0 , 0 , 0 , 0 , 0 , 0 , 0 , 0 , 0 , 0 , 0 , 0 , 0 , 0 , 0 , 0 , 

